100 5 [30, 30, 30, 30, 30]
capacities = [100000, 50, 35, 52, 50, 54, 41, 36, 56, 57, 29, 54, 43, 37, 27, 54, 46, 36, 35, 54, 55, 58, 26, 57, 39, 46, 55, 41, 49, 36, 56, 50, 32, 51, 27, 58, 29, 47, 29, 37, 33, 51, 39, 52, 32, 26, 54, 53, 39, 54, 56, 29, 26, 26, 41, 58, 33, 32, 50, 24, 36, 31, 43, 48, 44, 39, 30, 55, 24, 47, 56, 46, 50, 37, 50, 57, 36, 27, 29, 54, 50, 32, 25, 30, 55, 46, 37, 50, 31, 38, 39, 43, 43, 24, 26, 45, 52, 29, 36, 29, 40]
initial     = [50000, 20, 13, 36, 32, 26, 8, 27, 27, 18, 17, 21, 29, 5, 18, 33, 20, 21, 21, 33, 23, 29, 9, 23, 12, 24, 23, 23, 12, 5, 47, 29, 25, 28, 9, 17, 10, 25, 16, 21, 9, 23, 17, 23, 19, 9, 36, 24, 14, 22, 9, 15, 13, 7, 18, 21, 18, 16, 28, 13, 14, 15, 38, 19, 35, 20, 17, 43, 19, 24, 31, 30, 15, 15, 27, 28, 22, 14, 18, 29, 28, 5, 14, 15, 21, 10, 29, 16, 17, 25, 9, 30, 21, 10, 8, 16, 15, 18, 28, 21, 32]
target      = [0, 17, 12, 32, 26, 22, 21, 23, 22, 20, 16, 18, 15, 18, 18, 29, 23, 12, 16, 24, 29, 32, 16, 23, 21, 30, 34, 21, 18, 12, 29, 31, 18, 25, 10, 24, 17, 21, 17, 23, 12, 26, 25, 21, 18, 17, 32, 27, 15, 26, 20, 14, 11, 9, 13, 20, 20, 16, 29, 10, 20, 11, 26, 24, 22, 23, 12, 34, 14, 19, 27, 25, 22, 14, 22, 23, 21, 17, 18, 28, 27, 13, 10, 12, 22, 23, 15, 16, 20, 22, 20, 26, 25, 9, 11, 24, 18, 15, 24, 17, 26]
weights    = [0.000000, 0.293599, 0.659364, 0.903694, 0.464777, 0.172165, 0.099012, 0.245318, 0.172165, 0.074140, 0.366752, 0.220446, 0.439905, 0.220446, 0.220446, 0.684236, 0.245318, 0.659364, 0.366752, 0.318471, 0.684236, 0.903694, 0.366752, 0.245318, 0.099012, 0.757388, 1.000000, 0.099012, 0.220446, 0.659364, 0.684236, 0.830541, 0.220446, 0.391624, 0.805669, 0.318471, 0.293599, 0.099012, 0.293599, 0.245318, 0.659364, 0.464777, 0.391624, 0.099012, 0.220446, 0.293599, 0.903694, 0.537930, 0.439905, 0.464777, 0.074140, 0.513058, 0.732516, 0.878822, 0.586211, 0.074140, 0.074140, 0.366752, 0.684236, 0.805669, 0.074140, 0.732516, 0.464777, 0.318471, 0.172165, 0.245318, 0.659364, 1.000000, 0.513058, 0.147293, 0.537930, 0.391624, 0.172165, 0.513058, 0.172165, 0.245318, 0.099012, 0.293599, 0.220446, 0.611083, 0.537930, 0.586211, 0.805669, 0.659364, 0.172165, 0.245318, 0.439905, 0.366752, 0.074140, 0.172165, 0.074140, 0.464777, 0.391624, 0.878822, 0.732516, 0.318471, 0.220446, 0.439905, 0.318471, 0.293599, 0.464777]
min_ratio  = [0.0000, 0.4000, 0.3714, 0.6923, 0.6400, 0.4815, 0.1951, 0.7500, 0.4821, 0.3158, 0.5862, 0.3889, 0.6744, 0.1351, 0.6667, 0.6111, 0.4348, 0.5833, 0.6000, 0.6111, 0.4182, 0.5000, 0.3462, 0.4035, 0.3077, 0.5217, 0.4182, 0.5610, 0.2449, 0.1389, 0.8393, 0.5800, 0.7812, 0.5490, 0.3333, 0.2931, 0.3448, 0.5319, 0.5517, 0.5676, 0.2727, 0.4510, 0.4359, 0.4423, 0.5938, 0.3462, 0.6667, 0.4528, 0.3590, 0.4074, 0.1607, 0.5172, 0.5000, 0.2692, 0.4390, 0.3621, 0.5455, 0.5000, 0.5600, 0.5417, 0.3889, 0.4839, 0.8837, 0.3958, 0.7955, 0.5128, 0.5667, 0.7818, 0.7917, 0.5106, 0.5536, 0.6522, 0.3000, 0.4054, 0.5400, 0.4912, 0.6111, 0.5185, 0.6207, 0.5370, 0.5600, 0.1562, 0.5600, 0.5000, 0.3818, 0.2174, 0.7838, 0.3200, 0.5484, 0.6579, 0.2308, 0.6977, 0.4884, 0.4167, 0.3077, 0.3556, 0.2885, 0.6207, 0.7778, 0.7241, 0.8000]
points = [(584400.000, 4511800.000), (584588.176, 4511835.580), (584414.533, 4512276.405), (584172.642, 4511599.987), (584576.237, 4511746.215), (584316.916, 4512288.774), (584050.324, 4511458.710), (584637.980, 4511771.026), (584380.441, 4512199.364), (584247.188, 4511461.994), (584697.737, 4511857.220), (584343.965, 4512313.342), (584152.159, 4511541.950), (584748.732, 4511835.038), (584284.630, 4512256.131), (584146.281, 4511580.406), (584595.992, 4511733.839), (584404.973, 4512322.317), (584229.509, 4511490.370), (584689.509, 4511775.359), (584476.874, 4512265.482), (584161.671, 4511427.680), (584642.642, 4511798.986), (584359.482, 4512152.056), (584091.133, 4511428.083), (584560.608, 4511756.045), (584460.508, 4512180.482), (584123.444, 4511605.959), (584683.687, 4511768.716), (584280.154, 4512329.891), (584107.264, 4511423.518), (584633.837, 4511756.462), (584378.070, 4512331.318), (584213.198, 4511549.064), (584697.277, 4511845.214), (584441.915, 4512199.710), (584110.786, 4511548.436), (584630.143, 4511832.848), (584341.300, 4512303.295), (584183.986, 4511575.645), (584612.207, 4511885.689), (584414.568, 4512212.332), (584102.723, 4511594.927), (584736.617, 4511754.099), (584427.391, 4512181.527), (584139.647, 4511474.537), (584655.312, 4511714.120), (584459.394, 4512157.510), (584198.405, 4511460.088), (584659.610, 4511814.194), (584281.471, 4512158.378), (584081.319, 4511576.025), (584599.751, 4511864.772), (584410.805, 4512184.188), (584214.376, 4511549.105), (584724.985, 4511898.880), (584406.536, 4512286.918), (584058.042, 4511551.164), (584676.681, 4511771.602), (584440.363, 4512215.309), (584218.045, 4511573.805), (584652.398, 4511753.559), (584464.112, 4512164.427), (584192.128, 4511592.296), (584697.296, 4511784.168), (584291.320, 4512288.050), (584146.611, 4511453.424), (584600.739, 4511818.204), (584393.409, 4512245.898), (584107.444, 4511598.480), (584717.117, 4511848.273), (584417.842, 4512301.940), (584114.105, 4511463.262), (584608.929, 4511866.695), (584325.861, 4512247.432), (584059.060, 4511545.032), (584675.808, 4511717.587), (584442.738, 4512285.330), (584060.378, 4511494.532), (584553.896, 4511889.338), (584282.038, 4512244.357), (584135.457, 4511609.298), (584577.238, 4511732.441), (584452.500, 4512191.840), (584190.143, 4511464.727), (584632.810, 4511739.703), (584333.067, 4512182.638), (584065.713, 4511618.302), (584735.011, 4511908.612), (584471.448, 4512185.838), (584120.986, 4511435.044), (584641.777, 4511875.594), (584476.335, 4512270.769), (584226.073, 4511490.280), (584555.418, 4511799.532), (584328.577, 4512189.089), (584227.969, 4511455.919), (584718.268, 4511774.753), (584358.619, 4512268.572), (584244.178, 4511577.583), (584610.464, 4511834.401)]
distances = [
{0.0000, 127.6732, 317.7513, 201.8767, 122.8408, 330.5231, 325.7485, 159.8245, 266.5617, 247.2959, 202.1237, 344.2608, 238.5276, 233.6586, 313.6633, 223.7012, 137.9053, 348.2274, 235.6438, 193.7036, 314.5248, 294.7109, 161.7624, 236.2529, 322.2981, 111.0097, 256.8424, 225.2256, 190.2714, 362.1834, 317.9329, 158.5704, 354.5139, 208.5548, 200.4637, 267.9347, 255.5422, 154.9833, 337.8046, 207.6292, 152.5698, 275.0597, 240.7661, 226.4883, 255.0061, 277.8570, 179.5789, 241.6068, 263.4649, 173.3321, 251.6467, 259.6773, 139.9933, 256.2268, 208.0643, 226.4630, 324.6409, 281.9414, 185.4228, 278.1774, 193.5308, 171.0901, 246.6823, 195.9045, 198.4784, 333.3357, 286.2176, 134.3754, 297.2976, 236.8305, 213.8467, 334.8379, 294.4889, 146.2104, 302.3554, 283.8219, 191.9053, 324.8053, 304.5244, 118.6314, 306.4989, 217.4092, 126.4518, 263.5610, 263.6899, 160.3280, 258.9657, 253.6504, 234.7849, 261.5981, 306.2617, 168.8794, 317.9450, 236.8093, 103.6127, 263.7266, 256.4597, 212.8451, 313.5968, 181.0461, 142.1714}
{127.6732, 0.0000, 315.8616, 318.4492, 60.1055, 352.1152, 437.8306, 54.3551, 279.2791, 337.2031, 74.4520, 357.7061, 350.4464, 107.0382, 345.7702, 340.1860, 68.0268, 346.7160, 331.8712, 78.5845, 296.0513, 393.4396, 43.7448, 260.3055, 428.4884, 56.1178, 245.1821, 345.5757, 77.7266, 388.2847, 422.2010, 60.8990, 358.9500, 314.6071, 73.0171, 261.6050, 371.3952, 28.0371, 352.5812, 320.3716, 37.0492, 276.5521, 361.2191, 112.8894, 254.3239, 383.8577, 92.5192, 231.1557, 360.8111, 49.7115, 296.8474, 379.6330, 20.9355, 260.7582, 313.9663, 100.4958, 324.3447, 401.0730, 72.8048, 271.6559, 302.2308, 69.4481, 234.3146, 309.8678, 80.4168, 360.7722, 389.3143, 14.2948, 302.7982, 357.3479, 86.3764, 330.9955, 401.8642, 24.9339, 325.5298, 402.4265, 97.9836, 315.1207, 418.9321, 42.5053, 340.4701, 337.4133, 69.1446, 254.1473, 362.6823, 70.5047, 287.1550, 377.2275, 109.3299, 246.1313, 410.2544, 44.5932, 299.5538, 333.5666, 32.4721, 292.3927, 348.8971, 95.7399, 326.7199, 286.6640, 14.8797}
{317.7513, 315.8616, 0.0000, 478.9121, 369.5341, 65.5980, 596.7592, 368.3818, 56.1651, 554.2843, 337.2576, 53.0999, 519.9418, 369.0793, 87.6504, 497.2700, 381.4042, 31.2645, 538.3453, 381.0276, 42.1939, 590.3947, 352.7434, 90.6604, 605.2504, 360.3166, 70.9144, 487.2737, 383.0826, 96.4210, 604.3658, 376.2005, 43.9444, 503.1286, 343.7505, 54.2908, 525.8648, 328.7897, 52.0088, 491.8071, 291.9167, 42.7154, 499.6169, 409.0871, 63.8303, 565.1178, 407.7793, 84.7180, 562.9627, 348.7772, 118.5767, 517.0707, 300.9231, 61.5283, 502.8929, 325.8532, 8.8053, 538.7479, 379.2083, 44.2215, 486.3721, 382.9406, 81.6421, 479.5692, 378.4486, 82.5077, 576.9964, 329.7283, 24.7382, 496.1572, 349.5105, 17.1653, 577.9115, 302.3263, 62.1900, 542.1223, 411.2544, 19.7222, 572.2283, 274.2612, 90.8773, 482.0861, 378.5178, 61.7983, 561.4158, 386.2610, 82.8090, 496.5547, 325.2203, 71.3108, 594.0663, 307.1661, 41.3724, 538.9329, 331.4997, 81.6838, 560.9528, 390.9589, 37.6398, 479.5246, 322.3225}
{201.8767, 318.4492, 478.9121, 0.0000, 286.1792, 469.1561, 124.5808, 330.5172, 422.9172, 104.5612, 389.8113, 489.0929, 41.0301, 414.7981, 443.7545, 21.8919, 296.0046, 505.8498, 82.3266, 363.8721, 487.8254, 115.1038, 340.2616, 388.5522, 126.8327, 278.7848, 431.9678, 33.0391, 358.7863, 491.8532, 125.4601, 324.6780, 506.4236, 43.3998, 386.0791, 438.2672, 53.6807, 342.2352, 482.1655, 17.9038, 349.5033, 438.9354, 46.7346, 389.7685, 423.2604, 86.4780, 330.6537, 417.9625, 94.8346, 354.6661, 379.2646, 62.9429, 335.0178, 420.5883, 43.8723, 418.6857, 483.7722, 83.0442, 354.9693, 447.3607, 34.9412, 335.8245, 423.5023, 13.9665, 370.6962, 465.4815, 99.2381, 320.3374, 455.0645, 43.4767, 398.9426, 495.6973, 99.1526, 340.9002, 443.5521, 84.1184, 344.4845, 491.0969, 102.6840, 319.0810, 435.7269, 25.5548, 283.8172, 436.4557, 90.9251, 320.6076, 402.8888, 72.3237, 427.6595, 438.4345, 115.2283, 362.7347, 490.8847, 81.3510, 287.7778, 406.2602, 102.8842, 381.9546, 462.6459, 49.9753, 331.0847}
{122.8408, 60.1055, 369.5341, 286.1792, 0.0000, 400.8971, 399.5796, 44.3609, 329.0928, 289.8693, 109.7155, 408.5654, 313.8053, 129.3474, 391.6054, 307.2132, 15.5413, 400.6800, 287.2685, 77.9739, 352.4587, 348.5394, 56.5464, 306.7310, 386.7437, 12.3084, 299.6154, 316.0118, 73.1875, 436.3192, 379.5138, 39.0030, 411.8338, 275.4116, 104.2465, 315.3132, 337.1522, 68.0229, 403.0623, 285.1549, 96.0249, 328.9053, 331.3969, 107.0494, 306.7040, 342.8120, 56.8933, 285.0465, 315.9649, 71.7163, 337.8130, 348.9086, 80.5771, 312.1168, 274.7081, 142.0994, 377.8049, 369.1256, 69.0684, 325.5837, 265.0172, 51.0098, 288.6544, 275.8668, 84.5797, 408.1186, 346.6060, 50.6961, 354.7197, 327.6804, 115.9751, 385.2380, 361.2499, 83.2240, 373.5158, 369.9527, 69.0703, 370.2650, 382.6545, 96.5706, 385.6876, 307.7033, 9.2071, 308.3232, 318.5411, 37.9648, 333.0645, 350.8694, 151.4109, 301.2926, 367.6233, 96.6882, 355.9880, 289.1501, 38.1580, 338.2782, 302.2597, 96.5798, 377.2494, 248.2828, 63.0636}
{330.5231, 352.1152, 65.5980, 469.1561, 400.8971, 0.0000, 581.2158, 406.1439, 73.1192, 553.1430, 383.7030, 24.3607, 509.8538, 417.5805, 30.6084, 485.7531, 414.1044, 62.8198, 535.4492, 422.9105, 107.7629, 583.3171, 392.1387, 95.4607, 593.2082, 390.5470, 119.8990, 473.1297, 424.2540, 36.7702, 593.5283, 413.0075, 49.6647, 497.9637, 389.5404, 102.3215, 512.3318, 368.7692, 18.9205, 483.6081, 333.1159, 82.6748, 484.1037, 453.1500, 102.6460, 555.5402, 444.5910, 129.1508, 558.0781, 390.2507, 90.0850, 500.4519, 339.7863, 93.6974, 497.8279, 376.2604, 59.7596, 521.1458, 419.9981, 95.7687, 481.1819, 421.1108, 128.4585, 471.7125, 421.2760, 17.0709, 568.3555, 366.3584, 58.4595, 480.9178, 396.7654, 67.8538, 566.7065, 342.1642, 28.1985, 524.7818, 449.7198, 83.9125, 556.4297, 309.6292, 37.6493, 468.8590, 409.4839, 111.1137, 555.8273, 422.3045, 71.5712, 477.3234, 376.7264, 123.7841, 583.9492, 350.3978, 106.9547, 535.7627, 362.8533, 66.9096, 558.3935, 434.7668, 30.8923, 476.6005, 360.6318}
{325.7485, 437.8306, 596.7592, 124.5808, 399.5796, 581.2158, 0.0000, 443.6618, 540.5943, 131.2615, 506.8219, 602.4471, 87.6848, 528.8971, 554.0873, 103.3174, 407.4038, 622.3946, 121.3069, 475.5458, 608.3953, 77.0599, 455.4012, 506.0991, 34.0156, 393.7277, 553.4561, 109.6032, 470.1079, 600.6583, 44.6250, 436.7272, 621.4185, 124.1715, 502.4092, 558.7385, 72.1308, 460.0332, 595.5357, 118.3954, 470.4720, 558.0202, 97.2983, 498.1090, 543.5047, 60.4762, 437.7948, 539.8187, 98.7249, 470.2713, 491.2404, 80.8932, 455.4637, 540.0679, 124.8725, 537.0359, 601.0416, 61.8500, 466.7736, 567.4790, 135.6092, 446.9301, 545.3873, 129.8779, 482.8143, 575.7634, 64.2880, 438.2759, 572.4688, 100.6604, 514.8343, 613.2266, 42.6290, 461.1534, 556.9774, 57.8419, 451.2936, 610.0232, 24.8039, 441.7264, 546.0698, 115.3243, 395.8493, 557.4645, 93.2992, 431.1472, 518.1229, 106.8881, 546.1819, 560.1824, 49.6803, 482.4055, 611.3462, 119.0414, 406.2183, 521.0578, 118.4448, 492.6267, 577.7048, 151.5993, 449.6423}
{159.8245, 54.3551, 368.3818, 330.5172, 44.3609, 406.1439, 443.6618, 0.0000, 333.1996, 332.1435, 69.9217, 411.2587, 358.0795, 85.2805, 400.1013, 351.5702, 37.3916, 399.0066, 330.3979, 34.4739, 346.6935, 391.4397, 18.8973, 314.6385, 430.3236, 52.5388, 297.5087, 360.2429, 30.5108, 442.4021, 422.9110, 10.0945, 411.7608, 319.5182, 63.3160, 314.2623, 381.5055, 41.5442, 406.2452, 329.5006, 78.3490, 329.7569, 375.6540, 66.7198, 307.5774, 386.5756, 39.6578, 283.8332, 358.9545, 32.1894, 350.9602, 393.2185, 67.4937, 314.3326, 318.8092, 103.0999, 376.9527, 413.4768, 25.8037, 324.1670, 309.2940, 15.0994, 286.7397, 320.2276, 40.5036, 414.9891, 390.0510, 40.0696, 356.1011, 371.9261, 73.7256, 383.1623, 405.0587, 66.6547, 379.6963, 414.3111, 43.6489, 366.7440, 426.9129, 96.7649, 394.8204, 351.9373, 47.9736, 306.5848, 361.7098, 21.1645, 341.4977, 394.8632, 112.2396, 297.9946, 411.0506, 69.7578, 350.1567, 332.3220, 58.2291, 346.7349, 344.7388, 53.5832, 380.4055, 292.4986, 46.0605}
{266.5617, 279.2791, 56.1651, 422.9172, 329.0928, 73.1192, 540.5943, 333.1996, 0.0000, 499.5421, 311.0837, 79.7816, 463.9467, 345.3639, 74.2434, 441.1801, 342.0043, 83.5848, 483.2541, 349.7958, 77.9487, 534.7297, 319.0622, 34.4953, 549.1702, 319.0208, 54.8421, 431.1102, 351.1353, 109.7366, 548.3559, 340.1775, 87.9839, 447.6408, 316.7943, 40.9832, 469.7140, 295.6613, 74.0382, 435.9509, 260.0065, 24.3385, 443.4567, 380.1302, 33.4829, 509.1850, 371.7916, 59.5736, 507.5721, 317.1341, 71.4138, 460.9293, 266.7074, 22.6303, 447.4190, 304.7775, 60.9066, 482.6336, 346.8832, 41.3387, 430.8630, 348.1394, 60.4480, 423.7365, 348.1920, 83.8189, 521.1538, 293.4959, 32.2046, 439.9945, 324.2877, 72.7879, 521.8686, 269.0523, 48.4860, 485.9974, 376.7410, 70.7769, 516.0655, 236.8335, 72.1344, 425.9342, 337.8009, 48.3007, 505.9224, 349.5893, 33.4933, 440.5481, 305.6919, 61.3376, 538.1042, 277.3875, 79.7060, 483.7946, 290.9622, 35.2478, 505.9456, 361.7374, 48.3777, 424.3578, 287.6018}
{247.2959, 337.2031, 554.2843, 104.5612, 289.8693, 553.1430, 131.2615, 332.1435, 499.5421, 0.0000, 399.5539, 571.2205, 82.7945, 416.7110, 530.0125, 103.7170, 294.8173, 583.1152, 22.2888, 361.3828, 557.1150, 61.4300, 346.3760, 466.0924, 106.4652, 286.5100, 499.6579, 126.5590, 355.6588, 579.0154, 96.7456, 324.0085, 586.0810, 62.3130, 394.0881, 508.6556, 107.6579, 355.3941, 564.3659, 86.6952, 372.8305, 512.5202, 130.8800, 379.9800, 494.5036, 72.1805, 319.8139, 484.7788, 32.5474, 361.5624, 464.8179, 134.1901, 356.8566, 493.6642, 62.0574, 431.6164, 560.1153, 139.4076, 352.9690, 518.4594, 77.0309, 332.8031, 490.1100, 94.3048, 369.0188, 551.4890, 67.2949, 334.5867, 531.6160, 130.2252, 405.5417, 571.4043, 88.7264, 361.8707, 526.2457, 137.0930, 332.6946, 564.1597, 126.4155, 350.6769, 522.0927, 123.2562, 284.4679, 505.4494, 38.0739, 316.8081, 483.8289, 159.6739, 440.9274, 505.1917, 86.0317, 381.0890, 560.4065, 23.5324, 304.7312, 487.7572, 13.4378, 376.9668, 542.8256, 77.0853, 346.8310}
{202.1237, 74.4520, 337.2576, 389.8113, 109.7155, 383.7030, 506.8219, 69.9217, 311.0837, 399.5539, 0.0000, 384.8243, 420.0794, 37.0736, 382.8474, 411.3554, 106.6142, 366.3795, 396.5499, 54.8492, 309.4501, 457.9526, 53.4444, 299.1427, 495.3684, 113.6088, 267.3129, 417.9017, 59.7414, 420.4725, 488.4241, 79.5414, 381.2008, 382.8190, 8.0096, 284.9912, 442.1458, 47.9028, 380.6604, 390.5692, 60.0957, 302.7942, 433.5075, 73.4715, 281.4740, 451.1276, 99.5041, 255.5881, 425.3348, 38.3253, 342.5222, 451.6844, 65.5178, 290.0101, 382.1414, 33.1864, 346.0494, 472.7602, 58.7791, 293.9910, 371.4408, 75.4280, 257.2996, 380.5406, 48.7019, 394.8495, 455.4810, 69.7003, 329.0973, 429.6730, 14.2303, 350.3123, 469.4343, 59.5416, 359.3559, 473.9288, 94.2296, 332.1998, 488.8851, 98.2556, 378.7003, 409.6741, 115.6426, 276.5757, 427.7602, 89.5065, 325.8369, 450.4495, 42.3240, 265.9964, 476.5029, 39.2662, 312.7240, 398.3922, 102.3773, 330.9354, 411.8922, 56.6560, 355.4097, 355.2229, 60.1378}
{344.2608, 357.7061, 53.0999, 489.0929, 408.5654, 24.3607, 602.4471, 411.2587, 79.7816, 571.2205, 384.8243, 0.0000, 529.9201, 417.7242, 54.9497, 506.0849, 421.2896, 41.1099, 553.9286, 426.2636, 94.1754, 602.8184, 396.5235, 108.0208, 613.7706, 398.6167, 117.8206, 493.9723, 427.9296, 43.9479, 613.8453, 418.5376, 25.7014, 516.9229, 390.9945, 100.0137, 533.1054, 372.8403, 6.9293, 503.2296, 336.5451, 82.1588, 505.2251, 455.5478, 103.9979, 575.5540, 450.1867, 129.2840, 577.0540, 393.7177, 111.3941, 521.8003, 344.2491, 96.9496, 516.7638, 375.3247, 45.2814, 542.6960, 423.8351, 91.6589, 500.1205, 426.0868, 127.5597, 491.2398, 424.1947, 38.9370, 588.1829, 371.8393, 55.7509, 501.9830, 397.5097, 49.8342, 587.0724, 346.2173, 45.5671, 546.2887, 454.6275, 68.4454, 577.6856, 315.4188, 61.8022, 489.5139, 417.3260, 108.6125, 574.9622, 428.1709, 87.4381, 499.1123, 375.1879, 120.2017, 604.1069, 352.9653, 92.6983, 554.3079, 370.4131, 83.4682, 576.8221, 437.2542, 31.4051, 494.9967, 365.3952}
{238.5276, 350.4464, 519.9418, 41.0301, 313.8053, 509.8538, 87.6848, 358.0795, 463.9467, 82.7945, 420.0794, 529.9201, 0.0000, 443.1202, 484.2414, 25.9348, 322.3587, 546.8649, 61.9802, 390.5687, 528.7040, 76.4435, 369.1674, 429.5792, 86.1265, 307.4390, 472.7235, 46.7699, 385.2531, 532.1794, 84.4374, 351.5229, 547.3724, 40.9678, 415.8644, 479.1689, 27.9192, 373.0292, 522.9916, 30.8996, 382.8549, 479.9398, 48.3068, 414.5135, 464.1892, 45.7101, 354.5293, 458.6486, 62.6814, 383.9116, 419.8963, 52.4061, 367.9081, 461.5756, 41.7515, 449.9521, 524.8000, 63.0446, 381.7288, 488.2958, 48.7882, 362.1034, 464.1798, 42.8546, 397.6845, 505.9774, 59.1335, 351.2138, 496.0927, 48.0509, 428.4394, 536.7271, 58.2713, 373.6290, 484.3677, 62.1000, 368.2130, 532.1023, 68.8714, 354.0686, 476.2090, 46.2582, 310.5400, 477.2892, 57.3729, 346.4946, 443.8261, 76.8909, 459.0603, 479.1363, 74.2390, 394.9928, 531.7752, 60.1221, 319.0027, 447.1696, 76.4445, 408.0719, 503.5889, 65.7848, 362.4429}
{233.6586, 107.0382, 369.0793, 414.7981, 129.3474, 417.5805, 528.8971, 85.2805, 345.3639, 416.7110, 37.0736, 417.7242, 443.1202, 0.0000, 417.7769, 436.0353, 122.1488, 397.5542, 415.4726, 56.0520, 339.4038, 476.3666, 74.6993, 334.6741, 515.5578, 136.0237, 299.9295, 443.9530, 61.9300, 454.3344, 508.0816, 92.7964, 412.9484, 404.7377, 34.9679, 317.7159, 466.2457, 79.0732, 413.7981, 414.3124, 97.0785, 336.0004, 459.4594, 54.5609, 315.0411, 471.8505, 101.8683, 288.8327, 443.9461, 61.0179, 378.8175, 477.2741, 101.2795, 323.9343, 404.0317, 45.4102, 377.8845, 497.8342, 63.9984, 326.3924, 394.3331, 84.1138, 290.2149, 404.8220, 48.2281, 429.1825, 475.2449, 99.2981, 362.1296, 455.6854, 22.8489, 381.5089, 490.3374, 95.5618, 393.7786, 498.7767, 92.1658, 362.9476, 511.9793, 134.8409, 413.8414, 435.6680, 133.2272, 309.1643, 446.7921, 100.0593, 361.2346, 477.7211, 49.8945, 298.1029, 496.2348, 76.2573, 342.5792, 417.4158, 131.0316, 366.2919, 429.4314, 45.0303, 388.8096, 377.6289, 92.1797}
{313.6633, 345.7702, 87.6504, 443.7545, 391.6054, 30.6084, 554.0873, 400.1013, 74.2434, 530.0125, 382.8474, 54.9497, 484.2414, 417.7769, 0.0000, 459.8282, 405.3722, 91.5623, 511.8279, 419.0299, 128.3142, 558.3503, 387.0995, 85.4649, 566.9034, 380.7886, 127.6378, 446.5689, 419.9576, 49.2642, 567.5296, 406.4012, 79.9560, 473.7772, 388.2323, 111.3986, 485.8226, 364.2634, 49.1531, 458.5920, 329.6692, 91.4138, 457.1800, 450.3473, 107.3860, 529.9515, 437.7621, 133.7799, 533.7994, 386.3899, 65.2027, 473.2299, 334.9715, 96.8295, 473.6714, 378.0302, 83.8226, 493.6578, 415.5166, 107.3299, 457.0448, 415.1741, 134.3681, 446.8326, 417.9538, 21.7416, 542.9907, 360.0650, 72.8393, 454.0680, 396.3125, 93.9122, 540.6660, 337.8561, 28.0926, 497.3453, 443.7467, 107.1878, 529.2853, 303.3451, 8.0369, 442.5408, 399.9281, 119.8401, 531.3494, 415.2253, 58.6789, 449.5675, 379.2464, 133.0696, 558.1567, 347.9223, 128.1753, 512.0571, 353.9045, 53.4414, 534.8098, 431.9291, 50.0187, 453.1684, 355.2924}
{223.7012, 340.1860, 497.2700, 21.8919, 307.2132, 485.7531, 103.3174, 351.5702, 441.1801, 103.7170, 411.3554, 506.0849, 25.9348, 436.0353, 459.8282, 0.0000, 316.7769, 523.8128, 81.7403, 384.7671, 507.1144, 102.3326, 361.5714, 406.7422, 107.9990, 300.0121, 451.5801, 22.8473, 379.6293, 507.5652, 107.7776, 345.5795, 523.9150, 49.2621, 407.5510, 457.4992, 31.8465, 363.8370, 499.1556, 25.3362, 371.3549, 457.6795, 30.6099, 410.2392, 442.4025, 70.7179, 350.8668, 437.7158, 87.4156, 376.0403, 395.7147, 43.4064, 356.8373, 439.4573, 49.9632, 440.3655, 501.9480, 61.9719, 375.8724, 466.4699, 48.0448, 356.6118, 443.2692, 31.5760, 391.6559, 481.5696, 84.6550, 341.9424, 473.2635, 28.5576, 420.3737, 513.9635, 80.9882, 362.7084, 460.5183, 62.7472, 364.6722, 509.8167, 80.9765, 340.9717, 451.7922, 20.5684, 304.6594, 455.8859, 82.4769, 341.2960, 420.3559, 59.3568, 449.3562, 458.1514, 98.3641, 384.5068, 510.1357, 80.2478, 309.4150, 423.5967, 99.2635, 402.7351, 480.1202, 65.2921, 352.7541}
{137.9053, 68.0268, 381.4042, 296.0046, 15.5413, 414.1044, 407.4038, 37.3916, 342.0043, 294.8173, 106.6142, 421.2896, 322.3587, 122.1488, 405.3722, 316.7769, 0.0000, 412.4695, 293.3238, 68.2126, 363.2162, 354.2556, 53.4177, 320.3067, 393.4858, 27.8497, 311.1600, 326.3637, 62.9173, 449.7069, 385.9503, 29.3940, 423.9873, 283.3713, 100.3615, 327.1262, 346.2815, 69.8217, 415.8783, 294.2219, 101.8086, 341.1553, 341.6375, 94.7180, 318.9224, 349.9136, 41.6740, 296.7650, 321.8113, 68.3265, 352.2350, 358.8836, 87.3242, 324.6253, 282.6519, 139.6465, 389.7516, 378.7468, 59.3921, 337.3318, 273.6219, 39.8359, 300.2209, 285.2996, 75.4117, 421.6234, 353.1299, 56.3319, 367.1173, 337.9689, 111.0881, 396.9192, 368.4365, 88.9891, 386.8671, 379.4406, 54.3027, 381.5925, 391.0958, 107.3974, 399.5532, 318.0517, 12.5373, 319.9686, 324.6433, 24.8548, 346.7632, 361.8130, 148.8797, 312.5623, 374.1118, 99.3102, 366.7341, 295.2673, 51.4750, 351.9868, 307.4487, 85.9593, 390.0340, 256.6356, 67.7321}
{348.2274, 346.7160, 31.2645, 505.8498, 400.6800, 62.8198, 622.3946, 399.0066, 83.5848, 583.1152, 366.3795, 41.1099, 546.8649, 397.5542, 91.5623, 523.8128, 412.4695, 0.0000, 566.8330, 411.0282, 61.1008, 618.0872, 383.1808, 117.4896, 631.8055, 391.5139, 101.5464, 513.1287, 413.2022, 83.3656, 631.2143, 406.9240, 18.9130, 531.1199, 373.0170, 85.3675, 551.9413, 359.1855, 44.3024, 519.1254, 322.2080, 73.6019, 525.1253, 438.6141, 95.0426, 592.2201, 438.4686, 115.7066, 591.0859, 378.9046, 136.8358, 542.3018, 331.5195, 92.1682, 530.9045, 353.8402, 23.6230, 563.7334, 409.3963, 75.1391, 514.3339, 413.4972, 112.4016, 506.9451, 408.2795, 79.1379, 604.3279, 360.5275, 51.5266, 521.7343, 378.3895, 16.0672, 604.6415, 332.7929, 72.6223, 567.1873, 441.7393, 35.2405, 597.7643, 305.2498, 97.0474, 508.1715, 409.6771, 92.5759, 589.3926, 417.0528, 104.7342, 520.9969, 352.8156, 101.2050, 621.0753, 337.0710, 58.6884, 567.3686, 362.6682, 102.3854, 589.5294, 420.5711, 47.3161, 507.9303, 352.9486}
{235.6438, 331.8712, 538.3453, 82.3266, 287.2685, 535.4492, 121.3069, 330.3979, 483.2541, 22.2888, 396.5499, 553.9286, 61.9802, 415.4726, 511.8279, 81.7403, 293.3238, 566.8330, 0.0000, 360.7513, 542.4177, 61.5791, 343.7846, 449.5532, 101.1656, 283.0078, 485.1646, 104.5850, 355.1243, 560.6983, 92.8870, 322.6876, 569.3132, 40.6120, 391.4199, 493.6396, 88.1081, 351.3772, 547.0506, 64.4434, 366.8091, 496.8685, 109.5583, 381.0582, 479.2845, 60.8307, 320.6745, 470.4244, 28.9404, 358.9178, 446.6836, 114.1090, 351.0339, 478.0758, 40.4355, 428.1106, 543.9880, 121.2831, 352.1708, 503.3207, 56.1456, 332.0671, 475.8110, 72.3759, 368.2649, 533.3805, 60.5056, 330.1765, 515.4006, 108.7044, 403.2404, 555.4237, 79.0298, 356.2643, 508.7794, 119.3326, 333.8736, 548.7066, 112.7881, 342.8004, 503.8765, 101.0818, 282.4608, 490.7071, 31.3206, 316.1007, 466.6475, 138.5569, 437.3957, 490.8993, 81.2077, 376.1575, 545.6679, 2.2913, 299.4797, 470.4714, 22.9900, 376.9818, 525.8927, 58.9586, 342.2050}
{193.7036, 78.5845, 381.0276, 363.8721, 77.9739, 422.9105, 475.5458, 34.4739, 349.7958, 361.3828, 54.8492, 426.2636, 390.5687, 56.0520, 419.0299, 384.7671, 68.2126, 411.0282, 360.7513, 0.0000, 356.1739, 421.3697, 34.9907, 333.8782, 461.2322, 86.8927, 310.2449, 393.9120, 5.8882, 459.5057, 453.5297, 39.1942, 424.8323, 351.5561, 46.8576, 327.5345, 414.4146, 55.0931, 421.6192, 362.3619, 89.8104, 344.1826, 409.2667, 34.4558, 322.2687, 417.8473, 46.7597, 297.3907, 389.0608, 32.6741, 373.0941, 426.6817, 84.4620, 329.8602, 350.8346, 85.6768, 389.7383, 446.7230, 8.9110, 337.0657, 341.8264, 28.6929, 299.7614, 353.3329, 7.8390, 432.7720, 420.7824, 65.7121, 370.6345, 405.5643, 51.9775, 395.0194, 436.3962, 81.2005, 397.2646, 447.4696, 39.5825, 377.6927, 459.3083, 118.1000, 414.1886, 385.6014, 80.1292, 319.4648, 392.0645, 44.6517, 360.8187, 428.8420, 93.8719, 309.8702, 441.7297, 74.0133, 359.5518, 362.7318, 90.8345, 366.0263, 374.2015, 19.1770, 395.9500, 324.8483, 65.7743}
{314.5248, 296.0513, 42.1939, 487.8254, 352.4587, 107.7629, 608.3953, 346.6935, 77.9487, 557.1150, 309.4501, 94.1754, 528.7040, 339.4038, 128.3142, 507.1144, 363.2162, 61.1008, 542.4177, 356.1739, 0.0000, 596.7559, 330.0488, 108.8248, 614.6483, 344.1820, 57.7074, 498.8354, 358.7313, 137.9969, 613.0125, 355.1143, 79.1530, 508.9336, 316.3700, 49.6569, 536.7288, 305.9876, 93.8320, 499.6259, 268.7899, 54.5975, 511.9172, 382.3783, 64.9683, 573.2236, 386.3446, 72.9185, 568.1178, 324.5877, 148.5539, 529.9121, 279.4182, 69.8372, 508.6368, 295.1128, 49.0208, 552.0350, 355.1776, 41.3674, 492.3459, 360.7854, 67.9052, 487.2873, 352.9237, 124.6140, 584.4323, 309.4086, 57.1548, 508.3179, 320.9571, 46.2551, 586.9538, 280.0555, 101.3917, 555.2242, 388.5953, 26.3244, 584.1739, 255.9660, 130.6521, 493.1275, 361.6050, 51.7139, 567.0286, 365.6105, 110.6418, 511.1620, 293.6297, 53.2193, 602.3227, 282.2181, 3.5427, 543.1754, 315.0160, 111.2113, 564.6416, 364.5917, 78.8633, 484.1270, 300.8706}
{294.7109, 393.4396, 590.3947, 115.1038, 348.5394, 583.3171, 77.0599, 391.4397, 534.7297, 61.4300, 457.9526, 602.8184, 76.4435, 476.3666, 558.3503, 102.3326, 354.2556, 618.0872, 61.5791, 421.3697, 596.7559, 0.0000, 405.0793, 500.5991, 47.0262, 344.4638, 539.9647, 121.5542, 415.6957, 606.6384, 36.3774, 383.5728, 619.4586, 87.9116, 452.7488, 547.5468, 87.3595, 412.9172, 595.9002, 99.7586, 428.3066, 549.6000, 118.2207, 440.7632, 532.8716, 34.5161, 380.4845, 525.4798, 32.6573, 420.2310, 493.6353, 112.4721, 412.5600, 530.9832, 88.2469, 489.6038, 595.6314, 107.4699, 412.8587, 556.9874, 104.4145, 392.7173, 530.9388, 111.6061, 428.9411, 580.0551, 19.8833, 391.7424, 566.9340, 119.4672, 464.4799, 607.3451, 39.6012, 417.8107, 557.3556, 103.9239, 393.4934, 601.6870, 80.9099, 403.8526, 550.3330, 122.3329, 343.5600, 545.0878, 31.1493, 376.7290, 516.1129, 142.2744, 498.8939, 546.0013, 27.5636, 437.7358, 599.9302, 59.8753, 361.0544, 519.6582, 48.0411, 437.2946, 575.7649, 114.0725, 403.7807}
{161.7624, 43.7448, 352.7434, 340.2616, 56.5464, 392.1387, 455.4012, 18.8973, 319.0622, 346.3760, 53.4444, 396.5235, 369.1674, 74.6993, 387.0995, 361.5714, 53.4177, 383.1808, 343.7846, 34.9907, 330.0488, 405.0793, 0.0000, 301.7263, 443.0857, 61.7284, 281.8291, 369.2786, 34.0002, 428.5673, 435.9437, 28.9507, 396.3029, 331.2488, 47.7124, 298.7912, 391.9443, 24.0631, 391.6542, 340.0956, 61.2595, 314.7294, 384.7958, 69.4304, 292.6283, 399.0384, 57.2042, 268.4270, 372.4981, 15.1910, 339.6772, 402.6551, 52.3549, 299.7250, 330.5560, 86.3050, 361.3695, 423.3057, 29.1245, 308.5748, 320.4086, 30.9751, 271.1457, 330.4429, 37.7519, 401.4472, 403.0219, 30.7325, 341.1400, 381.0158, 59.5382, 367.2707, 417.4321, 50.4249, 366.0321, 424.2954, 58.5979, 350.5498, 438.0378, 84.4308, 382.0359, 360.9971, 62.2034, 290.9662, 375.0460, 40.0618, 328.6509, 403.0400, 95.5682, 282.0258, 424.0429, 51.0751, 333.4912, 345.6580, 58.1499, 333.8774, 358.7931, 52.9426, 365.8653, 303.8950, 31.9001}
{236.2529, 260.3055, 90.6604, 388.5522, 306.7310, 95.4607, 506.0991, 314.6385, 34.4953, 466.0924, 299.1427, 108.0208, 429.5792, 334.6741, 85.4649, 406.7422, 320.3067, 117.4896, 449.5532, 333.8782, 108.8248, 500.5991, 301.7263, 0.0000, 514.7372, 296.1052, 69.9657, 396.6162, 334.7025, 129.8178, 513.9739, 320.9463, 120.1493, 413.6547, 304.2343, 63.4772, 435.2297, 279.0067, 101.5525, 401.6898, 244.7865, 54.4372, 408.9649, 365.5135, 49.3522, 474.8611, 352.3269, 66.7067, 473.6456, 301.2768, 52.1780, 426.4513, 249.6763, 40.3679, 413.4433, 296.4154, 95.2234, 448.1752, 330.2251, 68.4520, 396.8647, 329.7129, 70.2388, 389.4946, 332.9726, 101.4132, 486.8952, 274.6004, 66.5243, 405.5009, 312.8268, 107.2300, 487.4635, 252.6783, 67.4195, 451.5311, 358.2830, 104.7612, 481.5718, 217.8859, 80.3252, 391.4493, 315.1677, 67.4458, 471.9210, 329.8099, 26.9411, 406.1707, 298.3560, 77.9670, 503.7573, 263.4146, 111.0502, 450.0590, 268.8774, 32.1566, 472.2999, 347.1049, 77.6795, 390.6200, 269.8938}
{322.2981, 428.4884, 605.2504, 126.8327, 386.7437, 593.2082, 34.0156, 430.3236, 549.1702, 106.4652, 495.3684, 613.7706, 86.1265, 515.5578, 566.9034, 107.9990, 393.4858, 631.8055, 101.1656, 461.2322, 614.6483, 47.0262, 443.0857, 514.7372, 0.0000, 381.7890, 558.7854, 120.5247, 455.6567, 614.2699, 11.1764, 422.8794, 631.8110, 114.5741, 490.5367, 565.0788, 81.2982, 449.3778, 606.8425, 116.2301, 462.3234, 565.5506, 111.4972, 482.0957, 550.0496, 44.7787, 421.6977, 544.7445, 74.6297, 458.1356, 503.1274, 98.8443, 446.9100, 547.2701, 115.1528, 526.3789, 609.9457, 84.9673, 452.5837, 574.1416, 128.8263, 432.5397, 550.2789, 128.5230, 468.6772, 588.6395, 40.6610, 427.8593, 581.2596, 114.1168, 502.6224, 621.9554, 28.0102, 452.3973, 568.2060, 80.8447, 434.9499, 617.7011, 48.8139, 435.5868, 558.8671, 124.3711, 382.3509, 563.2883, 70.3826, 416.6116, 528.2615, 127.9399, 535.6147, 565.2262, 20.4364, 473.0398, 617.7017, 99.0563, 396.3923, 531.4590, 93.0927, 477.7162, 588.0173, 142.6310, 439.5956}
{111.0097, 56.1178, 360.3166, 278.7848, 12.3084, 390.5470, 393.7277, 52.5388, 319.0208, 286.5100, 113.6088, 398.6167, 307.4390, 136.0237, 380.7886, 300.0121, 27.8497, 391.5139, 283.0078, 86.8927, 344.1820, 344.4638, 61.7284, 296.1052, 381.7890, 0.0000, 290.7212, 308.1400, 82.4863, 425.8086, 374.8157, 48.8198, 402.3597, 269.5966, 108.7902, 306.1789, 330.2805, 69.0689, 393.0389, 278.3991, 93.0233, 319.3926, 323.6035, 117.3464, 297.2332, 337.6096, 69.0454, 276.0184, 311.8277, 76.5440, 326.4552, 341.3215, 77.0386, 302.3962, 268.9077, 145.1765, 368.5190, 361.8159, 78.0736, 316.4965, 258.6814, 61.2156, 279.7519, 268.8175, 93.0342, 397.5173, 341.8730, 49.3253, 345.0678, 319.8505, 121.1078, 376.1699, 355.9570, 80.4934, 363.0537, 362.7530, 80.9666, 361.5006, 376.3094, 88.9746, 374.7893, 299.8430, 19.2492, 299.3362, 314.1907, 49.3522, 322.3230, 342.4709, 154.4782, 292.6292, 362.8952, 96.3335, 347.7181, 284.8351, 29.1971, 327.5265, 298.6817, 105.8437, 367.2621, 242.1907, 61.9151}
{256.8424, 245.1821, 70.9144, 431.9678, 299.6154, 119.8990, 553.4561, 297.5087, 54.8421, 499.6579, 267.3129, 117.8206, 472.7235, 299.9295, 127.6378, 451.5801, 311.1600, 101.5464, 485.1646, 310.2449, 57.7074, 539.9647, 281.8291, 69.9657, 558.7854, 290.7212, 0.0000, 444.0663, 312.2397, 156.1343, 556.8865, 305.3859, 114.5960, 452.0823, 273.6293, 17.8316, 481.5658, 257.8767, 114.1021, 443.3672, 221.0238, 37.2673, 457.4739, 338.6505, 22.0887, 516.9617, 336.9419, 15.3328, 511.0627, 277.9361, 120.2640, 475.6999, 230.0357, 33.2271, 451.7706, 257.5508, 79.5581, 498.0051, 308.3386, 26.8220, 435.5563, 312.0436, 10.9699, 431.0149, 307.7760, 133.6581, 527.9501, 258.9816, 62.4730, 453.8141, 279.8503, 85.8223, 530.9948, 231.4126, 100.2486, 501.0908, 340.3440, 70.8951, 529.4156, 203.8370, 126.3708, 438.1322, 308.6653, 9.2645, 510.0774, 315.5064, 84.9729, 457.9710, 257.5662, 8.1202, 546.0781, 236.4699, 61.1088, 485.9531, 261.7304, 88.1407, 507.3091, 320.4555, 89.7923, 427.0240, 251.4482}
{225.2256, 345.5757, 487.2737, 33.0391, 316.0118, 473.1297, 109.6032, 360.2429, 431.1102, 126.5590, 417.9017, 493.9723, 46.7699, 443.9530, 446.5689, 22.8473, 326.3637, 513.1287, 104.5850, 393.9120, 498.8354, 121.5542, 369.2786, 396.6162, 120.5247, 308.1400, 444.0663, 0.0000, 388.9371, 493.7995, 122.1048, 354.7467, 512.5014, 70.8451, 414.4751, 449.1788, 39.2663, 370.1180, 487.0495, 45.1380, 375.4332, 448.4248, 15.6503, 420.5428, 433.9288, 88.2785, 361.8358, 430.5398, 109.3366, 383.4555, 383.0511, 34.4522, 361.3873, 430.4648, 71.4953, 446.0461, 491.6390, 56.8820, 385.0011, 457.8913, 66.6108, 366.1075, 436.1143, 46.6866, 400.5911, 468.2968, 102.8565, 348.2389, 463.0342, 11.7749, 427.4800, 503.7894, 95.3351, 367.3798, 448.4344, 59.0948, 375.6872, 500.4409, 85.3580, 343.5707, 438.5348, 8.3122, 314.0606, 447.9751, 104.1267, 351.0880, 409.0641, 39.3571, 454.9053, 450.8585, 113.9554, 389.5134, 501.7761, 103.0949, 315.5749, 412.1054, 121.9060, 412.2062, 468.7393, 82.6826, 358.6233}
{190.2714, 77.7266, 383.0826, 358.7863, 73.1875, 424.2540, 470.1079, 30.5108, 351.1353, 355.6588, 59.7414, 427.9296, 385.2531, 61.9300, 419.9576, 379.6293, 62.9173, 413.2022, 355.1243, 5.8882, 358.7313, 415.6957, 34.0002, 334.7025, 455.6567, 82.4863, 312.2397, 388.9371, 0.0000, 460.7995, 447.9215, 34.2229, 426.8352, 346.1583, 51.7973, 329.4509, 409.1940, 55.6972, 423.2172, 357.1355, 91.3894, 345.9100, 404.2676, 36.6075, 323.9347, 412.3223, 41.0197, 299.2350, 383.4062, 34.3054, 373.3417, 421.6254, 85.0411, 331.3822, 345.4347, 91.0388, 391.7740, 441.5936, 5.0519, 339.0522, 336.5268, 23.1779, 301.6993, 348.1727, 13.7272, 433.9274, 415.1897, 64.3925, 372.3583, 400.5757, 57.5300, 397.2133, 430.8783, 82.1615, 398.4464, 442.3139, 34.4884, 380.0271, 453.9661, 118.1252, 415.0272, 380.6254, 74.9734, 321.4422, 386.4340, 39.0454, 361.6423, 424.0106, 99.3421, 312.0088, 436.1292, 76.5342, 362.1246, 357.1103, 87.9458, 366.8585, 368.4930, 23.4023, 397.5060, 319.5136, 65.5785}
{362.1834, 388.2847, 96.4210, 491.8532, 436.3192, 36.7702, 600.6583, 442.4021, 109.7366, 579.0154, 420.4725, 43.9479, 532.1794, 454.3344, 49.2642, 507.5652, 449.7069, 83.3656, 560.6983, 459.5057, 137.9969, 606.6384, 428.5673, 129.8178, 614.2699, 425.8086, 156.1343, 493.7995, 460.7995, 0.0000, 615.1434, 449.1535, 65.2837, 522.4619, 426.3034, 138.4251, 533.0656, 405.2676, 44.4531, 506.9016, 369.7295, 119.0462, 504.0523, 489.8505, 139.3486, 577.8789, 480.7017, 165.7869, 582.4245, 426.8388, 114.3458, 519.7652, 376.2259, 130.4675, 522.3679, 412.9270, 88.9922, 539.8562, 456.5180, 131.3113, 505.7556, 457.3955, 164.9494, 495.2198, 457.9282, 28.8707, 591.0552, 402.5469, 94.0010, 501.0176, 433.5346, 93.6639, 588.2624, 378.6782, 62.8528, 543.6038, 486.0081, 112.3865, 575.8576, 345.7820, 57.0365, 489.9852, 444.8249, 147.2129, 579.8893, 458.3489, 104.3139, 495.4657, 413.3178, 159.6446, 605.9285, 387.1015, 136.5971, 560.9006, 398.3585, 99.2641, 583.6856, 471.4619, 66.3889, 502.1121, 396.9969}
{317.9329, 422.2010, 604.3658, 125.4601, 379.5138, 593.5283, 44.6250, 422.9110, 548.3559, 96.7456, 488.4241, 613.8453, 84.4374, 508.0816, 567.5296, 107.7776, 385.9503, 631.2143, 92.8870, 453.5297, 613.0125, 36.3774, 435.9437, 513.9739, 11.1764, 374.8157, 556.8865, 122.1048, 447.9215, 615.1434, 0.0000, 415.3344, 631.5542, 109.5115, 483.4795, 563.5070, 83.3118, 442.6952, 606.9159, 113.5856, 456.3475, 564.3730, 114.3125, 473.9289, 548.5573, 40.2853, 413.5516, 542.7254, 65.4693, 451.0306, 503.4840, 103.1316, 440.8316, 545.9980, 110.0409, 519.6358, 609.1970, 91.2045, 444.9211, 572.6695, 124.4695, 424.8392, 548.2441, 125.9414, 461.0168, 589.2711, 32.9479, 421.2652, 580.4927, 116.6409, 495.4627, 621.1398, 26.8855, 446.2549, 568.2798, 87.1504, 426.7289, 616.5358, 56.7303, 430.2289, 559.4928, 125.2710, 374.9426, 561.5480, 61.7060, 408.8858, 527.9942, 132.7774, 528.8908, 563.2291, 11.9472, 466.7032, 616.0977, 90.8546, 390.0022, 531.2785, 83.3189, 469.8425, 587.7621, 137.4069, 433.0950}
{158.5704, 60.8990, 376.2005, 324.6780, 39.0030, 413.0075, 436.7272, 10.0945, 340.1775, 324.0085, 79.5414, 418.5376, 351.5229, 92.7964, 406.4012, 345.5795, 29.3940, 406.9240, 322.6876, 39.1942, 355.1143, 383.5728, 28.9507, 320.9463, 422.8794, 48.8198, 305.3859, 354.7467, 34.2229, 449.1535, 415.3344, 0.0000, 419.4583, 312.6598, 72.7296, 322.0100, 375.2672, 50.9833, 413.4432, 323.2205, 87.3497, 337.2416, 370.0907, 68.5383, 315.0311, 379.3011, 31.6507, 291.5629, 351.1499, 42.1492, 356.3381, 387.4899, 75.6977, 321.5884, 311.9430, 112.7255, 384.7358, 407.5330, 30.2935, 331.9791, 302.7626, 12.5245, 294.5747, 314.1530, 46.1627, 421.5859, 382.5189, 46.7022, 363.5339, 366.3927, 82.6366, 391.1237, 397.8205, 75.3411, 386.3798, 408.2869, 38.1394, 374.8896, 420.2977, 103.3798, 401.0013, 346.4356, 40.9901, 314.4216, 354.0079, 11.1936, 347.7478, 389.7878, 121.8117, 306.0385, 403.4987, 79.5975, 358.5888, 324.6361, 59.6452, 352.9870, 336.6863, 57.5929, 387.5857, 285.8373, 54.2457}
{354.5139, 358.9500, 43.9444, 506.4236, 411.8338, 49.6647, 621.4185, 411.7608, 87.9839, 586.0810, 381.2008, 25.7014, 547.3724, 412.9484, 79.9560, 523.9150, 423.9873, 18.9130, 569.3132, 424.8323, 79.1530, 619.4586, 396.3029, 120.1493, 631.8110, 402.3597, 114.5960, 512.5014, 426.8352, 65.2837, 631.5542, 419.4583, 0.0000, 532.9602, 387.6943, 97.5177, 551.5009, 372.3880, 30.8204, 520.1328, 335.5964, 82.9720, 524.1239, 453.0091, 105.1348, 592.8914, 451.0711, 127.9286, 593.0420, 392.5319, 132.0602, 540.9990, 344.3568, 100.4853, 532.7716, 369.5961, 35.1618, 562.1621, 422.9266, 87.7842, 516.1545, 426.3862, 125.1772, 508.0371, 422.3105, 64.6277, 605.2629, 372.8977, 57.8580, 520.8075, 393.4384, 32.9641, 604.8688, 345.8781, 65.8705, 565.6905, 454.7599, 52.9022, 596.7093, 317.1131, 86.3697, 507.7946, 420.7519, 105.3968, 591.1559, 429.4190, 103.5611, 518.9556, 368.8349, 115.2466, 621.6106, 351.0153, 76.9482, 569.7750, 373.7197, 100.3964, 592.1162, 434.8689, 43.7949, 510.3568, 365.7162}
{208.5548, 314.6071, 503.1286, 43.3998, 275.4116, 497.9637, 124.1715, 319.5182, 447.6408, 62.3130, 382.8190, 516.9229, 40.9678, 404.7377, 473.7772, 49.2621, 283.3713, 531.1199, 40.6120, 351.5561, 508.9336, 87.9116, 331.2488, 413.6547, 114.5741, 269.5966, 452.0823, 70.8451, 346.1583, 522.4619, 109.5115, 312.6598, 532.9602, 0.0000, 378.3223, 459.7836, 68.2760, 336.2381, 510.0219, 26.3303, 348.0260, 462.1085, 79.7445, 374.7635, 445.1659, 69.8063, 314.6131, 437.5788, 60.1317, 346.1394, 408.7511, 89.7378, 332.7292, 443.4368, 0.7862, 413.2781, 508.5088, 103.4466, 342.7599, 469.2722, 16.8074, 322.9829, 443.0347, 32.0618, 358.7791, 495.4023, 77.6914, 314.5541, 479.8394, 77.8197, 390.7034, 520.1287, 87.3851, 338.2911, 471.5985, 102.7935, 328.2334, 514.1448, 108.1721, 321.0133, 465.7953, 65.5632, 271.7455, 457.2510, 58.2875, 307.2589, 429.8760, 108.6188, 422.4603, 458.0994, 97.7604, 359.1978, 512.1193, 40.1180, 282.7241, 433.5611, 62.8723, 368.8007, 489.3708, 28.0722, 326.0797}
