100 5 [30, 30, 30, 30, 30]
capacities = [100000, 50, 38, 34, 39, 50, 62, 45, 59, 30, 26, 50, 33, 44, 60, 59, 25, 53, 46, 49, 34, 27, 60, 41, 49, 47, 51, 54, 49, 40, 49, 44, 52, 57, 31, 52, 35, 38, 42, 61, 57, 56, 59, 44, 34, 62, 54, 34, 29, 59, 32, 24, 32, 37, 50, 28, 59, 24, 37, 58, 38, 29, 50, 56, 29, 31, 31, 30, 26, 62, 32, 34, 51, 57, 41, 25, 30, 38, 37, 61, 61, 62, 48, 62, 62, 46, 29, 43, 37, 55, 62, 59, 35, 28, 54, 52, 30, 31, 34, 45, 53]
initial     = [50000, 41, 29, 1, 37, 26, 10, 45, 14, 6, 24, 34, 6, 40, 29, 9, 20, 5, 8, 45, 19, 4, 50, 34, 5, 46, 29, 9, 41, 23, 6, 39, 2, 8, 26, 33, 1, 38, 23, 12, 47, 0, 11, 37, 24, 12, 49, 2, 1, 51, 9, 4, 29, 36, 5, 23, 16, 3, 30, 18, 3, 29, 27, 6, 28, 12, 5, 26, 11, 9, 31, 4, 3, 45, 7, 3, 28, 15, 7, 52, 43, 3, 39, 4, 6, 39, 26, 5, 35, 18, 8, 48, 21, 3, 54, 36, 1, 24, 22, 6, 52]
target      = [0, 40, 25, 16, 18, 8, 47, 36, 40, 17, 15, 19, 12, 18, 2, 20, 15, 50, 23, 30, 25, 22, 24, 29, 19, 6, 48, 47, 31, 7, 25, 37, 3, 7, 25, 34, 10, 8, 34, 29, 6, 44, 47, 24, 17, 37, 17, 23, 16, 56, 19, 22, 16, 3, 13, 17, 56, 14, 26, 51, 21, 10, 16, 40, 23, 4, 13, 11, 10, 54, 29, 13, 35, 45, 33, 16, 9, 36, 33, 49, 51, 30, 9, 51, 32, 13, 15, 40, 19, 39, 50, 26, 11, 4, 49, 44, 7, 28, 11, 42, 13]
weights    = [0.000000, 0.528997, 0.059443, 0.352507, 0.287382, 0.613009, 0.756936, 0.398746, 0.528997, 0.319945, 0.385070, 0.254819, 0.482758, 0.287382, 0.808385, 0.222257, 0.385070, 0.854624, 0.124569, 0.203370, 0.059443, 0.157131, 0.092006, 0.170808, 0.254819, 0.678134, 0.789499, 0.756936, 0.235933, 0.645571, 0.059443, 0.431309, 0.775822, 0.645571, 0.059443, 0.333621, 0.547883, 0.613009, 0.333621, 0.170808, 0.678134, 0.659248, 0.756936, 0.092006, 0.319945, 0.431309, 0.319945, 0.124569, 0.352507, 1.000000, 0.254819, 0.157131, 0.352507, 0.775822, 0.450195, 0.319945, 1.000000, 0.417633, 0.073120, 0.887187, 0.189694, 0.547883, 0.352507, 0.528997, 0.124569, 0.743260, 0.450195, 0.515321, 0.547883, 0.984875, 0.170808, 0.450195, 0.366184, 0.691810, 0.301058, 0.352507, 0.580446, 0.398746, 0.301058, 0.822061, 0.887187, 0.203370, 0.580446, 0.887187, 0.268496, 0.450195, 0.385070, 0.528997, 0.254819, 0.496434, 0.854624, 0.073120, 0.515321, 0.743260, 0.822061, 0.659248, 0.645571, 0.138245, 0.515321, 0.594122, 0.450195]
min_ratio  = [0.0000, 0.8200, 0.7632, 0.0294, 0.9487, 0.5200, 0.1613, 1.0000, 0.2373, 0.2000, 0.9231, 0.6800, 0.1818, 0.9091, 0.4833, 0.1525, 0.8000, 0.0943, 0.1739, 0.9184, 0.5588, 0.1481, 0.8333, 0.8293, 0.1020, 0.9787, 0.5686, 0.1667, 0.8367, 0.5750, 0.1224, 0.8864, 0.0385, 0.1404, 0.8387, 0.6346, 0.0286, 1.0000, 0.5476, 0.1967, 0.8246, 0.0000, 0.1864, 0.8409, 0.7059, 0.1935, 0.9074, 0.0588, 0.0345, 0.8644, 0.2812, 0.1667, 0.9062, 0.9730, 0.1000, 0.8214, 0.2712, 0.1250, 0.8108, 0.3103, 0.0789, 1.0000, 0.5400, 0.1071, 0.9655, 0.3871, 0.1613, 0.8667, 0.4231, 0.1452, 0.9688, 0.1176, 0.0588, 0.7895, 0.1707, 0.1200, 0.9333, 0.3947, 0.1892, 0.8525, 0.7049, 0.0484, 0.8125, 0.0645, 0.0968, 0.8478, 0.8966, 0.1163, 0.9459, 0.3273, 0.1290, 0.8136, 0.6000, 0.1071, 1.0000, 0.6923, 0.0333, 0.7742, 0.6471, 0.1333, 0.9811]
points = [(584400.000, 4511800.000), (584712.466, 4511866.072), (584447.387, 4512169.980), (584156.472, 4511518.660), (584731.687, 4511847.825), (584353.183, 4512255.562), (584155.211, 4511472.018), (584662.027, 4511890.890), (584404.598, 4512322.766), (584144.485, 4511487.216), (584572.938, 4511747.598), (584366.526, 4512213.951), (584061.065, 4511547.075), (584655.604, 4511884.510), (584440.577, 4512305.854), (584129.083, 4511553.841), (584631.222, 4511799.992), (584457.699, 4512302.852), (584145.230, 4511434.576), (584609.508, 4511764.358), (584381.261, 4512305.164), (584098.271, 4511578.075), (584663.984, 4511898.175), (584418.719, 4512210.733), (584077.283, 4511592.118), (584628.800, 4511815.499), (584474.650, 4512188.706), (584160.231, 4511448.455), (584625.852, 4511892.355), (584315.986, 4512221.549), (584075.327, 4511531.652), (584641.384, 4511789.819), (584397.748, 4512218.331), (584092.066, 4511435.260), (584572.346, 4511808.797), (584394.428, 4512167.820), (584128.442, 4511498.365), (584723.674, 4511749.416), (584397.292, 4512160.040), (584050.309, 4511549.302), (584595.427, 4511806.339), (584371.201, 4512163.583), (584179.021, 4511529.051), (584628.496, 4511718.928), (584324.457, 4512149.240), (584104.501, 4511554.545), (584623.720, 4511862.274), (584377.176, 4512281.358), (584090.899, 4511603.936), (584723.309, 4511725.513), (584357.959, 4512191.490), (584223.211, 4511607.373), (584734.566, 4511881.130), (584466.525, 4512219.566), (584199.945, 4511579.923), (584747.702, 4511848.483), (584438.711, 4512321.021), (584206.094, 4511534.450), (584604.597, 4511753.730), (584404.064, 4512154.228), (584068.433, 4511456.426), (584646.190, 4511792.357), (584435.833, 4512302.090), (584248.789, 4511552.209), (584627.975, 4511724.753), (584306.703, 4512146.530), (584190.924, 4511421.110), (584603.387, 4511784.346), (584478.003, 4512169.052), (584167.695, 4511522.795), (584704.953, 4511744.248), (584471.543, 4512141.752), (584213.420, 4511475.218), (584731.846, 4511756.971), (584317.403, 4512180.555), (584094.629, 4511533.912), (584687.385, 4511730.805), (584338.287, 4512245.196), (584187.808, 4511464.205), (584643.852, 4511718.224), (584371.916, 4512180.901), (584059.970, 4511562.585), (584688.055, 4511834.683), (584298.222, 4512295.305), (584125.374, 4511437.740), (584701.519, 4511735.639), (584476.818, 4512331.595), (584141.936, 4511618.098), (584655.950, 4511883.544), (584338.673, 4512190.785), (584189.779, 4511582.888), (584560.371, 4511788.941), (584445.184, 4512297.943), (584137.061, 4511591.166), (584556.071, 4511754.051), (584389.104, 4512290.279), (584053.658, 4511465.400), (584701.364, 4511738.436), (584318.778, 4512171.756), (584158.255, 4511420.275), (584554.515, 4511870.585)]
distances = [
{0.0000, 212.9169, 248.6684, 248.0661, 223.4115, 305.3073, 272.8399, 184.8951, 348.5240, 269.2556, 120.4688, 276.8679, 281.9361, 179.4747, 338.3190, 244.0313, 154.1479, 337.4340, 296.9793, 141.6790, 337.0077, 249.7029, 187.7658, 274.1065, 255.9176, 152.8827, 263.8728, 283.6846, 162.6699, 286.5596, 280.8110, 161.0659, 278.8911, 318.2301, 115.0467, 245.2413, 270.5774, 218.4016, 240.0337, 286.8473, 130.3533, 243.1477, 233.0906, 161.6349, 238.2111, 256.0972, 154.8171, 321.2661, 244.0261, 221.1858, 262.4936, 174.3042, 229.5080, 283.2050, 198.2770, 234.0442, 348.3044, 219.2068, 139.8426, 236.1678, 318.3150, 164.2060, 335.5778, 193.5232, 160.0486, 239.2464, 288.4983, 135.9922, 251.4699, 241.1164, 206.6714, 232.7732, 249.7071, 223.0830, 259.6103, 270.0243, 197.0650, 299.6351, 264.8135, 171.4659, 254.6233, 276.4745, 193.4237, 337.1025, 303.0599, 205.5409, 358.0779, 210.4866, 179.4934, 263.7118, 201.4731, 107.1680, 333.3257, 223.8535, 108.4628, 326.9334, 321.0469, 205.0589, 253.6833, 300.0972, 113.2489}
{212.9169, 0.0000, 268.8471, 437.0731, 17.6684, 353.2620, 455.0026, 37.4763, 367.1825, 455.1604, 122.0277, 327.0704, 483.5437, 39.8512, 344.6941, 441.1220, 69.8161, 337.1003, 475.1355, 96.4850, 366.6659, 452.2426, 38.7646, 301.9043, 461.1619, 65.1756, 267.2068, 461.5760, 60.3429, 355.0026, 479.7144, 69.4973, 314.9134, 503.5408, 100.9162, 292.2709, 460.0930, 78.1291, 287.3263, 489.3511, 87.6005, 301.8273, 420.6594, 112.9448, 320.2327, 455.4221, 59.2181, 355.8291, 449.7216, 93.9847, 320.8127, 368.9598, 17.8279, 287.0890, 391.3280, 26.2549, 353.9744, 403.5320, 103.8300, 281.3824, 508.8500, 66.0852, 344.2462, 373.2779, 109.7672, 328.8364, 457.0425, 90.8661, 255.4037, 429.2708, 81.3702, 244.0791, 422.5923, 73.8728, 336.6331, 467.6435, 91.7154, 355.1179, 440.5872, 108.6627, 309.1866, 479.7476, 26.5095, 397.6818, 484.4909, 87.2614, 347.8455, 414.7266, 39.4366, 330.0905, 396.3139, 113.6899, 338.5933, 425.1349, 128.2499, 355.5995, 514.0542, 85.4120, 332.2867, 474.1702, 105.3440}
{248.6684, 268.8471, 0.0000, 475.5577, 286.4421, 84.8491, 504.4327, 234.7213, 105.7760, 497.9587, 293.7649, 61.3617, 488.6513, 235.5587, 90.6959, 462.3347, 275.4280, 88.8472, 530.0391, 291.2141, 100.3268, 458.1283, 231.7017, 33.2177, 457.4820, 265.4702, 22.0499, 517.7118, 220.0258, 94.1053, 492.5632, 284.5330, 46.1965, 544.0860, 254.7924, 35.3355, 495.6669, 335.4658, 34.0475, 491.2170, 261.7470, 50.9692, 463.2306, 324.0359, 83.1116, 469.6720, 236.4336, 87.7741, 445.9645, 348.7657, 61.3188, 403.7501, 271.5441, 35.4340, 426.5599, 293.2954, 100.8595, 453.1964, 296.6325, 30.7320, 538.6263, 284.5049, 88.4091, 432.6059, 320.3054, 95.0830, 527.7120, 277.3283, 20.4198, 470.0245, 331.7214, 24.7692, 488.7333, 334.3279, 86.9419, 484.8923, 333.6492, 88.3430, 501.3318, 328.4189, 50.8382, 480.2870, 275.1529, 129.8829, 533.2786, 335.4835, 109.5152, 420.5150, 236.2150, 73.7909, 427.4157, 264.9583, 85.3210, 437.8370, 286.5961, 89.1159, 538.0856, 333.8230, 85.7471, 535.6842, 211.9895}
{248.0661, 437.0731, 475.5577, 0.0000, 441.8253, 508.4698, 31.1061, 418.5371, 561.0118, 22.4345, 316.8289, 484.2181, 66.3660, 412.5680, 557.9282, 29.7236, 367.8979, 560.0371, 56.5550, 343.5818, 545.3310, 55.4477, 422.4792, 493.3956, 72.0088, 371.9059, 494.5023, 46.8706, 399.9803, 480.5076, 54.7860, 370.3851, 493.4020, 70.2495, 338.0532, 460.9318, 23.0708, 408.2294, 456.7336, 73.6647, 349.8828, 453.1536, 16.5516, 341.8342, 435.0475, 42.1042, 386.6613, 529.3259, 71.7152, 402.2668, 468.2336, 74.0091, 454.8876, 510.9476, 50.0798, 451.3368, 567.0353, 34.7157, 337.3580, 454.7273, 71.8766, 374.0076, 554.4983, 65.4822, 343.0512, 430.3951, 68.9699, 346.6163, 483.6852, 7.9733, 395.3737, 465.4806, 47.7505, 415.1826, 454.1187, 42.4643, 381.1521, 499.2929, 41.8854, 351.1027, 464.2693, 70.6856, 412.2838, 526.3161, 57.7937, 391.0983, 582.5173, 66.9967, 412.3744, 464.2550, 48.2332, 323.9930, 554.0298, 50.0395, 309.1839, 537.2824, 77.1937, 391.6965, 448.6408, 65.6007, 354.2055}
{223.4115, 17.6684, 286.4421, 441.8253, 0.0000, 370.8935, 458.7690, 54.5980, 384.4509, 459.3936, 125.1607, 344.7319, 489.9817, 56.3103, 361.8073, 446.9942, 74.1806, 354.0987, 478.2873, 98.6451, 384.1049, 458.9751, 56.2483, 319.4798, 468.3923, 71.8974, 284.6186, 464.7861, 76.5478, 372.6642, 485.6951, 71.5521, 332.5253, 507.4226, 109.3676, 309.9394, 464.7708, 65.8236, 304.9941, 495.9354, 94.9570, 319.4807, 425.3401, 110.0762, 337.7620, 461.5798, 72.6195, 373.3506, 457.0882, 81.7327, 338.4788, 374.9754, 22.2858, 304.4138, 396.9448, 10.6859, 371.0340, 407.9497, 105.4215, 299.0503, 513.4196, 67.9423, 361.4082, 377.4651, 107.2960, 346.3048, 459.2316, 95.4301, 272.8795, 433.9647, 71.3143, 261.6761, 425.5388, 60.5697, 354.2379, 473.4671, 83.4173, 372.7774, 443.7061, 104.3745, 326.8536, 486.5137, 30.3789, 415.3340, 487.9825, 77.4481, 364.5343, 421.9431, 55.8246, 347.7426, 402.1368, 120.7688, 355.7090, 431.7684, 132.7229, 373.0527, 518.9615, 75.6761, 349.8727, 476.8520, 119.0855}
{305.3073, 353.2620, 84.8491, 508.4698, 370.8935, 0.0000, 538.7777, 318.5872, 56.4110, 530.7896, 368.9744, 29.1321, 510.8971, 319.1225, 67.2210, 491.0907, 355.8084, 76.4781, 564.6087, 369.3741, 37.9988, 482.5708, 315.7517, 52.9340, 479.0168, 346.1661, 92.4339, 553.2336, 302.7778, 33.6021, 516.9350, 365.1341, 38.7139, 573.9053, 331.7503, 64.6349, 526.5632, 418.1691, 70.1426, 512.3083, 340.2504, 62.4848, 498.0630, 402.0904, 73.4227, 495.8795, 318.2354, 23.4865, 468.2870, 430.9913, 42.8332, 440.7273, 356.3096, 79.2803, 461.8654, 377.9234, 71.8018, 490.6398, 374.1920, 75.5933, 565.5678, 365.3988, 63.2311, 474.0385, 398.4800, 79.0167, 566.7205, 355.6816, 101.2454, 503.9194, 413.7543, 109.4674, 528.5074, 417.3881, 55.4021, 511.0462, 414.7613, 12.0984, 538.9681, 407.2787, 51.3166, 501.6371, 358.5641, 45.2168, 565.9720, 417.2172, 96.7624, 447.7026, 319.7675, 44.2546, 461.4907, 340.3672, 67.5287, 465.7753, 360.6636, 33.3041, 563.3515, 415.6116, 60.3953, 571.8196, 289.6294}
{272.8399, 455.0026, 504.4327, 31.1061, 458.7690, 538.7777, 0.0000, 438.3379, 591.0312, 12.4014, 333.6265, 514.2925, 80.2694, 432.3279, 587.5429, 57.2622, 385.3733, 589.4567, 25.8331, 360.1533, 575.5117, 80.2504, 442.4474, 522.8709, 95.4442, 390.0229, 523.1030, 16.0613, 420.6795, 511.0533, 66.4588, 387.2188, 523.1556, 48.7098, 357.4111, 490.5165, 25.0400, 421.6891, 486.2454, 86.8647, 368.5169, 483.0060, 41.2021, 355.8797, 465.3664, 64.5745, 406.5027, 559.4838, 97.8400, 414.7260, 498.3287, 100.9838, 472.8279, 539.8536, 77.8733, 467.9846, 596.7232, 53.6939, 353.5906, 484.1204, 58.7785, 390.8269, 584.1488, 82.1579, 357.3860, 460.8766, 41.4568, 364.1795, 512.0980, 34.8590, 408.9689, 493.7876, 38.8642, 428.8000, 484.5759, 57.7392, 394.5061, 529.7044, 22.3469, 364.7751, 494.1775, 87.6185, 429.7018, 557.0768, 30.2968, 404.3912, 611.8473, 97.7882, 432.0973, 494.5408, 77.4224, 342.9250, 583.5658, 80.3483, 326.7559, 567.3551, 67.8456, 405.1128, 479.0671, 34.5548, 376.1197}
{184.8951, 37.4763, 234.7213, 418.5371, 54.5980, 318.5872, 438.3379, 0.0000, 335.1857, 437.5701, 112.4857, 291.8819, 461.5739, 6.0355, 313.5708, 420.3866, 63.9836, 306.5667, 459.6140, 91.3320, 333.6349, 429.8182, 5.0288, 267.9127, 437.7668, 54.9253, 234.5722, 445.9934, 24.1364, 319.0818, 458.6301, 68.7717, 280.5238, 486.4627, 81.0540, 256.7311, 441.6072, 102.8813, 251.6844, 467.0857, 71.7537, 265.7826, 402.3387, 116.7999, 283.3907, 434.0829, 31.8767, 322.2184, 426.1088, 117.5776, 285.0476, 348.2915, 48.7952, 254.9503, 371.3160, 63.7309, 323.0978, 385.8172, 99.1318, 245.7570, 490.4023, 66.5313, 312.8712, 356.1962, 113.0606, 291.8193, 443.5368, 81.0767, 222.3500, 410.8841, 101.8635, 209.9899, 407.7208, 100.6845, 300.1268, 446.9022, 108.0540, 319.9583, 425.2808, 115.7468, 273.4722, 457.1679, 41.2941, 362.6481, 468.2549, 106.7970, 318.6943, 391.5268, 6.3555, 294.0101, 375.8743, 95.9802, 307.4722, 403.0016, 115.3764, 322.4894, 494.9317, 104.9648, 295.6762, 459.5956, 72.9418}
{348.5240, 367.1825, 105.7760, 561.0118, 384.4509, 56.4110, 591.0312, 335.1857, 0.0000, 583.4008, 399.5311, 76.8555, 565.5717, 336.6979, 26.5035, 544.5300, 379.8539, 37.8083, 616.8568, 396.5447, 19.4872, 536.8220, 331.7019, 75.2791, 533.7423, 369.7361, 100.8395, 605.2125, 322.6326, 89.6834, 571.2678, 388.7873, 69.7730, 627.2842, 360.4338, 103.5196, 579.6162, 437.4367, 108.5929, 567.1631, 367.0375, 108.4325, 550.0984, 429.3405, 127.4256, 549.8370, 339.9788, 33.1096, 522.8653, 451.3130, 92.8766, 492.0200, 367.5269, 80.2359, 513.6787, 390.2504, 22.7713, 541.9493, 402.1063, 112.3588, 619.5167, 388.5584, 24.9720, 524.1011, 425.5804, 134.3997, 617.7520, 382.6299, 113.5610, 556.2082, 434.5599, 128.6646, 579.2281, 435.7447, 111.2091, 565.0453, 437.3587, 68.0336, 590.3390, 433.4429, 97.0539, 556.4341, 376.2817, 73.2427, 618.6858, 438.6242, 48.5048, 501.3527, 337.3713, 98.3532, 513.6218, 370.7256, 31.7164, 519.3218, 392.3604, 23.9950, 617.6067, 436.9141, 115.7950, 623.6714, 317.5899}
{269.2556, 455.1604, 497.9587, 22.4345, 459.3936, 530.7896, 12.4014, 437.5701, 583.4008, 0.0000, 334.2461, 506.5988, 68.4495, 431.5783, 580.3592, 45.5879, 385.7127, 582.4715, 35.0969, 360.8968, 567.6861, 67.9577, 441.5964, 515.8301, 83.0536, 390.0603, 516.8697, 27.8916, 419.4449, 502.7291, 54.8021, 387.8588, 515.8254, 49.2031, 356.8250, 483.3645, 13.0241, 423.8492, 479.1678, 75.1998, 368.2925, 475.5685, 36.1656, 357.7446, 457.3670, 52.2041, 405.7009, 551.6871, 85.6221, 417.3051, 490.6107, 95.7671, 472.9875, 533.3527, 72.0197, 468.7503, 589.4625, 51.7549, 354.4843, 477.1613, 54.6987, 391.4757, 576.9277, 81.9306, 359.1267, 452.6514, 53.8582, 364.4645, 506.0232, 28.3199, 411.0637, 487.7996, 46.6475, 430.8965, 476.3845, 45.5393, 396.6950, 521.5755, 32.7038, 366.8074, 486.6773, 75.4930, 430.0914, 548.3885, 35.3594, 406.6124, 604.9504, 87.2714, 431.3663, 486.5836, 70.5679, 342.5391, 576.4633, 69.4765, 327.0095, 559.6620, 62.2732, 407.2818, 470.9200, 45.5617, 374.2227}
{120.4688, 122.0277, 293.7649, 316.8289, 125.1607, 368.9744, 333.6265, 112.4857, 399.5311, 334.2461, 0.0000, 339.9940, 366.4991, 106.6216, 382.4884, 322.8686, 52.2480, 378.0575, 353.3442, 26.8185, 393.0623, 336.0203, 117.3083, 325.4250, 346.3125, 58.6178, 301.2838, 339.8129, 102.7498, 359.4157, 361.6320, 53.6137, 334.8505, 382.2697, 40.8013, 304.3774, 339.7344, 100.4975, 298.8574, 372.6556, 41.9327, 308.2144, 300.3211, 41.6793, 314.8611, 337.7724, 83.6111, 379.0182, 335.3280, 101.3227, 328.8066, 251.1944, 139.7684, 322.5441, 272.6325, 134.5285, 392.6156, 282.8478, 21.4982, 293.5356, 388.3336, 57.2297, 380.7939, 252.3223, 39.7268, 319.7416, 335.0153, 31.8158, 288.0094, 308.9471, 88.0380, 271.3244, 300.6988, 106.1229, 335.1618, 349.2479, 77.1145, 366.7665, 318.7733, 51.1713, 318.4418, 363.5416, 96.2304, 408.4944, 362.9054, 86.0903, 394.5699, 300.0246, 106.1914, 334.1954, 278.0413, 28.8072, 376.6524, 308.7320, 12.0399, 381.9820, 394.0037, 85.8350, 329.6511, 352.2006, 82.9062}
{276.8679, 327.0704, 61.3617, 484.2181, 344.7319, 29.1321, 514.2925, 291.8819, 76.8555, 506.5988, 339.9940, 0.0000, 489.0031, 292.1927, 78.6827, 467.6770, 327.5669, 84.8945, 540.1221, 340.7011, 61.5974, 460.0958, 289.2103, 34.8611, 457.2078, 318.0154, 74.0215, 528.5373, 275.4177, 34.0723, 494.5608, 336.9370, 21.0185, 550.4290, 302.9567, 35.9416, 502.7686, 390.6388, 41.3810, 490.6913, 311.6571, 33.7229, 473.4018, 373.3781, 51.4558, 473.0390, 290.4598, 45.4959, 446.2625, 403.2455, 16.0263, 415.5188, 330.8057, 66.7708, 437.0305, 352.0491, 86.0866, 465.4552, 345.4343, 47.0262, 542.7107, 337.2786, 74.7496, 448.0894, 369.7870, 60.0899, 541.3695, 327.0495, 80.1190, 479.4583, 385.9492, 84.9610, 502.9547, 390.0367, 39.5997, 488.2535, 386.6552, 28.0769, 513.8349, 378.6849, 22.3241, 479.9320, 331.4781, 70.8176, 541.8724, 389.3027, 107.5060, 424.5158, 292.8290, 24.1517, 436.8980, 311.4192, 76.7149, 442.4752, 331.6186, 53.0651, 540.8696, 387.7174, 42.4801, 547.0312, 260.9723}
{281.9361, 483.5437, 488.6513, 66.3660, 489.9817, 510.8971, 80.2694, 461.5739, 565.5717, 68.4495, 366.4991, 489.0031, 0.0000, 455.7476, 565.5965, 45.5691, 415.8237, 569.0212, 93.6656, 393.2780, 548.6242, 32.2855, 465.1320, 502.5969, 31.9154, 418.6615, 508.9172, 93.2378, 441.3122, 480.6936, 14.0045, 419.3619, 500.6392, 77.3555, 382.9164, 469.7301, 55.4272, 461.8763, 466.0829, 7.3226, 395.9578, 460.0801, 79.5502, 395.2562, 438.1665, 29.3824, 429.9514, 532.9572, 42.8081, 457.2416, 473.0120, 115.3301, 501.1967, 523.5103, 95.1410, 499.9190, 574.1108, 97.0520, 387.6616, 464.8932, 60.6325, 422.9711, 561.9401, 125.1961, 396.0678, 431.8869, 120.6106, 394.6365, 499.1956, 72.9065, 448.9340, 481.7249, 112.3002, 468.5695, 455.5856, 24.0353, 435.1413, 500.7657, 100.9543, 404.9322, 470.6322, 10.3657, 459.8718, 523.2762, 84.5643, 445.0904, 591.9166, 71.7538, 455.6314, 467.3463, 89.0687, 369.8683, 562.2767, 58.5735, 357.6902, 541.5867, 54.6740, 445.5222, 450.5018, 106.5088, 393.3621}
{179.4747, 39.8512, 235.5587, 412.5680, 56.3103, 319.1225, 432.3279, 6.0355, 336.6979, 431.5783, 106.6216, 292.1927, 455.7476, 0.0000, 315.3604, 414.4962, 58.6425, 308.5279, 453.5890, 85.7934, 334.8063, 424.0134, 10.6868, 268.7721, 432.0223, 49.3553, 235.9656, 439.9686, 20.5127, 318.9817, 452.7593, 63.8350, 281.2085, 480.4625, 75.0238, 256.8853, 435.6384, 100.8494, 251.7865, 461.2762, 65.7667, 265.6369, 396.3624, 111.8569, 282.6387, 428.2216, 25.9144, 323.1863, 420.3772, 115.2080, 285.0568, 342.3889, 52.6896, 256.4838, 365.3906, 65.9295, 324.9509, 379.8247, 93.5830, 245.8732, 484.4356, 61.7544, 314.5878, 350.1886, 108.0855, 290.8885, 437.5013, 75.3048, 223.6132, 404.9102, 99.1262, 210.8729, 401.6889, 99.0602, 299.6461, 441.0148, 104.6373, 320.2668, 419.2527, 111.1338, 273.5177, 451.3753, 39.6417, 362.9967, 462.2394, 103.8605, 321.0055, 385.7631, 0.6839, 293.8249, 369.9662, 89.9447, 309.2670, 397.1771, 109.3945, 323.6398, 488.9860, 102.0490, 295.1171, 453.5630, 68.0291}
{338.3190, 344.6941, 90.6959, 557.9282, 361.8073, 67.2210, 587.5429, 313.5708, 26.5035, 580.3592, 382.4884, 78.6827, 565.5965, 315.3604, 0.0000, 542.6485, 360.3956, 11.5891, 613.3168, 378.1565, 39.5465, 536.1735, 309.9198, 65.0662, 533.9169, 350.1590, 81.3350, 601.3785, 302.0728, 100.2890, 570.6899, 369.1525, 64.9601, 625.1729, 342.8173, 97.0294, 577.1446, 416.2088, 101.4015, 567.5204, 348.6440, 105.5230, 546.4366, 410.8500, 129.9773, 548.7002, 319.9339, 45.3122, 522.7971, 430.3658, 94.0563, 487.6808, 344.3641, 60.0696, 509.8492, 367.2807, 10.1875, 537.5026, 383.9811, 103.9732, 618.2480, 368.7548, 4.0372, 518.4434, 407.0472, 138.7341, 612.8613, 364.2205, 94.5527, 552.8295, 413.8143, 111.3322, 574.0911, 414.2518, 117.1350, 563.9441, 417.1838, 79.2817, 585.8575, 414.5305, 95.0498, 556.7002, 354.8066, 95.1637, 615.7109, 418.0568, 29.6350, 499.8639, 316.0388, 102.4699, 510.1543, 353.7417, 6.1030, 517.6442, 375.8395, 35.8518, 616.8266, 416.3187, 120.7699, 619.6609, 299.9561}
{244.0313, 441.1220, 462.3347, 29.7236, 446.9942, 491.0907, 57.2622, 420.3866, 544.5300, 45.5879, 322.8686, 467.6770, 45.5691, 414.4962, 542.6485, 0.0000, 372.8176, 545.2851, 80.2353, 349.6831, 528.3435, 26.1335, 424.0992, 478.6075, 42.9380, 376.0508, 481.8807, 73.2618, 400.7609, 462.2489, 38.7704, 376.0250, 477.8319, 82.8161, 340.9037, 445.9087, 36.9864, 417.2862, 441.9220, 52.6030, 353.5423, 437.3690, 37.1684, 350.6613, 417.7563, 16.3947, 388.6139, 512.4372, 41.9925, 412.3515, 451.6538, 72.1907, 458.8525, 497.5751, 50.3396, 456.8025, 551.5367, 52.9434, 343.8794, 440.2421, 76.5017, 379.6433, 539.1234, 79.8114, 351.5709, 412.4881, 97.6200, 351.5659, 471.5125, 33.0305, 404.3547, 453.5872, 76.8672, 424.0470, 436.2646, 26.5351, 390.4510, 481.5428, 71.4403, 360.2524, 448.2915, 46.4423, 417.0383, 507.0071, 77.4404, 400.4071, 567.9676, 43.6868, 414.3501, 447.0275, 44.8588, 327.4695, 538.9731, 25.4456, 314.3975, 520.6628, 77.4905, 400.8777, 430.9179, 91.1429, 353.5966}
{154.1479, 69.8161, 275.4280, 367.8979, 74.1806, 355.8084, 385.3733, 63.9836, 379.8539, 385.7127, 52.2480, 327.5669, 415.8237, 58.6425, 360.3956, 372.8176, 0.0000, 354.6375, 405.3627, 27.8191, 375.7534, 384.8715, 69.0028, 308.3042, 394.4390, 10.4632, 279.3745, 391.8113, 61.6790, 350.9250, 411.5153, 9.5865, 319.3861, 433.9578, 39.6873, 291.6379, 390.8774, 70.2545, 286.2459, 421.7979, 24.2354, 297.9998, 351.4384, 54.0732, 309.8950, 387.4013, 41.8209, 362.8606, 383.1955, 78.9578, 318.2889, 300.7951, 87.5931, 300.4939, 322.7869, 84.1138, 370.3037, 334.1631, 35.5846, 280.5424, 439.5803, 11.2021, 359.1833, 303.7922, 50.2065, 316.5092, 387.2492, 21.2875, 266.4006, 360.0592, 61.6212, 251.4814, 352.7903, 72.9571, 328.8431, 399.2944, 59.4088, 355.2881, 370.8064, 55.1590, 307.1960, 412.4132, 44.3893, 397.8965, 414.7873, 63.5367, 369.0482, 348.0015, 58.0895, 325.4422, 327.9611, 47.8050, 354.3789, 357.6487, 58.7206, 364.5406, 444.9880, 62.2153, 323.7481, 404.3553, 69.4976}
{337.4340, 337.1003, 88.8472, 560.0371, 354.0987, 76.4781, 589.4567, 306.5667, 37.8083, 582.4715, 378.0575, 84.8945, 569.0212, 308.5279, 11.5891, 545.2851, 354.6375, 0.0000, 615.1926, 372.9887, 50.9822, 539.3367, 302.8142, 66.6841, 537.4256, 344.3433, 76.9317, 603.1329, 295.7347, 108.9196, 573.8592, 363.2831, 69.0826, 627.6596, 338.1215, 99.4136, 579.5050, 409.3538, 103.3743, 571.0820, 343.5071, 109.2962, 548.3021, 405.5930, 135.5648, 551.6488, 313.8803, 55.5617, 526.2130, 423.6711, 99.6652, 489.2966, 336.3229, 55.8344, 511.6695, 359.3528, 17.5206, 539.0303, 378.9539, 105.3368, 621.0976, 362.7874, 14.5865, 519.4476, 401.7696, 144.8925, 614.1433, 359.0561, 90.2210, 554.8138, 407.2519, 107.7959, 575.2874, 407.2359, 124.0776, 566.8974, 410.9571, 88.4018, 587.3367, 409.0329, 99.3999, 560.2310, 347.8478, 106.4375, 617.8309, 411.5977, 23.0141, 502.7009, 309.2085, 108.9875, 512.1324, 349.3777, 8.9627, 520.3866, 371.6979, 46.4921, 619.8835, 409.8442, 127.3405, 621.3273, 295.3174}
{296.9793, 475.1355, 530.0391, 56.5550, 478.2873, 564.6087, 25.8331, 459.6140, 616.8568, 35.0969, 353.3442, 540.1221, 93.6656, 453.5890, 613.3168, 80.2353, 405.3627, 615.1926, 0.0000, 379.6553, 601.3445, 100.6580, 463.8151, 548.6210, 114.3794, 410.3886, 548.6264, 13.6244, 442.4974, 536.8566, 79.7500, 406.8124, 548.9532, 35.4453, 378.5759, 516.2884, 43.9740, 439.0501, 512.0043, 99.2685, 389.2360, 508.8172, 66.8907, 373.8109, 491.1965, 84.4625, 427.8516, 585.3163, 118.5743, 431.4420, 524.1593, 126.3854, 492.9400, 565.4654, 103.5363, 487.3020, 622.5091, 77.9724, 372.9031, 509.8559, 53.2294, 410.4031, 609.9289, 104.4817, 375.4973, 486.6905, 31.7579, 384.2725, 537.5632, 60.6893, 426.4514, 519.2207, 52.9218, 446.2474, 510.3935, 74.3207, 411.8702, 555.5278, 34.5818, 382.4368, 519.9945, 102.5356, 449.5651, 582.8132, 13.4039, 421.6877, 637.5627, 122.3679, 453.3372, 520.3725, 103.2387, 363.8784, 609.3254, 104.5353, 346.9582, 593.1843, 64.4132, 422.4883, 504.8885, 12.8959, 398.6743}
{141.6790, 96.4850, 291.2141, 343.5818, 98.6451, 369.3741, 360.1533, 91.3320, 396.5447, 360.8968, 26.8185, 340.7011, 393.2780, 85.7934, 378.1565, 349.6831, 27.8191, 372.9887, 379.6553, 0.0000, 391.3328, 362.7455, 96.3201, 323.6264, 372.9344, 36.4391, 296.8409, 366.1482, 86.0240, 362.2025, 388.4454, 27.1974, 333.9551, 408.8204, 38.6200, 304.8067, 366.4708, 76.7593, 299.3327, 399.4178, 29.5198, 309.9610, 327.0671, 32.8254, 319.2967, 364.5722, 65.9610, 377.8699, 361.9032, 80.1653, 330.4666, 277.9845, 114.0662, 318.0907, 299.4504, 107.8571, 388.1838, 309.5520, 7.8054, 293.7924, 415.0420, 30.7646, 376.7218, 278.9870, 29.1329, 325.0616, 360.8830, 13.9362, 283.6827, 335.6930, 65.0266, 267.8807, 326.9307, 81.7073, 338.9823, 376.0653, 56.5313, 368.0373, 345.0753, 38.3428, 319.6931, 390.2729, 70.2856, 410.3137, 389.3388, 64.2589, 388.3669, 326.6095, 85.2764, 336.7765, 304.8530, 36.6289, 372.2098, 335.4611, 36.2815, 380.1585, 420.7641, 63.6291, 333.6643, 378.3132, 79.7452}
{337.0077, 366.6659, 100.3268, 545.3310, 384.1049, 37.9988, 575.5117, 333.6349, 19.4872, 567.6861, 393.0623, 61.5974, 548.6242, 334.8063, 39.5465, 528.3435, 375.7534, 50.9822, 601.3445, 391.3328, 0.0000, 520.1460, 330.3688, 67.7257, 516.7582, 365.7852, 99.5191, 589.8418, 319.8861, 70.7181, 554.5436, 384.8492, 58.9233, 611.1434, 354.5851, 91.9827, 563.6556, 435.1770, 97.3377, 550.0934, 361.9046, 94.6256, 534.6870, 424.1580, 110.6328, 533.3440, 336.6096, 16.1025, 505.9780, 448.6982, 77.3589, 476.9777, 367.9550, 80.5451, 498.3752, 390.3485, 39.7317, 526.9128, 396.6296, 101.7657, 603.0362, 384.7991, 36.4389, 509.6799, 420.4472, 116.8543, 602.8745, 377.4719, 111.3264, 540.6632, 431.7422, 124.4626, 564.4985, 433.8080, 93.3457, 548.5286, 433.8973, 49.1844, 575.2824, 428.6689, 83.0761, 539.4033, 374.4479, 55.7485, 602.9201, 435.5963, 66.0964, 485.0365, 335.4717, 81.3671, 498.1514, 364.2753, 42.8861, 503.0691, 385.4485, 11.2166, 600.9356, 433.9211, 98.2104, 608.3711, 311.8946}
{249.7029, 452.2426, 458.1283, 55.4477, 458.9751, 482.5708, 80.2504, 429.8182, 536.8220, 67.9577, 336.0203, 460.0958, 32.2855, 424.0134, 536.1735, 26.1335, 384.8715, 539.3367, 100.6580, 362.7455, 520.1460, 0.0000, 433.3308, 472.7899, 16.8348, 387.4880, 478.2055, 95.7785, 409.3968, 452.8714, 34.5225, 388.6199, 471.2223, 95.2998, 351.4915, 439.9532, 56.8193, 432.2991, 436.1942, 37.2871, 364.7029, 430.6635, 62.9776, 365.7432, 409.5466, 16.2274, 398.2547, 504.3786, 17.9276, 428.1278, 444.0796, 85.5529, 469.8524, 493.1178, 67.7935, 468.9853, 544.8207, 77.5427, 357.2864, 434.8494, 83.5037, 392.2201, 532.5597, 101.8160, 366.4247, 403.6417, 121.5136, 363.7395, 468.3062, 59.1631, 419.3519, 450.7097, 102.9321, 438.8983, 427.3958, 29.5422, 405.7262, 472.6555, 96.5710, 375.5293, 441.3515, 27.5430, 428.7929, 496.3863, 95.2859, 415.6568, 562.1743, 39.4881, 423.9063, 438.7894, 61.0892, 338.6251, 532.7319, 27.2929, 326.9715, 512.8647, 80.7908, 416.0326, 422.2058, 112.5441, 361.3062}
{187.7658, 38.7646, 231.7017, 422.4792, 56.2483, 315.7517, 442.4474, 5.0288, 331.7019, 441.5964, 117.3083, 289.2103, 465.1320, 10.6868, 309.9198, 424.0992, 69.0028, 302.8142, 463.8151, 96.3201, 330.3688, 433.3308, 0.0000, 264.8675, 441.1545, 59.9006, 231.1861, 450.1927, 25.7162, 316.7010, 462.2921, 73.7917, 277.5941, 490.5236, 85.3386, 254.1822, 445.5474, 106.8582, 249.1749, 470.6068, 76.4020, 263.4501, 406.3069, 121.8170, 281.5139, 437.7229, 35.9635, 319.0882, 429.4718, 121.7129, 282.5952, 352.0394, 48.4069, 251.4694, 375.1248, 64.9032, 319.4071, 389.8483, 104.1177, 243.2395, 494.3338, 71.5352, 309.2647, 360.2959, 118.0806, 290.0806, 447.8973, 85.9690, 219.0521, 414.8431, 106.1900, 206.9495, 411.9876, 104.4430, 298.0359, 450.6061, 112.6652, 317.2817, 429.5081, 120.7158, 270.9968, 460.6531, 45.2676, 359.9351, 472.3941, 111.2091, 314.7379, 394.9556, 11.1275, 291.6985, 379.6354, 100.3720, 303.8189, 406.5586, 120.0311, 319.2388, 498.7950, 109.3693, 293.6466, 463.8723, 75.2620}
{274.1065, 301.9043, 33.2177, 493.3956, 319.4798, 52.9340, 522.8709, 267.9127, 75.2791, 515.8301, 325.4250, 34.8611, 502.5969, 268.7721, 65.0662, 478.6075, 308.3042, 66.6841, 548.6210, 323.6264, 67.7257, 472.7899, 264.8675, 0.0000, 471.0573, 298.3988, 40.0753, 536.6085, 253.2183, 68.8671, 507.3108, 317.4545, 14.8695, 560.9756, 286.8636, 32.8744, 512.8262, 368.6682, 36.6902, 504.7405, 294.2113, 44.6274, 481.7312, 356.4509, 75.0311, 485.0275, 269.5263, 54.6247, 459.7917, 381.9333, 42.4895, 422.8302, 304.3375, 32.4102, 445.1136, 326.2280, 74.7229, 472.6136, 328.9059, 38.9164, 554.4488, 317.4774, 61.9636, 453.3974, 352.7453, 86.0736, 547.8830, 309.7730, 48.3135, 488.2043, 364.8673, 57.9232, 509.0867, 367.5441, 70.4762, 500.2762, 366.6745, 58.3358, 520.9500, 361.0177, 37.0015, 493.8719, 308.3693, 98.1425, 551.1888, 368.5955, 89.4006, 436.0556, 269.4289, 54.9958, 445.5227, 296.6288, 60.7576, 453.7227, 317.9267, 56.5864, 553.2898, 366.9414, 71.5148, 554.8433, 244.1690}
{255.9176, 461.1619, 457.4820, 72.0088, 468.3923, 479.0168, 95.4442, 437.7668, 533.7423, 83.0536, 346.3125, 457.2078, 31.9154, 432.0223, 533.9169, 42.9380, 394.4390, 537.4256, 114.3794, 372.9344, 516.7582, 16.8348, 441.1545, 471.0573, 0.0000, 396.6916, 477.8741, 110.5927, 416.9037, 448.7824, 40.3314, 398.4947, 468.9660, 105.0349, 360.2694, 438.1849, 71.2015, 443.5027, 434.5838, 33.7359, 373.7877, 428.4132, 79.7995, 377.0744, 406.3277, 30.9300, 406.3810, 501.1047, 12.0195, 439.7693, 441.2234, 97.8155, 478.6779, 492.2514, 82.1772, 478.5092, 542.3935, 94.0868, 367.6824, 433.4635, 90.6535, 402.0786, 530.2486, 117.3916, 377.6264, 400.0038, 136.8821, 373.4146, 468.2966, 75.9529, 430.5617, 450.9440, 119.6264, 450.0022, 423.6962, 40.4901, 417.1104, 468.8681, 112.6991, 386.9555, 438.9250, 22.8219, 438.1171, 491.3863, 107.7966, 427.0144, 560.3391, 46.4516, 431.9387, 435.4957, 75.2487, 347.7631, 530.6347, 39.8568, 336.9537, 509.7544, 85.9343, 427.3360, 418.6222, 126.6424, 368.3559}
{152.8827, 65.1756, 265.4702, 371.9059, 71.8974, 346.1661, 390.0229, 54.9253, 369.7361, 390.0603, 58.6178, 318.0154, 418.6615, 49.3553, 350.1590, 376.0508, 10.4632, 344.3433, 410.3886, 36.4391, 365.7852, 387.4880, 59.9006, 298.3988, 396.6916, 0.0000, 269.1924, 396.8085, 51.2748, 341.7140, 414.6760, 19.0654, 309.5933, 438.5150, 37.9003, 282.1033, 394.9299, 77.0802, 276.7304, 424.5323, 23.0712, 288.6899, 355.4988, 64.3808, 301.1145, 390.4336, 31.3663, 352.9805, 385.3405, 86.9983, 308.9218, 303.9140, 82.9828, 290.2898, 326.1988, 82.2619, 360.0529, 338.4070, 44.2277, 271.0013, 443.6938, 19.2985, 348.9709, 308.2063, 60.5002, 307.9160, 392.8687, 26.8024, 256.2457, 364.1084, 69.5253, 241.4495, 357.9770, 79.0055, 319.8844, 402.5640, 68.6548, 345.7916, 375.8731, 65.6222, 297.7754, 415.0139, 41.5222, 388.4416, 419.5975, 72.0054, 358.6727, 350.2403, 48.8411, 316.2367, 331.2250, 48.9345, 344.1361, 360.3283, 63.4746, 354.5702, 448.8788, 70.5671, 314.8417, 409.6685, 61.6539}
{263.8728, 267.2068, 22.0499, 494.5023, 284.6186, 92.4339, 523.1030, 234.5722, 100.8395, 516.8697, 301.2838, 74.0215, 508.9172, 235.9656, 81.3350, 481.8807, 279.3745, 76.9317, 548.6264, 296.8409, 99.5191, 478.2055, 231.1861, 40.0753, 477.8741, 269.1924, 0.0000, 536.1720, 221.7964, 108.0188, 512.5878, 288.2214, 54.9407, 563.3436, 261.5128, 55.2647, 514.8594, 336.6425, 54.9990, 511.5998, 267.3253, 70.9708, 481.9136, 329.5514, 103.5282, 489.5217, 239.2394, 89.6556, 466.2955, 350.4784, 77.8164, 422.2530, 268.4599, 21.2748, 445.2613, 290.8294, 91.4059, 471.4860, 302.6477, 52.3713, 558.2699, 287.9182, 79.8963, 450.2551, 325.7546, 115.4412, 545.5696, 282.9055, 13.2920, 488.8351, 333.7209, 31.3713, 506.5380, 335.0256, 104.9721, 504.7206, 336.6034, 98.4006, 519.4786, 333.3219, 68.6872, 500.6602, 275.5793, 137.4215, 552.1450, 337.7962, 95.2706, 440.3493, 236.6370, 90.6620, 446.3020, 272.5682, 75.4277, 457.5394, 294.8097, 88.5321, 557.9352, 336.0834, 104.5273, 554.0121, 218.6619}
{283.6846, 461.5760, 517.7118, 46.8706, 464.7861, 553.2336, 16.0613, 445.9934, 605.2125, 27.8916, 339.8129, 528.5373, 93.2378, 439.9686, 601.3785, 73.2618, 391.8113, 603.1329, 13.6244, 366.1482, 589.8418, 95.7785, 450.1927, 536.6085, 110.5927, 396.8085, 536.1720, 0.0000, 428.8744, 525.7519, 79.2477, 393.2982, 537.1211, 46.2867, 364.9566, 504.3517, 39.4493, 425.8560, 500.0230, 99.4496, 375.6339, 497.0653, 55.1715, 360.5110, 479.8470, 79.8913, 414.2293, 573.7956, 113.4928, 418.3662, 512.5955, 113.9619, 479.3830, 553.1440, 91.5571, 473.8238, 610.6177, 64.9739, 359.4157, 497.8043, 61.4287, 396.8910, 598.0147, 90.9393, 362.1697, 475.5176, 27.4047, 370.7111, 525.0348, 49.8089, 413.2343, 506.6560, 39.6949, 433.0391, 499.1878, 71.8224, 398.6714, 544.2629, 21.1719, 369.1821, 508.2814, 101.2761, 436.0277, 572.0125, 24.3110, 408.5024, 625.4470, 113.7514, 439.7173, 508.9839, 91.7613, 350.2652, 597.3376, 96.3865, 333.3857, 581.5881, 71.9408, 409.2892, 493.6491, 18.8325, 385.0848}
{162.6699, 60.3429, 220.0258, 399.9803, 76.5478, 302.7778, 420.6795, 24.1364, 322.6326, 419.4449, 102.7498, 275.4177, 441.3122, 20.5127, 302.0728, 400.7609, 61.6790, 295.7347, 442.4974, 86.0240, 319.8861, 409.3968, 25.7162, 253.2183, 416.9037, 51.2748, 221.7964, 428.8744, 0.0000, 301.3935, 438.7782, 69.1373, 265.2390, 468.5024, 66.1474, 239.8499, 423.0283, 115.4715, 234.6580, 446.6837, 60.8253, 248.0245, 383.9257, 115.6311, 264.0107, 414.1509, 20.1045, 307.7974, 405.1667, 128.8138, 267.7046, 328.8592, 72.8614, 242.6267, 352.1429, 86.3387, 311.8233, 367.7511, 93.4966, 228.7820, 471.7578, 68.0299, 301.1014, 338.5431, 111.7438, 271.9973, 427.5168, 73.5469, 209.1469, 392.4184, 111.9376, 195.5160, 391.0689, 114.6274, 281.4247, 427.2284, 115.2480, 303.4542, 408.3543, 116.7062, 256.2484, 436.6384, 56.5502, 346.2242, 450.7538, 116.0182, 309.2236, 370.8196, 20.9079, 276.1093, 356.4825, 81.6011, 296.0049, 382.7566, 103.2735, 308.6841, 475.9534, 114.2963, 276.7741, 442.9724, 49.7233}
{286.5596, 355.0026, 94.1053, 480.5076, 372.6642, 33.6021, 511.0533, 319.0818, 89.6834, 502.7291, 359.4157, 34.0723, 480.6936, 318.9817, 100.2890, 462.2489, 350.9250, 108.9196, 536.8566, 362.2025, 70.7181, 452.8714, 316.7010, 68.8671, 448.7824, 341.7140, 108.0188, 525.7519, 301.3935, 0.0000, 487.1114, 360.4165, 54.5505, 545.0341, 323.9236, 63.3858, 498.0707, 415.8628, 67.9675, 481.8942, 333.6576, 53.3701, 470.6086, 394.5687, 48.5357, 466.4858, 315.3688, 57.0435, 438.2336, 427.8962, 34.4178, 414.0957, 359.6878, 100.3681, 434.6897, 380.3842, 105.3164, 463.8873, 366.4552, 73.9061, 536.1161, 361.0112, 96.2638, 448.4697, 391.0920, 50.3939, 540.0999, 348.8048, 113.5398, 476.2109, 410.4800, 116.5539, 502.2305, 415.6777, 27.3455, 481.5916, 410.2936, 21.6694, 512.0764, 400.4624, 46.0937, 471.2993, 357.8336, 50.5767, 537.7690, 413.5185, 129.9181, 418.6995, 319.5992, 25.4834, 434.0077, 331.2428, 100.0624, 436.8557, 350.3616, 66.8999, 533.5739, 411.9950, 33.2476, 544.4337, 282.8991}
{280.8110, 479.7144, 492.5632, 54.7860, 485.6951, 516.9350, 66.4588, 458.6301, 571.2678, 54.8021, 361.6320, 494.5608, 14.0045, 452.7593, 570.6899, 38.7704, 411.5153, 573.8592, 79.7500, 388.4454, 554.5436, 34.5225, 462.2921, 507.3108, 40.3314, 414.6760, 512.5878, 79.2477, 438.7782, 487.1114, 0.0000, 414.7670, 505.7373, 65.2230, 379.3779, 474.4751, 41.7892, 455.9603, 470.7128, 20.4116, 392.1210, 465.1777, 69.1511, 389.3407, 443.9622, 24.7226, 426.8989, 538.7939, 49.2950, 450.9068, 478.5472, 110.7621, 497.4293, 527.5781, 89.0935, 495.5226, 579.3293, 87.1983, 382.6491, 469.3585, 50.3611, 418.3845, 567.0738, 116.4506, 390.2754, 437.9803, 106.6294, 390.2715, 502.6269, 61.8613, 443.0330, 484.9784, 99.4528, 462.7390, 461.7245, 12.9559, 429.0954, 506.9704, 87.4357, 398.9041, 475.8567, 23.0236, 455.7112, 530.3448, 70.9438, 439.0530, 596.6961, 72.7545, 452.6229, 473.1960, 83.5978, 366.0392, 567.2528, 57.1667, 353.1298, 547.3049, 46.4706, 439.5365, 456.5579, 92.5729, 391.2921}
{161.0659, 69.4973, 284.5330, 370.3851, 71.5521, 365.1341, 387.2188, 68.7717, 388.7873, 387.8588, 53.6137, 336.9370, 419.3619, 63.8350, 369.1525, 376.0250, 9.5865, 363.2831, 406.8124, 27.1974, 384.8492, 388.6199, 73.7917, 317.4545, 398.4947, 19.0654, 288.2214, 393.2982, 69.1373, 360.4165, 414.7670, 0.0000, 328.6207, 435.8706, 47.7330, 301.0148, 393.3078, 61.1153, 295.6311, 425.4243, 32.5575, 307.4615, 353.8863, 48.0349, 319.4624, 390.7813, 49.7179, 372.0318, 387.3481, 69.4324, 327.7325, 304.1601, 86.9751, 309.3066, 325.8665, 80.9528, 379.0350, 336.4458, 34.3557, 289.9160, 441.9271, 3.6236, 367.9811, 305.9337, 44.2890, 326.0909, 388.0784, 25.5930, 275.2867, 362.5119, 52.1435, 260.5145, 354.1045, 64.1609, 338.3874, 402.4536, 49.8829, 364.6831, 372.2340, 47.7585, 316.6201, 416.1608, 43.1583, 407.3092, 416.4539, 53.9615, 377.4793, 352.0964, 63.2336, 334.9346, 331.1717, 54.0119, 363.1251, 361.3584, 61.6718, 373.6344, 447.5462, 52.6532, 333.3002, 405.5042, 79.0766}
{278.8911, 314.9134, 46.1965, 493.4020, 332.5253, 38.7139, 523.1556, 280.5238, 69.7730, 515.8254, 334.8505, 21.0185, 500.6392, 281.2085, 64.9601, 477.8319, 319.3861, 69.0826, 548.9532, 333.9551, 58.9233, 471.2223, 277.5941, 14.8695, 468.9660, 309.5933, 54.9407, 537.1211, 265.2390, 54.5505, 505.7373, 328.6207, 0.0000, 560.4129, 296.7993, 33.7466, 512.4564, 380.7061, 38.8614, 502.5768, 304.6412, 40.5631, 482.1011, 366.7559, 67.1488, 483.7839, 281.1406, 44.2001, 457.8389, 393.7621, 31.9973, 423.5997, 317.7355, 45.8585, 445.5660, 339.4474, 73.7055, 473.4853, 339.0446, 42.9417, 553.3525, 328.7530, 61.3406, 455.0492, 363.0879, 77.3002, 549.0747, 320.1596, 62.7842, 488.3964, 376.6098, 70.8994, 510.4219, 379.7511, 59.1881, 499.0259, 378.0481, 43.4989, 521.8688, 371.5878, 30.3190, 491.7523, 320.7379, 83.8797, 551.1644, 380.2153, 92.0890, 434.9808, 281.8593, 43.4542, 445.7397, 306.1023, 61.7817, 452.7904, 327.0211, 48.3106, 551.8869, 378.5831, 61.1208, 555.4773, 254.2989}
{318.2301, 503.5408, 544.0860, 70.2495, 507.4226, 573.9053, 48.7098, 486.4627, 627.2842, 49.2031, 382.2697, 550.4290, 77.3555, 480.4625, 625.1729, 82.8161, 433.9578, 627.6596, 35.4453, 408.8204, 611.1434, 95.2998, 490.5236, 560.9756, 105.0349, 438.5150, 563.3436, 46.2867, 468.5024, 545.0341, 65.2230, 435.8706, 560.4129, 0.0000, 405.6261, 528.3375, 48.5590, 470.2820, 524.2854, 80.9644, 416.9049, 519.9872, 85.2651, 404.5436, 500.5652, 79.9540, 454.6043, 595.2291, 112.4534, 463.1842, 534.4081, 144.2557, 521.3681, 579.4079, 120.3054, 516.6611, 634.1166, 100.7551, 402.2774, 522.4973, 21.1502, 439.4806, 621.6711, 130.3653, 406.0677, 495.2997, 66.5767, 412.7468, 552.7293, 77.1204, 457.5800, 534.6372, 85.1751, 477.4081, 519.0767, 65.7900, 443.0955, 564.3562, 66.6811, 413.4065, 530.9513, 87.5388, 478.3031, 589.6051, 22.2668, 452.9703, 650.2821, 126.3448, 480.2425, 529.8354, 118.0239, 391.2371, 621.4367, 108.1793, 375.3092, 603.4304, 32.5477, 453.7057, 513.7332, 45.2429, 423.4074}
