50 3 [30, 30, 30]
capacities = [100000, 58, 30, 53, 51, 40, 38, 35, 40, 31, 42, 43, 48, 45, 35, 33, 42, 57, 24, 51, 52, 35, 41, 53, 38, 31, 56, 38, 54, 30, 29, 51, 49, 44, 51, 53, 37, 37, 25, 57, 26, 53, 37, 25, 47, 51, 32, 50, 53, 44, 47]
initial     = [50000, 26, 22, 31, 41, 3, 19, 26, 16, 16, 20, 30, 13, 35, 14, 20, 31, 25, 6, 30, 31, 15, 21, 39, 15, 25, 16, 0, 38, 22, 12, 39, 19, 17, 31, 47, 21, 15, 11, 21, 13, 27, 4, 8, 12, 12, 18, 26, 12, 26, 24]
target      = [0, 29, 20, 28, 33, 14, 25, 17, 19, 17, 22, 28, 23, 29, 16, 19, 18, 28, 12, 31, 26, 15, 20, 30, 14, 11, 29, 12, 31, 18, 11, 34, 21, 14, 27, 33, 12, 12, 8, 20, 10, 18, 13, 9, 19, 20, 20, 22, 25, 25, 18]
weights    = [0.000000, 0.679630, 0.087037, 0.605556, 0.975926, 0.531481, 0.383333, 0.309259, 0.161111, 0.309259, 0.161111, 0.605556, 0.235185, 0.679630, 0.383333, 0.161111, 0.235185, 0.605556, 0.679630, 0.827778, 0.457407, 0.457407, 0.087037, 0.753704, 0.531481, 0.753704, 0.679630, 0.679630, 0.827778, 0.235185, 0.753704, 1.000000, 0.087037, 0.531481, 0.531481, 0.975926, 0.679630, 0.679630, 0.975926, 0.087037, 0.827778, 0.235185, 0.605556, 0.901852, 0.161111, 0.087037, 0.087037, 0.161111, 0.383333, 0.383333, 0.235185]
min_ratio  = [0.0000, 0.4483, 0.7333, 0.5849, 0.8039, 0.0750, 0.5000, 0.7429, 0.4000, 0.5161, 0.4762, 0.6977, 0.2708, 0.7778, 0.4000, 0.6061, 0.7381, 0.4386, 0.2500, 0.5882, 0.5962, 0.4286, 0.5122, 0.7358, 0.3947, 0.8065, 0.2857, 0.0000, 0.7037, 0.7333, 0.4138, 0.7647, 0.3878, 0.3864, 0.6078, 0.8868, 0.5676, 0.4054, 0.4400, 0.3684, 0.5000, 0.5094, 0.1081, 0.3200, 0.2553, 0.2353, 0.5625, 0.5200, 0.2264, 0.5909, 0.5106]
points = [(584400.000, 4511800.000), (584639.169, 4511878.594), (584440.836, 4512333.554), (584178.943, 4511527.993), (584655.523, 4511897.036), (584411.334, 4512188.918), (584226.298, 4511498.202), (584726.072, 4511807.424), (584404.570, 4512297.449), (584077.764, 4511593.283), (584640.623, 4511893.138), (584355.271, 4512254.882), (584166.366, 4511618.809), (584743.815, 4511886.644), (584438.252, 4512298.389), (584162.537, 4511574.541), (584731.346, 4511861.483), (584302.775, 4512143.804), (584197.642, 4511507.511), (584650.940, 4511864.052), (584471.987, 4512208.195), (584229.982, 4511490.027), (584748.270, 4511815.867), (584353.950, 4512216.485), (584217.184, 4511548.231), (584581.164, 4511820.177), (584448.437, 4512281.170), (584233.955, 4511613.260), (584575.816, 4511794.295), (584355.142, 4512169.301), (584084.238, 4511446.906), (584650.747, 4511867.482), (584385.113, 4512200.969), (584051.294, 4511564.418), (584600.008, 4511901.646), (584290.590, 4512171.359), (584180.018, 4511541.292), (584666.021, 4511815.131), (584428.141, 4512207.471), (584050.405, 4511454.687), (584690.884, 4511772.430), (584399.087, 4512259.634), (584169.782, 4511459.267), (584619.416, 4511808.793), (584413.475, 4512210.496), (584241.551, 4511584.838), (584738.783, 4511745.534), (584465.211, 4512168.113), (584234.561, 4511573.686), (584685.890, 4511843.194), (584388.775, 4512227.822)]
distances = [
{0.0000, 167.8344, 356.7432, 233.6702, 182.2183, 259.3889, 232.1437, 217.4378, 331.6464, 255.2277, 172.0128, 304.7171, 197.1072, 236.3761, 333.2368, 218.2965, 224.6677, 238.1912, 237.1111, 172.6571, 276.3295, 235.6922, 232.4210, 279.3486, 207.4284, 121.5228, 322.4010, 166.5905, 117.2721, 248.0102, 315.7924, 173.1123, 267.4968, 280.5511, 149.5697, 258.0937, 226.3937, 177.6337, 272.2947, 327.5890, 194.7917, 306.4231, 274.1450, 146.3945, 273.8111, 178.1396, 228.7556, 249.2293, 186.8902, 192.7565, 285.3127}
{167.8344, 0.0000, 330.8747, 385.7052, 16.4325, 256.6538, 374.2606, 74.8844, 320.0529, 419.8292, 9.7446, 314.2477, 359.6489, 69.9697, 310.2661, 376.9030, 62.5007, 285.5774, 384.5047, 12.4721, 246.3848, 376.1904, 83.8983, 294.7848, 357.2809, 54.8821, 296.9823, 322.9039, 70.3006, 270.9508, 468.7110, 10.6977, 273.6344, 444.3742, 30.2953, 303.4753, 379.8199, 45.9398, 260.5067, 483.6620, 78.7265, 300.2452, 419.6082, 48.3614, 267.5790, 329.5740, 110.8109, 225.1744, 337.7547, 39.0780, 286.4786}
{356.7432, 330.8747, 0.0000, 564.7090, 324.3037, 98.4094, 574.9741, 398.9840, 34.1162, 549.6756, 322.4086, 77.4905, 510.4226, 359.9536, 23.5066, 538.9499, 369.5327, 156.4409, 574.0659, 342.9129, 86.1144, 579.6542, 401.3953, 97.1928, 544.3667, 354.8073, 35.2888, 499.6105, 370.5971, 123.5092, 637.1140, 340.7741, 95.8793, 574.7710, 306.8698, 147.3939, 556.0595, 376.8121, 84.4802, 641.1253, 409.5446, 56.5969, 610.2275, 369.5437, 84.0425, 516.5229, 439.4649, 111.4852, 524.9122, 365.4555, 78.5696}
{233.6702, 385.7052, 564.7090, 0.0000, 401.8409, 467.0606, 37.2980, 409.5700, 534.5690, 80.2766, 392.4164, 498.6463, 61.1213, 446.0747, 541.9107, 32.9028, 430.1754, 418.7585, 18.4897, 386.2741, 493.7609, 42.4078, 425.3132, 473.5904, 28.8438, 331.4301, 533.2924, 67.6485, 318.6254, 443.3816, 83.1172, 387.5001, 469.2322, 88.4961, 375.2997, 435.3206, 8.8950, 376.9425, 482.4892, 98.6481, 378.2022, 509.3617, 46.2232, 348.2431, 481.1167, 56.3761, 400.4138, 467.4765, 47.9874, 397.9657, 487.0727}
{182.2183, 16.4325, 324.3037, 401.8409, 0.0000, 253.7044, 390.6131, 76.0339, 315.0361, 435.1605, 10.2678, 311.4161, 375.1653, 59.2675, 304.2596, 392.7325, 55.8295, 286.9962, 400.7686, 22.2002, 240.8371, 392.5650, 82.1663, 292.8738, 373.4563, 71.2945, 290.9323, 338.7877, 86.6895, 270.2731, 484.8748, 19.9580, 271.2086, 459.8201, 37.1376, 304.3600, 395.9004, 55.0503, 256.5346, 499.7067, 86.3511, 296.0755, 435.9340, 63.5631, 264.0235, 345.6655, 115.2490, 220.8079, 353.8761, 41.2101, 283.2929}
{259.3889, 256.6538, 98.4094, 467.0606, 253.7044, 0.0000, 476.7141, 329.7124, 72.4939, 455.1191, 249.4964, 57.7131, 413.6744, 299.5647, 75.1546, 441.8944, 305.2293, 78.3735, 476.0862, 269.1127, 42.4281, 481.3581, 335.1237, 42.4416, 446.3060, 270.6473, 66.2887, 401.5781, 285.0196, 39.6790, 540.6063, 267.1988, 19.2385, 480.5691, 229.1267, 81.3429, 458.4644, 301.5385, 16.6893, 545.4317, 334.4055, 47.8455, 512.3972, 288.9008, 14.4555, 418.3244, 367.4614, 38.5027, 426.7496, 294.3211, 29.9807}
{232.1437, 374.2606, 574.9741, 37.2980, 390.6131, 476.7141, 0.0000, 391.8002, 545.9244, 117.5729, 381.5982, 511.7280, 89.7844, 431.3854, 551.8548, 66.3093, 414.7533, 433.4102, 20.0868, 373.6705, 500.8671, 5.9779, 407.3577, 486.3580, 33.9010, 319.4420, 542.5795, 76.8745, 305.3837, 455.5698, 100.6918, 375.0697, 480.3253, 124.7417, 366.6215, 450.8130, 42.1564, 361.3549, 491.6201, 120.7976, 359.6544, 520.5268, 45.7536, 334.0043, 490.9839, 58.6453, 379.3640, 474.1583, 50.6231, 383.1124, 498.3275}
{217.4378, 74.8844, 398.9840, 409.5700, 76.0339, 329.7124, 391.8002, 0.0000, 390.7190, 455.1723, 80.6876, 387.4203, 393.7552, 54.1221, 379.4077, 406.5057, 36.2107, 360.4516, 405.0713, 62.7222, 316.3524, 392.6243, 15.8332, 368.6649, 380.7295, 96.9788, 366.0704, 352.6906, 100.5527, 345.4752, 490.7698, 64.2253, 347.1350, 478.1343, 104.9236, 378.3551, 404.9698, 40.3627, 332.5331, 508.1336, 33.0843, 372.0295, 437.5043, 71.1102, 340.0547, 355.4686, 42.1212, 296.7568, 362.8383, 35.8648, 359.3227}
{331.6464, 320.0529, 34.1162, 534.5690, 315.0361, 72.4939, 545.9244, 390.7190, 0.0000, 517.5373, 312.1166, 43.4223, 479.4875, 355.1819, 22.4631, 508.2321, 363.2251, 122.8710, 544.3940, 332.3520, 74.5687, 550.7209, 394.4336, 63.6574, 514.8641, 339.2630, 31.1930, 470.0940, 354.3308, 91.5666, 605.9099, 330.3020, 65.6147, 542.4792, 294.2828, 113.3139, 525.8626, 365.7485, 62.0089, 609.4368, 398.6758, 25.4735, 580.2968, 355.8671, 58.2719, 487.3461, 430.1464, 95.2308, 495.6410, 356.2071, 47.5972}
{255.2277, 419.8292, 549.6756, 80.2766, 435.1605, 455.1191, 117.5729, 455.1723, 517.5373, 0.0000, 425.1651, 478.2944, 61.4698, 485.1957, 527.9419, 57.8800, 470.9798, 396.4862, 98.2683, 422.6089, 486.9534, 122.6230, 470.9903, 454.4391, 97.6785, 368.1134, 520.9333, 104.9752, 358.0570, 426.2157, 97.6802, 423.4743, 453.9923, 26.1101, 404.3242, 410.6721, 76.4745, 419.1322, 471.4004, 94.1804, 425.8372, 493.1852, 108.3772, 388.6331, 468.4030, 109.3359, 452.2172, 462.1416, 105.3445, 438.3162, 471.1061}
{172.0128, 9.7446, 322.4086, 392.4164, 10.2678, 249.4964, 381.5982, 80.6876, 312.1166, 425.1651, 0.0000, 307.1621, 365.2556, 68.9308, 301.9806, 383.0110, 64.0580, 280.4554, 391.5440, 20.5742, 238.2335, 383.6226, 88.3397, 288.0852, 364.0889, 62.7469, 288.6783, 329.1135, 78.7960, 264.7977, 475.4817, 18.3873, 266.7042, 449.8718, 27.6644, 298.0898, 386.4091, 54.6919, 252.9416, 490.1683, 87.1696, 292.6193, 426.8414, 57.9803, 260.1808, 336.1925, 118.1761, 217.4400, 344.4385, 44.9372, 279.2372}
{304.7171, 314.2477, 77.4905, 498.6463, 311.4161, 57.7131, 511.7280, 387.4203, 43.4223, 478.2944, 307.1621, 0.0000, 442.3544, 356.8786, 62.4634, 471.4089, 362.8253, 81.9053, 509.2086, 326.7128, 83.8046, 516.6989, 392.8145, 25.6132, 480.0112, 326.5960, 64.5357, 435.3268, 340.4442, 57.0540, 568.1485, 324.8140, 41.0807, 502.9435, 286.4895, 70.4263, 489.8632, 358.9779, 57.9573, 570.8685, 391.8028, 29.3821, 544.6344, 345.6189, 48.7986, 453.0837, 425.0581, 93.3706, 461.2053, 352.0075, 28.7116}
{197.1072, 359.6489, 510.4226, 61.1213, 375.1653, 413.6744, 89.7844, 393.7552, 479.4875, 61.4698, 365.2556, 442.3544, 0.0000, 424.3600, 487.9672, 29.6217, 409.9286, 361.6183, 77.0726, 362.0662, 442.6089, 95.7583, 409.5771, 417.6146, 57.9799, 307.3954, 479.9474, 45.2111, 296.9810, 387.9737, 127.0091, 362.9898, 414.6008, 84.8526, 345.1521, 377.5613, 52.4728, 357.8935, 429.4961, 133.9697, 364.3679, 454.5161, 106.3858, 327.5147, 427.4767, 55.0022, 390.8515, 416.8897, 54.5148, 377.2737, 432.2361}
{236.3761, 69.9697, 359.9536, 446.0747, 59.2675, 299.5647, 431.3854, 54.1221, 355.1819, 485.1957, 68.9308, 356.8786, 424.3600, 0.0000, 341.8269, 439.8441, 18.7209, 340.3573, 443.2440, 63.7219, 280.7019, 432.7325, 47.2780, 340.4503, 417.3270, 117.1383, 328.5650, 385.6861, 127.8054, 320.3895, 528.4824, 63.3468, 317.9565, 509.2108, 96.3916, 356.8222, 440.7744, 70.4466, 300.0590, 544.6320, 83.9223, 338.5973, 477.1050, 97.8343, 308.4035, 390.6439, 94.1336, 264.0241, 398.4870, 48.2730, 328.2648}
{333.2368, 310.2661, 23.5066, 541.9107, 304.2596, 75.1546, 551.8548, 379.4077, 22.4631, 527.9419, 301.9806, 62.4634, 487.9672, 341.8269, 0.0000, 516.3868, 350.7396, 137.0330, 551.1128, 322.4109, 64.1976, 556.5073, 382.3546, 78.3588, 521.3698, 332.7402, 13.3374, 476.6269, 348.3515, 102.3526, 614.7627, 320.3018, 73.9803, 553.1528, 285.6339, 129.8559, 533.2836, 356.1633, 60.9855, 619.0525, 388.9911, 36.7326, 587.3494, 348.0263, 60.8794, 493.4445, 419.5069, 88.6912, 501.8563, 345.4642, 57.4560}
{218.2965, 376.9030, 538.9499, 32.9028, 392.7325, 441.8944, 66.3093, 406.5057, 508.2321, 57.8800, 383.0110, 471.4089, 29.6217, 439.8441, 516.3868, 0.0000, 424.7239, 390.8546, 50.4443, 378.5080, 470.1188, 72.0845, 422.3328, 446.5820, 40.4336, 323.5807, 508.1829, 54.1585, 312.0474, 416.7788, 99.8255, 379.5685, 443.1962, 74.4690, 364.1597, 406.9335, 25.0427, 372.0087, 457.6005, 109.4202, 376.1263, 483.1872, 77.0015, 342.2873, 455.7815, 53.1209, 400.7201, 444.1912, 48.0193, 392.1862, 460.8972}
{224.6677, 62.5007, 369.5327, 430.1754, 55.8295, 305.2293, 414.7533, 36.2107, 363.2251, 470.9798, 64.0580, 362.8253, 409.9286, 18.7209, 350.7396, 424.7239, 0.0000, 342.1356, 426.9457, 53.6311, 288.6570, 415.9835, 32.4361, 345.4169, 401.3808, 103.8390, 337.4246, 370.5925, 112.9480, 324.0584, 512.3463, 53.8814, 323.2665, 494.7360, 91.5612, 359.1894, 425.0409, 53.3996, 306.6963, 528.7988, 65.2096, 345.7165, 460.4984, 82.4745, 314.7141, 375.0150, 77.4585, 270.6778, 382.7513, 32.6645, 334.3707}
{238.1912, 285.5774, 156.4409, 418.7585, 286.9962, 78.3735, 433.4102, 360.4516, 122.8710, 396.4862, 280.4554, 81.9053, 361.6183, 340.3573, 137.0330, 390.8546, 342.1356, 0.0000, 429.9467, 297.7543, 120.6994, 438.5446, 368.7867, 59.2596, 401.1282, 284.5932, 133.4776, 356.6594, 295.6781, 38.8293, 486.9064, 296.2264, 66.8244, 421.0733, 255.5930, 20.0858, 409.9265, 326.5805, 93.7378, 489.2500, 358.1107, 100.4269, 464.8913, 307.3136, 86.1583, 374.8726, 393.6847, 109.4962, 382.7894, 324.6491, 80.1528}
{237.1111, 384.5047, 574.0659, 18.4897, 400.7686, 476.0862, 20.0868, 405.0713, 544.3940, 98.2683, 391.5440, 509.2086, 77.0726, 443.2440, 551.1128, 50.4443, 426.9457, 429.9467, 0.0000, 384.4772, 501.6523, 24.5089, 420.7270, 484.0000, 30.1107, 329.8816, 542.1956, 74.5400, 316.4108, 453.5158, 85.7213, 385.7940, 478.9014, 104.6821, 375.4942, 446.8822, 25.4017, 373.5764, 491.2908, 104.2841, 373.2557, 519.0885, 37.1406, 345.5519, 490.2479, 59.2827, 394.1171, 475.1551, 50.5183, 395.0076, 496.8255}
{172.6571, 12.4721, 342.9129, 386.2741, 22.2002, 269.1127, 373.6705, 62.7222, 332.3520, 422.6089, 20.5742, 326.7128, 362.0662, 63.7219, 322.4109, 378.5080, 53.6311, 297.7543, 384.4772, 0.0000, 258.5933, 375.4113, 72.4031, 307.2543, 357.7014, 54.9495, 309.1167, 324.3959, 68.3447, 283.3711, 469.1183, 2.2902, 286.1054, 446.8938, 42.2027, 315.7278, 380.6087, 34.1290, 272.9069, 484.5261, 66.6342, 312.6336, 419.1871, 42.4129, 280.0097, 330.3603, 98.3489, 237.5317, 338.4171, 27.1341, 298.9302}
{276.3295, 246.3848, 86.1144, 493.7609, 240.8371, 42.4281, 500.8671, 316.3524, 74.5687, 486.9534, 238.2335, 83.8046, 442.6089, 280.7019, 64.1976, 470.1188, 288.6570, 120.6994, 501.6523, 258.5933, 0.0000, 505.2313, 319.8985, 78.8852, 471.6299, 268.7238, 51.1203, 427.1910, 284.4830, 82.0989, 569.5653, 256.5068, 58.1158, 512.6974, 221.4716, 123.3993, 485.3431, 292.2321, 29.2342, 575.6178, 325.1036, 59.4803, 538.4019, 283.8292, 39.0376, 443.0576, 356.0501, 27.1009, 451.6501, 282.0406, 56.9963}
{235.6922, 376.1904, 579.6542, 42.4078, 392.5650, 481.3581, 5.9779, 392.6243, 550.7209, 122.6230, 383.6226, 516.6989, 95.7583, 432.7325, 556.5073, 72.0845, 415.9835, 438.5446, 24.5089, 375.4113, 505.2313, 0.0000, 408.1365, 491.3060, 39.7292, 321.3360, 547.1661, 82.1978, 307.0867, 460.4721, 101.3259, 376.8380, 485.1135, 129.0366, 368.9922, 456.0146, 47.7239, 362.5968, 496.2050, 122.0143, 360.3590, 525.3108, 45.0692, 335.5064, 495.6453, 63.6761, 379.5683, 478.4849, 55.8562, 384.4647, 503.1264}
{232.4210, 83.8983, 401.3953, 425.3132, 82.1663, 335.1237, 407.3577, 15.8332, 394.4336, 470.9903, 88.3397, 392.8145, 409.5771, 47.2780, 382.3546, 422.3328, 32.4361, 368.7867, 420.7270, 72.4031, 319.8985, 408.1365, 0.0000, 374.7491, 396.4748, 111.4412, 369.0267, 368.5226, 115.8658, 352.4298, 506.4346, 73.5602, 352.8842, 493.9650, 114.1925, 386.3476, 420.7412, 54.8353, 337.2017, 523.8606, 47.9816, 376.4498, 453.0456, 86.0324, 345.0082, 371.2676, 47.3139, 301.2562, 378.6224, 45.4020, 364.5045}
{279.3486, 294.7848, 97.1928, 473.5904, 292.8738, 42.4416, 486.3580, 368.6649, 63.6574, 454.4391, 288.0852, 25.6132, 417.6146, 340.4503, 78.3588, 446.5820, 345.4169, 59.2596, 484.0000, 307.2543, 78.8852, 491.3060, 374.7491, 0.0000, 454.7374, 304.5480, 76.3382, 410.0293, 317.9577, 31.4660, 543.6484, 305.4257, 23.2082, 479.2548, 266.3897, 51.8579, 464.8235, 338.9352, 49.8248, 546.6971, 371.6089, 41.6291, 519.5285, 324.3352, 39.8842, 427.7128, 405.4582, 80.8809, 435.8611, 333.0200, 24.4164}
{207.4284, 357.2809, 544.3667, 28.8438, 373.4563, 446.3060, 33.9010, 380.7295, 514.8641, 97.6785, 364.0889, 480.0112, 57.9799, 417.3270, 521.3698, 40.4336, 401.3808, 401.1282, 30.1107, 357.7014, 471.6299, 39.7292, 396.4748, 454.7374, 0.0000, 302.9020, 512.3705, 44.7715, 289.9538, 424.1388, 111.4373, 358.9482, 449.3293, 111.1186, 347.3435, 418.2914, 25.2052, 348.1317, 461.4479, 127.4808, 349.3850, 489.5274, 67.2030, 319.5019, 460.4952, 29.3172, 371.7792, 445.1074, 20.5478, 369.1970, 467.2797}
{121.5228, 54.8821, 354.8073, 331.4301, 71.2945, 270.6473, 319.4420, 96.9788, 339.2630, 368.1134, 62.7469, 326.5960, 307.3954, 117.1383, 332.7402, 323.5807, 103.8390, 284.5932, 329.8816, 54.9495, 268.7238, 321.3360, 111.4412, 304.5480, 302.9020, 0.0000, 319.8132, 269.4594, 17.6190, 277.2673, 414.3355, 56.0933, 285.5316, 392.2444, 55.7467, 303.8727, 325.7094, 56.6710, 277.6193, 429.6190, 79.7726, 317.1221, 364.8389, 26.6064, 283.2103, 275.4565, 116.2667, 244.4990, 283.5420, 71.4838, 300.5090}
{322.4010, 296.9823, 35.2888, 533.2924, 290.9323, 66.2887, 542.5795, 366.0704, 31.1930, 520.9333, 288.6783, 64.5357, 479.9474, 328.5650, 13.3374, 508.1829, 337.4246, 133.4776, 542.1956, 309.1167, 51.1203, 547.1661, 369.0267, 76.3382, 512.3705, 319.8132, 0.0000, 467.6685, 335.5078, 97.1107, 606.8632, 307.0046, 68.1242, 546.2827, 272.4473, 128.1908, 524.7082, 342.8867, 50.9611, 611.5564, 375.7052, 35.8961, 578.5705, 334.9123, 52.5658, 484.2771, 406.1786, 76.1965, 492.7364, 332.1357, 53.3561}
{166.5905, 322.9039, 499.6105, 67.6485, 338.7877, 401.5781, 76.8745, 352.6906, 470.0940, 104.9752, 329.1135, 435.3268, 45.2111, 385.6861, 476.6269, 54.1585, 370.5925, 356.6594, 74.5400, 324.3959, 427.1910, 82.1978, 368.5226, 410.0293, 44.7715, 269.4594, 467.6685, 0.0000, 257.8911, 379.3959, 149.2033, 325.4702, 404.5579, 126.0523, 310.6704, 373.9768, 59.9574, 317.9326, 416.7578, 161.7074, 322.5724, 444.7560, 111.2198, 288.1459, 415.7554, 19.6128, 347.9131, 400.7443, 26.3855, 338.0436, 422.5088}
{117.2721, 70.3006, 370.5971, 318.6254, 86.6895, 285.0196, 305.3837, 100.5527, 354.3308, 358.0570, 78.7960, 340.4442, 296.9810, 127.8054, 348.3515, 312.0474, 112.9480, 295.6781, 316.4108, 68.3447, 284.4830, 307.0867, 115.8658, 317.9577, 289.9538, 17.6190, 335.5078, 257.8911, 0.0000, 290.0775, 401.2910, 69.8284, 299.4447, 381.7893, 73.3620, 315.1933, 313.1675, 61.7200, 292.5157, 417.0745, 78.0849, 331.8453, 350.9402, 30.6314, 297.8270, 262.9789, 113.4041, 259.8914, 270.9021, 80.2982, 314.7693}
{248.0102, 270.9508, 123.5092, 443.3816, 270.2731, 39.6790, 455.5698, 345.4752, 91.5666, 426.2157, 264.7977, 57.0540, 387.9737, 320.3895, 102.3526, 416.7788, 324.0584, 38.8293, 453.5158, 283.3711, 82.0989, 460.4721, 352.4298, 31.4660, 424.1388, 277.2673, 97.1107, 379.3959, 290.0775, 0.0000, 514.3466, 281.6432, 29.0681, 451.2732, 241.8432, 43.0563, 434.6457, 314.1706, 54.9179, 517.9177, 346.5574, 66.9700, 489.2203, 297.9983, 47.6087, 396.9325, 381.0858, 73.3835, 405.1318, 309.6521, 44.9984}
{315.7924, 468.7110, 637.1140, 83.1172, 484.8748, 540.6063, 100.6918, 490.7698, 605.9099, 97.6802, 475.4817, 568.1485, 127.0091, 528.4824, 614.7627, 99.8255, 512.3463, 486.9064, 85.7213, 469.1183, 569.5653, 101.3259, 506.4346, 543.6484, 111.4373, 414.3355, 606.8632, 149.2033, 401.2910, 514.3466, 0.0000, 470.3739, 541.2482, 81.3618, 458.4062, 502.1787, 89.6475, 459.0134, 556.4687, 23.1446, 458.9769, 581.0550, 57.6212, 430.6980, 554.3630, 139.4791, 479.6329, 543.7643, 131.0983, 480.2913, 558.7973}
{173.1123, 10.6977, 340.7741, 387.5001, 19.9580, 267.1988, 375.0697, 64.2253, 330.3020, 423.4743, 18.3873, 324.8140, 362.9898, 63.3468, 320.3018, 379.5685, 53.8814, 296.2264, 385.7940, 2.2902, 256.5068, 376.8380, 73.5602, 305.4257, 358.9482, 56.0933, 307.0046, 325.4702, 69.8284, 281.6432, 470.3739, 0.0000, 284.2334, 447.8054, 40.7791, 314.1503, 381.8001, 36.3563, 270.9208, 485.7114, 68.7864, 310.6375, 420.5644, 44.3527, 278.0532, 331.5479, 100.2706, 235.5156, 339.6249, 28.4799, 297.0023}
{267.4968, 273.6344, 95.8793, 469.2322, 271.2086, 19.2385, 480.3253, 347.1350, 65.6147, 453.9923, 266.7042, 41.0807, 414.6008, 317.9565, 73.9803, 443.1962, 323.2665, 66.8244, 478.9014, 286.1054, 58.1158, 485.1135, 352.8842, 23.2082, 449.3293, 285.5316, 68.1242, 404.5579, 299.4447, 29.0681, 541.2482, 284.2334, 0.0000, 479.1811, 245.6500, 66.0348, 460.5491, 318.1756, 29.0112, 545.2690, 350.9617, 40.2040, 514.8852, 304.5579, 19.9464, 421.7569, 384.4210, 57.7164, 430.0643, 311.6049, 18.0676}
{280.5511, 444.3742, 574.7710, 88.4961, 459.8201, 480.5691, 124.7417, 478.1343, 542.4792, 26.1101, 449.8718, 502.9435, 84.8526, 509.2108, 553.1528, 74.4690, 494.7360, 421.0733, 104.6821, 446.8938, 512.6974, 129.0366, 493.9650, 479.2548, 111.1186, 392.2444, 546.2827, 126.0523, 381.7893, 451.2732, 81.3618, 447.8054, 479.1811, 0.0000, 429.3715, 434.9405, 87.1900, 442.5914, 496.8935, 73.1562, 448.3771, 518.2385, 105.6120, 412.3006, 493.7800, 127.5665, 473.9642, 487.9775, 122.3346, 462.0866, 496.2072}
{149.5697, 30.2953, 306.8698, 375.2997, 37.1376, 229.1267, 366.6215, 104.9236, 294.2828, 404.3242, 27.6644, 286.4895, 345.1521, 96.3916, 285.6339, 364.1597, 91.5612, 255.5930, 375.4942, 42.2027, 221.4716, 368.9922, 114.1925, 266.3897, 347.3435, 55.7467, 272.4473, 310.6704, 73.3620, 241.8432, 458.4062, 40.7791, 245.6500, 429.3715, 0.0000, 273.6453, 368.9301, 72.5493, 233.8728, 472.2690, 105.3153, 273.6780, 411.3901, 63.2401, 240.5385, 318.9279, 139.2516, 199.0808, 327.3521, 69.2578, 259.0663}
{258.0937, 303.4753, 147.3939, 435.3206, 304.3600, 81.3429, 450.8130, 378.3551, 113.3139, 410.6721, 298.0898, 70.4263, 377.5613, 356.8222, 129.8559, 406.9335, 359.1894, 20.0858, 446.8822, 315.7278, 123.3993, 456.0146, 386.3476, 51.8579, 418.2914, 303.8727, 128.1908, 373.9768, 315.1933, 43.0563, 502.1787, 314.1503, 66.0348, 434.9405, 273.6453, 0.0000, 426.4634, 345.0259, 94.8085, 503.8990, 376.7578, 93.2476, 481.5115, 326.3129, 85.9780, 392.3781, 412.1510, 116.4338, 400.1953, 342.5097, 75.5084}
{226.3937, 379.8199, 556.0595, 8.8950, 395.9004, 458.4644, 42.1564, 404.9698, 525.8626, 76.4745, 386.4091, 489.8632, 52.4728, 440.7744, 533.2836, 25.0427, 425.0409, 409.9265, 25.4017, 380.6087, 485.3431, 47.7239, 420.7412, 464.8235, 25.2052, 325.7094, 524.7082, 59.9574, 313.1675, 434.6457, 89.6475, 381.8001, 460.5491, 87.1900, 368.9301, 426.4634, 0.0000, 371.8937, 473.9244, 103.9231, 373.8143, 500.6686, 55.1081, 342.9459, 472.5041, 50.2550, 396.6152, 459.0999, 42.2918, 392.7405, 478.3780}
{177.6337, 45.9398, 376.8121, 376.9425, 55.0503, 301.5385, 361.3549, 40.3627, 365.7485, 419.1322, 54.6919, 358.9779, 357.8935, 70.4466, 356.1633, 372.0087, 53.3996, 326.5805, 373.5764, 34.1290, 292.2321, 362.5968, 54.8353, 338.9352, 348.1317, 56.6710, 342.8867, 317.9326, 61.7200, 314.1706, 459.0134, 36.3563, 318.1756, 442.5914, 72.5493, 345.0259, 371.8937, 0.0000, 305.8815, 475.5826, 32.9414, 345.6631, 407.0994, 31.3560, 312.7601, 321.9450, 67.1255, 270.7364, 329.6143, 22.9237, 331.4473}
{272.2947, 260.5067, 84.4802, 482.4892, 256.5346, 16.6893, 491.6201, 332.5331, 62.0089, 471.4004, 252.9416, 57.9573, 429.4961, 300.0590, 60.9855, 457.6005, 306.6963, 93.7378, 491.2908, 272.9069, 29.2342, 496.2050, 337.2017, 49.8248, 461.4479, 277.6193, 50.9611, 416.7578, 292.5157, 54.9179, 556.4687, 270.9208, 29.0112, 496.8935, 233.8728, 94.8085, 473.9244, 305.8815, 0.0000, 561.4937, 338.8183, 39.8054, 527.7038, 294.7923, 9.9830, 433.3274, 371.1154, 36.0447, 441.7928, 297.4950, 29.5433}
{327.5890, 483.6620, 641.1253, 98.6481, 499.7067, 545.4317, 120.7976, 508.1336, 609.4368, 94.1804, 490.1683, 570.8685, 133.9697, 544.6320, 619.0525, 109.4202, 528.7988, 489.2500, 104.2841, 484.5261, 575.6178, 122.0143, 523.8606, 546.6971, 127.4808, 429.6190, 611.5564, 161.7074, 417.0745, 517.9177, 23.1446, 485.7114, 545.2690, 73.1562, 472.2690, 503.8990, 103.9231, 475.5826, 561.4937, 0.0000, 476.6428, 584.8145, 79.6432, 446.7980, 558.9937, 154.1659, 498.1996, 550.1675, 146.1725, 496.5568, 562.6255}
{194.7917, 78.7265, 409.5446, 378.2022, 86.3511, 334.4055, 359.6544, 33.0843, 398.6758, 425.8372, 87.1696, 391.8028, 364.3679, 83.9223, 388.9911, 376.1263, 65.2096, 358.1107, 373.2557, 66.6342, 325.1036, 360.3590, 47.9816, 371.6089, 349.3850, 79.7726, 375.7052, 322.5724, 78.0849, 346.5574, 458.9769, 68.7864, 350.9617, 448.3771, 105.3153, 376.7578, 373.8143, 32.9414, 338.8183, 476.6428, 0.0000, 378.6017, 405.3085, 53.4582, 345.6763, 324.6132, 36.6226, 303.6764, 331.8161, 47.2938, 364.3268}
{306.4231, 300.2452, 56.5969, 509.3617, 296.0755, 47.8455, 520.5268, 372.0295, 25.4735, 493.1852, 292.6193, 29.3821, 454.5161, 338.5973, 36.7326, 483.1872, 345.7165, 100.4269, 519.0885, 312.6336, 59.4803, 525.3108, 376.4498, 41.6291, 489.5274, 317.1221, 35.8961, 444.7560, 331.8453, 66.9700, 581.0550, 310.6375, 40.2040, 518.2385, 273.6780, 93.2476, 500.6686, 345.6631, 39.8054, 584.8145, 378.6017, 0.0000, 555.0450, 334.5328, 34.1343, 461.9605, 410.7946, 75.2727, 470.2683, 337.0974, 22.2942}
{274.1450, 419.6082, 610.2275, 46.2232, 435.9340, 512.3972, 45.7536, 437.5043, 580.2968, 108.3772, 426.8414, 544.6344, 106.3858, 477.1050, 587.3494, 77.0015, 460.4984, 464.8913, 37.1406, 419.1871, 538.4019, 45.0692, 453.0456, 519.5285, 67.2030, 364.8389, 578.5705, 111.2198, 350.9402, 489.2203, 57.6212, 420.5644, 514.8852, 105.6120, 411.3901, 481.5115, 55.1081, 407.0994, 527.7038, 79.6432, 405.3085, 555.0450, 0.0000, 379.6719, 526.5113, 96.4227, 424.6366, 511.9641, 87.6566, 428.8323, 532.7645}
{146.3945, 48.3614, 369.5437, 348.2431, 63.5631, 288.9008, 334.0043, 71.1102, 355.8671, 388.6331, 57.9803, 345.6189, 327.5147, 97.8343, 348.0263, 342.2873, 82.4745, 307.3136, 345.5519, 42.4129, 283.8292, 335.5064, 86.0324, 324.3352, 319.5019, 26.6064, 334.9123, 288.1459, 30.6314, 297.9983, 430.6980, 44.3527, 304.5579, 412.3006, 63.2401, 326.3129, 342.9459, 31.3560, 294.7923, 446.7980, 53.4582, 334.5328, 379.6719, 0.0000, 300.9441, 292.8311, 90.0625, 260.6743, 300.6570, 49.8992, 318.8732}
{273.8111, 267.5790, 84.0425, 481.1167, 264.0235, 14.4555, 490.9839, 340.0547, 58.2719, 468.4030, 260.1808, 48.7986, 427.4767, 308.4035, 60.8794, 455.7815, 314.7141, 86.1583, 490.2479, 280.0097, 39.0376, 495.6453, 345.0082, 39.8842, 460.4952, 283.2103, 52.5658, 415.7554, 297.8270, 47.6087, 554.3630, 278.0532, 19.9464, 493.7800, 240.5385, 85.9780, 472.5041, 312.7601, 9.9830, 558.9937, 345.6763, 34.1343, 526.5113, 300.9441, 0.0000, 432.5662, 378.3090, 44.5862, 440.9769, 304.8643, 20.1140}
{178.1396, 329.5740, 516.5229, 56.3761, 345.6655, 418.3244, 58.6453, 355.4686, 487.3461, 109.3359, 336.1925, 453.0837, 55.0022, 390.6439, 493.4445, 53.1209, 375.0150, 374.8726, 59.2827, 330.3603, 443.0576, 63.6761, 371.2676, 427.7128, 29.3172, 275.4565, 484.2771, 19.6128, 262.9789, 396.9325, 139.4791, 331.5479, 421.7569, 127.5665, 318.9279, 392.3781, 50.2550, 321.9450, 433.3274, 154.1659, 324.6132, 461.9605, 96.4227, 292.8311, 432.5662, 0.0000, 348.3696, 416.4576, 8.7741, 342.6599, 439.7490}
{228.7556, 110.8109, 439.4649, 400.4138, 115.2490, 367.4614, 379.3640, 42.1212, 430.1464, 452.2172, 118.1761, 425.0581, 390.8515, 94.1336, 419.5069, 400.7201, 77.4585, 393.6847, 394.1171, 98.3489, 356.0501, 379.5683, 47.3139, 405.4582, 371.7792, 116.2667, 406.1786, 347.9131, 113.4041, 381.0858, 479.6329, 100.2706, 384.4210, 473.9642, 139.2516, 412.1510, 396.6152, 67.1255, 371.1154, 498.1996, 36.6226, 410.7946, 424.6366, 90.0625, 378.3090, 348.3696, 0.0000, 335.6023, 355.1345, 74.0428, 397.2726}
{249.2293, 225.1744, 111.4852, 467.4765, 220.8079, 38.5027, 474.1583, 296.7568, 95.2308, 462.1416, 217.4400, 93.3706, 416.8897, 264.0241, 88.6912, 444.1912, 270.6778, 109.4962, 475.1551, 237.5317, 27.1009, 478.4849, 301.2562, 80.8809, 445.1074, 244.4990, 76.1965, 400.7443, 259.8914, 73.3835, 543.7643, 235.5156, 57.7164, 487.9775, 199.0808, 116.4338, 459.0999, 270.7364, 36.0447, 550.1675, 303.6764, 75.2727, 511.9641, 260.6743, 44.5862, 416.4576, 335.6023, 0.0000, 425.0709, 261.8493, 64.6616}
{186.8902, 337.7547, 524.9122, 47.9874, 353.8761, 426.7496, 50.6231, 362.8383, 495.6410, 105.3445, 344.4385, 461.2053, 54.5148, 398.4870, 501.8563, 48.0193, 382.7513, 382.7894, 50.5183, 338.4171, 451.6501, 55.8562, 378.6224, 435.8611, 20.5478, 283.5420, 492.7364, 26.3855, 270.9021, 405.1318, 131.0983, 339.6249, 430.0643, 122.3346, 327.3521, 400.1953, 42.2918, 329.6143, 441.7928, 146.1725, 331.8161, 470.2683, 87.6566, 300.6570, 440.9769, 8.7741, 355.1345, 425.0709, 0.0000, 350.4488, 448.0453}
{192.7565, 39.0780, 365.4555, 397.9657, 41.2101, 294.3211, 383.1124, 35.8648, 356.2071, 438.3162, 44.9372, 352.0075, 377.2737, 48.2730, 345.4642, 392.1862, 32.6645, 324.6491, 395.0076, 27.1341, 282.0406, 384.4647, 45.4020, 333.0200, 369.1970, 71.4838, 332.1357, 338.0436, 80.2982, 309.6521, 480.2913, 28.4799, 311.6049, 462.0866, 69.2578, 342.5097, 392.7405, 22.9237, 297.4950, 496.5568, 47.2938, 337.0974, 428.8323, 49.8992, 304.8643, 342.6599, 74.0428, 261.8493, 350.4488, 0.0000, 324.0134}
{285.3127, 286.4786, 78.5696, 487.0727, 283.2929, 29.9807, 498.3275, 359.3227, 47.5972, 471.1061, 279.2372, 28.7116, 432.2361, 328.2648, 57.4560, 460.8972, 334.3707, 80.1528, 496.8255, 298.9302, 56.9963, 503.1264, 364.5045, 24.4164, 467.2797, 300.5090, 53.3561, 422.5088, 314.7693, 44.9984, 558.7973, 297.0023, 18.0676, 496.2072, 259.0663, 75.5084, 478.3780, 331.4473, 29.5433, 562.6255, 364.3268, 22.2942, 532.7645, 318.8732, 20.1140, 439.7490, 397.2726, 64.6616, 448.0453, 324.0134, 0.0000}
]
