8 1 [20]
capacities = [100000, 22, 34, 49, 33, 40, 35, 24, 22]
initial     = [50000, 7, 9, 13, 22, 22, 11, 5, 21]
target      = [0, 16, 15, 24, 22, 15, 23, 13, 3]
weights    = [0.000000, 0.139062, 0.113333, 0.122569, 0.050000, 0.123889, 0.132609, 0.147436, 1.000000]
min_ratio  = [0.0000, 0.3062, 0.4200, 0.3792, 0.7000, 0.7000, 0.3348, 0.2692, 0.7000]
points = [(584400.000, 4511800.000), (584128.660, 4511453.443), (584758.985, 4511785.125), (584256.793, 4512269.221), (584128.148, 4511495.585), (584684.715, 4511795.025), (584307.422, 4512272.911), (584125.043, 4511556.377), (584701.411, 4511803.749)]
distances = [
{0.0000000000, 293.4296604620, 239.5290018366, 327.0583416436, 272.0882797501, 189.8386599428, 321.2585023482, 244.9069847257, 200.9562445665}
{293.4296604620, 0.0000000000, 474.8442101034, 550.5193222617, 28.0966396196, 435.0608386222, 559.1596438849, 68.6647948598, 447.5902156065}
{239.5290018366, 474.8442101034, 0.0000000000, 465.0187968559, 462.7403644647, 49.9519229256, 443.1429233298, 449.3002020966, 40.3411417115}
{327.0583416436, 550.5193222617, 465.0187968559, 0.0000000000, 522.8390748340, 425.8208769886, 33.8419709846, 483.2778581717, 429.1328515120}
{272.0882797501, 28.0966396196, 462.7403644647, 522.8390748340, 0.0000000000, 421.3370325039, 531.8208957558, 40.5807072186, 433.8948928204}
{189.8386599428, 435.0608386222, 49.9519229256, 425.8208769886, 421.3370325039, 0.0000000000, 405.9144466203, 405.6192023714, 12.5587564878}
{321.2585023482, 559.1596438849, 443.1429233298, 33.8419709846, 531.8208957558, 405.9144466203, 0.0000000000, 492.9204359280, 408.4337239260}
{244.9069847257, 68.6647948598, 449.3002020966, 483.2778581717, 40.5807072186, 405.6192023714, 492.9204359280, 0.0000000000, 418.1405312473}
{200.9562445665, 447.5902156065, 40.3411417115, 429.1328515120, 433.8948928204, 12.5587564878, 408.4337239260, 418.1405312473, 0.0000000000}
]
