8 1 [30]
capacities = [100000, 22, 34, 49, 33, 40, 35, 24, 22]
initial     = [50000, 7, 9, 13, 22, 22, 11, 5, 21]
target      = [0, 16, 15, 24, 22, 15, 23, 13, 3]
weights    = [0.000000, 0.139062, 0.113333, 0.122569, 0.050000, 0.123889, 0.132609, 0.147436, 1.000000]
min_ratio  = [0.0000, 0.3062, 0.4200, 0.3792, 0.7000, 0.7000, 0.3348, 0.2692, 0.7000]
points = [(584400.000, 4511800.000), (584128.660, 4511453.443), (584758.985, 4511785.125), (584256.793, 4512269.221), (584128.148, 4511495.585), (584684.715, 4511795.025), (584307.422, 4512272.911), (584125.043, 4511556.377), (584701.411, 4511803.749)]
distances = [
{0.0000000000, 293.4296431659, 239.5287000665, 327.0586707067, 272.0882227261, 189.8389748649, 321.2582899961, 244.9068013010, 200.9562096267}
{293.4296431659, 0.0000000000, 474.8438595997, 550.5196781115, 28.0967400877, 435.0608773490, 559.1595501459, 68.6650195436, 447.5900910614}
{239.5287000665, 474.8438595997, 0.0000000000, 465.0188727735, 462.7400192424, 49.9512780395, 443.1424775975, 449.2997548620, 40.3408745126}
{327.0586707067, 550.5196781115, 465.0188727735, 0.0000000000, 522.8393407458, 425.8216029693, 33.8421941829, 483.2779880200, 429.1331565988}
{272.0882227261, 28.0967400877, 462.7400192424, 522.8393407458, 0.0000000000, 421.3370986589, 531.8207205660, 40.5808290209, 433.8947737591}
{189.8389748649, 435.0608773490, 49.9512780395, 425.8216029693, 421.3370986589, 0.0000000000, 405.9146253120, 405.6192059271, 12.5585666555}
{321.2582899961, 559.1595501459, 443.1424775975, 33.8421941829, 531.8207205660, 405.9146253120, 0.0000000000, 492.9201300175, 408.4334921327}
{244.9068013010, 68.6650195436, 449.2997548620, 483.2779880200, 40.5808290209, 405.6192059271, 492.9201300175, 0.0000000000, 418.1403155283}
{200.9562096267, 447.5900910614, 40.3408745126, 429.1331565988, 433.8947737591, 12.5585666555, 408.4334921327, 418.1403155283, 0.0000000000}
]
