8 2 [20, 20]
capacities = [100000, 38, 45, 26, 24, 25, 39, 26, 36]
initial     = [50000, 27, 13, 23, 20, 0, 21, 24, 14]
target      = [0, 22, 17, 9, 24, 3, 32, 13, 7]
weights    = [0.000000, 0.536364, 0.700000, 0.536364, 1.000000, 0.307407, 0.652273, 0.605357, 0.934615]
min_ratio  = [0.0000, 0.4235, 0.2127, 0.2367, 0.3953, 0.2335, 0.4209, 0.1432, 0.2650]
points = [(586500.000, 4512500.000), (586372.937, 4512576.392), (586548.050, 4512151.186), (586394.752, 4512669.601), (586482.594, 4512298.266), (586596.042, 4512617.982), (586360.524, 4512493.604), (586318.135, 4512391.241), (586572.856, 4512382.634)]
distances = [
{0.0000, 98.8393, 234.7386, 133.0693, 134.9892, 101.4208, 93.0817, 141.2694, 92.0934}
{98.8393, 0.0000, 306.5685, 63.8190, 199.3086, 151.2992, 55.8090, 128.7273, 185.6035}
{234.7386, 306.5685, 0.0000, 360.4040, 107.3248, 312.8379, 260.2697, 221.5973, 155.1826}
{133.0693, 63.8190, 360.4040, 0.0000, 254.3895, 138.5356, 119.5302, 192.4749, 225.1627}
{134.9892, 199.3086, 107.3248, 254.3895, 0.0000, 226.1652, 153.5622, 125.9474, 82.3683}
{101.4208, 151.2992, 312.8379, 138.5356, 226.1652, 0.0000, 177.5623, 239.1132, 157.6581}
{93.0817, 55.8090, 260.2697, 119.5302, 153.5622, 177.5623, 0.0000, 73.8616, 159.7205}
{141.2694, 128.7273, 221.5973, 192.4749, 125.9474, 239.1132, 73.8616, 0.0000, 169.9107}
{92.0934, 185.6035, 155.1826, 225.1627, 82.3683, 157.6581, 159.7205, 169.9107, 0.0000}
]
