"instance","variant","status","objective","lower_bound","upper_bound","gap","runtime_seconds","verifier_passed","certified_original_problem","certificate_scope","column_tracks","rmp_column_space","elementary_columns_generated","elementary_columns_inserted","relaxed_columns_generated","relaxed_columns_inserted","non_elementary_relaxed_columns_validated","non_elementary_relaxed_columns_inserted","non_elementary_relaxed_columns_rejected","relaxed_columns_used_in_lb_rmp","relaxed_columns_used_in_incumbent","relaxed_rmp_cg_iterations","relaxed_rmp_cg_columns_added","relaxed_rmp_lb_before_cg","relaxed_rmp_lb_after_cg","relaxed_rmp_cg_final_best_rc","relaxed_rmp_cg_closed","relaxed_rmp_cg_stop_reason","ng_relaxed_pricing_closed","ng_relaxed_best_reduced_cost","ng_relaxed_negative_routes_found","ng_relaxed_negative_columns_inserted","ng_relaxed_negative_routes_rejected","ng_relaxed_closure_labels_processed","ng_relaxed_closure_stop_reason","frontier_relaxed_rmp_cg_intervals_attempted","frontier_relaxed_rmp_cg_intervals_closed","frontier_relaxed_rmp_cg_intervals_fathomed","frontier_relaxed_rmp_cg_lb_improvements","large_relaxed_rmp_cg_enabled","large_relaxed_rmp_diagnostic_lb","large_relaxed_rmp_valid_lb","large_relaxed_rmp_pricing_closed","large_relaxed_rmp_closure_gap","large_relaxed_rmp_stop_reason","relaxed_columns_blocked_from_incumbent","relaxed_columns_blocked_from_export","relaxed_columns_blocked_from_candidate_reconstruction","unresolved_intervals","invalid_bound_intervals","open_nodes","frontier_min_interval_lower_bound","frontier_lower_bound_source","labels_processed","route_states","operation_states","columns_generated_raw","columns_after_dominance","memory_peak_estimate_mb","bound_time_seconds","route_mask_time_seconds","master_time_seconds","pricing_time_seconds","cuts_added","nodes","columns","progress_log","result_file","log_file","notes"
"gcap_smoke_V4_M1.txt","v4_gcap-frontier","optimal","0","0","0","0","6.9748619","True","True","","two-track","two-track","9204","42","225","10","178","38","1634","95","0","94","0","0","0","-3.33066907388E-16","True","ng_relaxed_pricing_closed","True","-21.6","178","38","1634","0","","1","1","1","0","False","0","0","False","0","","0","0","0","0","0","0","0","incumbent_cutoff","0",,,"11260","1932","0.000209808349609","0.1543824","0.1543824","6.7928121","0.0138008","0","31","480","","results\optimization_update_round15\raw\v4_gcap-frontier.json","logs\optimization_update_round15\v4_gcap-frontier.log","parsed Hybrid GA text format; distances read from serialized matrix; Gamma-frontier diagnostic covers Gini intervals with fixed-Gini interval branch-price trees. It reports optimal only if every relevant interval is closed or bound-fathomed and the aggregated lower bound reaches the incumbent. Each interval also uses the valid trivial bound objective>=G>=interval_floor and a final-inventory pickup/route/Gini relaxation bound when it solves.; Optimization flags: column_dominance=true, column_dominance_mode=exact, projection_bound=true, penalty_domain_tightening=true, movement_domain_tightening=true, movement_bound_audit=false, frontier_best_bound_scheduling=true, frontier_relaxation_cache=true, frontier_focused_min_lb_retry=true, frontier_focused_intensification=true, frontier_focused_reserve_fraction=0.250000, frontier_focused_relax_seconds=5.000000, frontier_focused_max_passes=2, frontier_adaptive_split=true, frontier_adaptive_max_depth=3, frontier_adaptive_min_width=0.000100, frontier_adaptive_split_factor=2, route_pool_incumbent=true, route_pool_max_columns_per_vehicle=5000, pickup_drop_compat_flow=true, pickup_drop_transfer_cap_flow=true, vehicle_indexed_operation_relaxation=true, vehicle_indexed_relaxation_audit=false, vehicle_indexed_transfer_flow=true, support_duration_pruning=true, route_mask_support_duration_pruning=true, route_mask_operation_budget_cuts=true, support_duration_min_pickup_rule=ceil_half_support, support_duration_max_subset_size=5, support_feasibility_oracle=false, gcap_pricing_columns=4, frontier_column_cache=false, frontier_iterative_closure=false, frontier_iterative_max_rounds=2, frontier_iterative_round_time=60.000000, pricing_final_verifier=false, pricing_verifier_mode=auto, column_tracks=elementary-only, rmp_column_space=elementary, relaxed_columns_in_rmp=false, large_relaxed_rmp=false; BPC thread policy: requested_threads=1, bpc_workers=1, pricing_threads=1, parallel_frontier=false, parallel_nodes=false, hardware_concurrency=20; restricted-master CPLEX and inventory-bound CPLEX calls use one internal thread each; route-pool collected routes from initial empty incumbent: kept_before=0, kept_after=0, raw=0, removed_by_projection_dominance=0, dropped_by_cap=0; BPC-owned incumbent generator disabled; route-pool collected routes from verified incumbent after seed stage: kept_before=0, kept_after=0, raw=0, removed_by_projection_dominance=0, dropped_by_cap=0; frontier cover range=[0,0.49], intervals=4, incumbent_objective=0.49, incumbent_G=0.25, gini_max_possible=0.75, relevant_gini_upper_for_improvement=0.49, frontier_covers_all_improving_gini_values=true, range_scope=original_full_improving_range; interval 0 inventory relaxation: inventory-route-Gini relaxation lower bound: interval=[0,0.1225], pickup_limit=30, route_visit_cuts=singletons+subsets_up_to_4, integer_inventory_relaxation=true, station_flow_conservation=true, depot_return_capacity=true, station_operation_capacity=true, station_operation_mode_cuts=true, nonzero_visit_operation_cuts=true, route_mask_duration_load_relaxation=true, route_mask_max_v=12, route_mask_support_duration_pruning=true, route_mask_count_before_support_duration=15, route_mask_count_after_support_duration=15, route_masks_removed_by_support_duration=0, route_mask_support_duration_max_removed_subset_size=0, route_mask_operation_budget_cuts=true, route_mask_operation_budget_cuts_added=1, route_mask_operation_budget_min=4, route_mask_operation_budget_avg=4, route_mask_operation_budget_max=4, route_mask_operation_budget_tightened_masks=0, route_mask_operation_budget_zero_masks=0, operation_budget_example={vehicle=0, mask=1, popcount=1, cycle_lb=40, pickup_budget=4, route_limit=3600}, operation_budget_example={vehicle=0, mask=2, popcount=1, cycle_lb=50, pickup_budget=4, route_limit=3600}, operation_budget_example={vehicle=0, mask=3, popcount=2, cycle_lb=56, pickup_budget=4, route_limit=3600}, operation_budget_example={vehicle=0, mask=4, popcount=1, cycle_lb=60, pickup_budget=4, route_limit=3600}, operation_budget_example={vehicle=0, mask=5, popcount=2, cycle_lb=68, pickup_budget=4, route_limit=3600}, operation_budget_example={vehicle=0, mask=6, popcount=2, cycle_lb=67, pickup_budget=4, route_limit=3600}, operation_budget_example={vehicle=0, mask=7, popcount=3, cycle_lb=73, pickup_budget=4, route_limit=3600}, operation_budget_example={vehicle=0, mask=8, popcount=1, cycle_lb=56, pickup_budget=4, route_limit=3600}, pickup_drop_compat_flow=true, pickup_drop_pairs_total=12, pickup_drop_pairs_compatible=12, pickup_drop_pairs_incompatible=0, pickup_drop_pairs_capacity_limited=0, pickup_drop_transfer_cap_min=2, pickup_drop_transfer_cap_avg=3.16667, pickup_drop_transfer_cap_max=4, pickup_drop_transfer_cap_variables=12, pickup_drop_transfer_cap_constraints=12, pickup_drop_compat_flow_variables=16, pickup_drop_compat_flow_constraints=8, vehicle_indexed_operation_relaxation=true, vehicle_indexed_y_variables=4, vehicle_indexed_pickup_variables=4, vehicle_indexed_drop_variables=4, vehicle_indexed_linking_constraints=16, vehicle_indexed_balance_constraints=2, vehicle_indexed_operation_budget_constraints=1, vehicle_indexed_transfer_flow=true, vehicle_transfer_flow_variables=12, vehicle_transfer_depot_unload_variables=4, vehicle_transfer_flow_balance_constraints=8, vehicle_transfer_mask_linking_constraints=16, vehicle_transfer_pairs_total=12, vehicle_transfer_pairs_zero_cap=0, vehicle_transfer_pairs_capacity_limited=0, vehicle_transfer_cap_min=2, vehicle_transfer_cap_avg=3.16667, vehicle_transfer_cap_max=4, incumbent_cutoff_bound=true, penalty_budget=3.26666666667, penalty_domain_tightening=true, domains_tightened=0, domain_width_before=28, domain_width_after=28, projection_bound_enabled=true, projection_bound_valid=true, projection_bound_lb=0, projection_bound_scope=global, min_station_bikes=16, s_upper=4, objective_lb=0, status=integer optimal solution, lp=results\bound_work\gcap_smoke_V4_M1_1782141375030186700_15729502191765196471\inventory_gini_bound.lp, pickup_drop_compat_flow_audit_selected=compat, compat_lb=0.000000, no_compat_lb=0.000000, bound_time=0.154382; route-pool collected BPC columns from initial interval 0: exported_tree=535, exported_pricing=480, exported_warmstart=54, exported_integer_leaves=1, kept_before=0, kept_after=95, raw=535, removed_by_projection_dominance=423, dropped_by_cap=0; route-pool incumbent master after_initial_interval_0 found verified incumbent objective=0.135000, states=97, time=0.000066; UB only, no lower-bound certificate; accepted route-pool incumbent master incumbent for frontier cutoff only: objective=0.135000, G=0.075000, P=0.400000; route-pool collected routes from route-pool incumbent master: kept_before=95, kept_after=96, raw=536, removed_by_projection_dominance=423, dropped_by_cap=0; accepted initial interval 0 incumbent for frontier cutoff only: objective=0.000000, G=0.000000, P=0.000000; route-pool collected routes from initial interval 0: kept_before=96, kept_after=97, raw=537, removed_by_projection_dominance=423, dropped_by_cap=0; interval candidate audit source=initial interval 0, candidate_true_G=0, candidate_true_P=0, candidate_true_objective=0, candidate_surrogate_metric=0, candidate_interval_membership=true, candidate_verifier_passed=true, candidate_rejection_reason=accepted_true_objective_improves; route-pool incumbent master after_initial_interval_0 found verified incumbent objective=0.000000, states=99, time=0.000058; UB only, no lower-bound certificate; interval 0 [0,0.1225] complete=false, lower_bound_valid=true, certified_by_bound=true, empty_interval=false, has_incumbent=true, tree_lb=0, interval_lb=0, inventory_relax_lb=0, resource_lb=0, incumbent_metric=0, incumbent_cutoff=0, nodes=31, columns=480, pricing_calls=73, pricing_time=0.0138008, master_time=6.79281, bound_time=0.154382, cuts_added=0, open_nodes=8; interval 1 skipped because floor >= incumbent objective; interval 2 skipped because floor >= incumbent objective; interval 3 skipped because floor >= incumbent objective; route-pool incumbent master before_final_frontier_summary found verified incumbent objective=0.000000, states=99, time=0.000061; UB only, no lower-bound certificate; frontier_interval_ledger: interval_id=0, range=[0,0.1225], status=skipped_floor_ge_incumbent, interval_lb=0, cheap_prepass_lb=0, cheap_sources=gamma_floor|movement_domain|penalty_domain|projection_bound, lb_sources=gamma_floor|inventory_route_gini_relaxation|branch_price_tree, complete_or_fathomed=true, open_nodes=8, pricing_closed=true, certificate_basis=gamma_floor_skip, requires_pricing_closure=false, pricing_closure_available=true, interval_bound_valid=true; frontier_interval_ledger: interval_id=1, range=[0.1225,0.245], status=skipped_floor_ge_incumbent, interval_lb=0.1225, cheap_prepass_lb=0.1225, cheap_sources=gamma_floor|movement_domain|penalty_domain|projection_bound, lb_sources=gamma_floor, complete_or_fathomed=true, open_nodes=0, pricing_closed=false, certificate_basis=gamma_floor_skip, requires_pricing_closure=false, pricing_closure_available=false, interval_bound_valid=true; frontier_interval_ledger: interval_id=2, range=[0.245,0.3675], status=skipped_floor_ge_incumbent, interval_lb=0.245, cheap_prepass_lb=0.245, cheap_sources=gamma_floor|movement_domain|penalty_domain|projection_bound, lb_sources=gamma_floor, complete_or_fathomed=true, open_nodes=0, pricing_closed=false, certificate_basis=gamma_floor_skip, requires_pricing_closure=false, pricing_closure_available=false, interval_bound_valid=true; frontier_interval_ledger: interval_id=3, range=[0.3675,0.49], status=skipped_floor_ge_incumbent, interval_lb=0.3675, cheap_prepass_lb=0.3675, cheap_sources=gamma_floor|movement_domain|penalty_domain|projection_bound, lb_sources=gamma_floor, complete_or_fathomed=true, open_nodes=0, pricing_closed=false, certificate_basis=gamma_floor_skip, requires_pricing_closure=false, pricing_closure_available=false, interval_bound_valid=true; frontier certification summary: closed_intervals=3, bound_certified_intervals=1, skipped_intervals=0, relevant_intervals=0, frontier_min_interval_lower_bound=0, frontier_lower_bound_source=incumbent_cutoff, unresolved_intervals=0, invalid_bound_intervals=0, final_full_objective_range=true, frontier_range_certificate_scope=original_full_improving_range, relevant_gini_upper_for_improvement=0.49, covered_gini_upper_bound=0.49; certified frontier lower bound before tolerance normalization=0.000000, certificate_tolerance=1e-7"
"gcap_smoke_V4_M1.txt","v4_frontier-relaxed-rmp-cg-test","optimal","0","0","0","0","6.9056473","True","False","","two-track","two-track","9204","42","225","10","178","38","1634","95","0","94","0","0","0","-3.33066907388E-16","True","ng_relaxed_pricing_closed","True","-21.6","178","38","1634","0","","1","1","1","0","False","0","0","False","0","","0","0","0","0","0","0","0","incumbent_cutoff","0",,,"11260","1932","0.000209808349609","0.1503641","0.1503641","6.7299661","0.0124715","0","31","480","","results\optimization_update_round15\raw\v4_frontier-relaxed-rmp-cg-test.json","logs\optimization_update_round15\v4_frontier-relaxed-rmp-cg-test.log","parsed Hybrid GA text format; distances read from serialized matrix; Gamma-frontier diagnostic covers Gini intervals with fixed-Gini interval branch-price trees. It reports optimal only if every relevant interval is closed or bound-fathomed and the aggregated lower bound reaches the incumbent. Each interval also uses the valid trivial bound objective>=G>=interval_floor and a final-inventory pickup/route/Gini relaxation bound when it solves.; Optimization flags: column_dominance=true, column_dominance_mode=exact, projection_bound=true, penalty_domain_tightening=true, movement_domain_tightening=true, movement_bound_audit=false, frontier_best_bound_scheduling=true, frontier_relaxation_cache=true, frontier_focused_min_lb_retry=true, frontier_focused_intensification=true, frontier_focused_reserve_fraction=0.250000, frontier_focused_relax_seconds=5.000000, frontier_focused_max_passes=2, frontier_adaptive_split=true, frontier_adaptive_max_depth=3, frontier_adaptive_min_width=0.000100, frontier_adaptive_split_factor=2, route_pool_incumbent=true, route_pool_max_columns_per_vehicle=5000, pickup_drop_compat_flow=true, pickup_drop_transfer_cap_flow=true, vehicle_indexed_operation_relaxation=true, vehicle_indexed_relaxation_audit=false, vehicle_indexed_transfer_flow=true, support_duration_pruning=true, route_mask_support_duration_pruning=true, route_mask_operation_budget_cuts=true, support_duration_min_pickup_rule=ceil_half_support, support_duration_max_subset_size=5, support_feasibility_oracle=false, gcap_pricing_columns=4, frontier_column_cache=false, frontier_iterative_closure=false, frontier_iterative_max_rounds=2, frontier_iterative_round_time=60.000000, pricing_final_verifier=false, pricing_verifier_mode=auto, column_tracks=elementary-only, rmp_column_space=elementary, relaxed_columns_in_rmp=false, large_relaxed_rmp=false; BPC thread policy: requested_threads=1, bpc_workers=1, pricing_threads=1, parallel_frontier=false, parallel_nodes=false, hardware_concurrency=20; restricted-master CPLEX and inventory-bound CPLEX calls use one internal thread each; route-pool collected routes from initial empty incumbent: kept_before=0, kept_after=0, raw=0, removed_by_projection_dominance=0, dropped_by_cap=0; BPC-owned incumbent generator disabled; route-pool collected routes from verified incumbent after seed stage: kept_before=0, kept_after=0, raw=0, removed_by_projection_dominance=0, dropped_by_cap=0; frontier cover range=[0,0.49], intervals=4, incumbent_objective=0.49, incumbent_G=0.25, gini_max_possible=0.75, relevant_gini_upper_for_improvement=0.49, frontier_covers_all_improving_gini_values=true, range_scope=original_full_improving_range; interval 0 inventory relaxation: inventory-route-Gini relaxation lower bound: interval=[0,0.1225], pickup_limit=30, route_visit_cuts=singletons+subsets_up_to_4, integer_inventory_relaxation=true, station_flow_conservation=true, depot_return_capacity=true, station_operation_capacity=true, station_operation_mode_cuts=true, nonzero_visit_operation_cuts=true, route_mask_duration_load_relaxation=true, route_mask_max_v=12, route_mask_support_duration_pruning=true, route_mask_count_before_support_duration=15, route_mask_count_after_support_duration=15, route_masks_removed_by_support_duration=0, route_mask_support_duration_max_removed_subset_size=0, route_mask_operation_budget_cuts=true, route_mask_operation_budget_cuts_added=1, route_mask_operation_budget_min=4, route_mask_operation_budget_avg=4, route_mask_operation_budget_max=4, route_mask_operation_budget_tightened_masks=0, route_mask_operation_budget_zero_masks=0, operation_budget_example={vehicle=0, mask=1, popcount=1, cycle_lb=40, pickup_budget=4, route_limit=3600}, operation_budget_example={vehicle=0, mask=2, popcount=1, cycle_lb=50, pickup_budget=4, route_limit=3600}, operation_budget_example={vehicle=0, mask=3, popcount=2, cycle_lb=56, pickup_budget=4, route_limit=3600}, operation_budget_example={vehicle=0, mask=4, popcount=1, cycle_lb=60, pickup_budget=4, route_limit=3600}, operation_budget_example={vehicle=0, mask=5, popcount=2, cycle_lb=68, pickup_budget=4, route_limit=3600}, operation_budget_example={vehicle=0, mask=6, popcount=2, cycle_lb=67, pickup_budget=4, route_limit=3600}, operation_budget_example={vehicle=0, mask=7, popcount=3, cycle_lb=73, pickup_budget=4, route_limit=3600}, operation_budget_example={vehicle=0, mask=8, popcount=1, cycle_lb=56, pickup_budget=4, route_limit=3600}, pickup_drop_compat_flow=true, pickup_drop_pairs_total=12, pickup_drop_pairs_compatible=12, pickup_drop_pairs_incompatible=0, pickup_drop_pairs_capacity_limited=0, pickup_drop_transfer_cap_min=2, pickup_drop_transfer_cap_avg=3.16667, pickup_drop_transfer_cap_max=4, pickup_drop_transfer_cap_variables=12, pickup_drop_transfer_cap_constraints=12, pickup_drop_compat_flow_variables=16, pickup_drop_compat_flow_constraints=8, vehicle_indexed_operation_relaxation=true, vehicle_indexed_y_variables=4, vehicle_indexed_pickup_variables=4, vehicle_indexed_drop_variables=4, vehicle_indexed_linking_constraints=16, vehicle_indexed_balance_constraints=2, vehicle_indexed_operation_budget_constraints=1, vehicle_indexed_transfer_flow=true, vehicle_transfer_flow_variables=12, vehicle_transfer_depot_unload_variables=4, vehicle_transfer_flow_balance_constraints=8, vehicle_transfer_mask_linking_constraints=16, vehicle_transfer_pairs_total=12, vehicle_transfer_pairs_zero_cap=0, vehicle_transfer_pairs_capacity_limited=0, vehicle_transfer_cap_min=2, vehicle_transfer_cap_avg=3.16667, vehicle_transfer_cap_max=4, incumbent_cutoff_bound=true, penalty_budget=3.26666666667, penalty_domain_tightening=true, domains_tightened=0, domain_width_before=28, domain_width_after=28, projection_bound_enabled=true, projection_bound_valid=true, projection_bound_lb=0, projection_bound_scope=global, min_station_bikes=16, s_upper=4, objective_lb=0, status=integer optimal solution, lp=results\bound_work\gcap_smoke_V4_M1_1782141382927084200_15729502191765196471\inventory_gini_bound.lp, pickup_drop_compat_flow_audit_selected=compat, compat_lb=0.000000, no_compat_lb=0.000000, bound_time=0.150364; route-pool collected BPC columns from initial interval 0: exported_tree=535, exported_pricing=480, exported_warmstart=54, exported_integer_leaves=1, kept_before=0, kept_after=95, raw=535, removed_by_projection_dominance=423, dropped_by_cap=0; route-pool incumbent master after_initial_interval_0 found verified incumbent objective=0.135000, states=97, time=0.000067; UB only, no lower-bound certificate; accepted route-pool incumbent master incumbent for frontier cutoff only: objective=0.135000, G=0.075000, P=0.400000; route-pool collected routes from route-pool incumbent master: kept_before=95, kept_after=96, raw=536, removed_by_projection_dominance=423, dropped_by_cap=0; accepted initial interval 0 incumbent for frontier cutoff only: objective=0.000000, G=0.000000, P=0.000000; route-pool collected routes from initial interval 0: kept_before=96, kept_after=97, raw=537, removed_by_projection_dominance=423, dropped_by_cap=0; interval candidate audit source=initial interval 0, candidate_true_G=0, candidate_true_P=0, candidate_true_objective=0, candidate_surrogate_metric=0, candidate_interval_membership=true, candidate_verifier_passed=true, candidate_rejection_reason=accepted_true_objective_improves; route-pool incumbent master after_initial_interval_0 found verified incumbent objective=0.000000, states=99, time=0.000062; UB only, no lower-bound certificate; interval 0 [0,0.1225] complete=false, lower_bound_valid=true, certified_by_bound=true, empty_interval=false, has_incumbent=true, tree_lb=0, interval_lb=0, inventory_relax_lb=0, resource_lb=0, incumbent_metric=0, incumbent_cutoff=0, nodes=31, columns=480, pricing_calls=73, pricing_time=0.0124715, master_time=6.72997, bound_time=0.150364, cuts_added=0, open_nodes=8; interval 1 skipped because floor >= incumbent objective; interval 2 skipped because floor >= incumbent objective; interval 3 skipped because floor >= incumbent objective; route-pool incumbent master before_final_frontier_summary found verified incumbent objective=0.000000, states=99, time=0.000061; UB only, no lower-bound certificate; frontier_interval_ledger: interval_id=0, range=[0,0.1225], status=skipped_floor_ge_incumbent, interval_lb=0, cheap_prepass_lb=0, cheap_sources=gamma_floor|movement_domain|penalty_domain|projection_bound, lb_sources=gamma_floor|inventory_route_gini_relaxation|branch_price_tree, complete_or_fathomed=true, open_nodes=8, pricing_closed=true, certificate_basis=gamma_floor_skip, requires_pricing_closure=false, pricing_closure_available=true, interval_bound_valid=true; frontier_interval_ledger: interval_id=1, range=[0.1225,0.245], status=skipped_floor_ge_incumbent, interval_lb=0.1225, cheap_prepass_lb=0.1225, cheap_sources=gamma_floor|movement_domain|penalty_domain|projection_bound, lb_sources=gamma_floor, complete_or_fathomed=true, open_nodes=0, pricing_closed=false, certificate_basis=gamma_floor_skip, requires_pricing_closure=false, pricing_closure_available=false, interval_bound_valid=true; frontier_interval_ledger: interval_id=2, range=[0.245,0.3675], status=skipped_floor_ge_incumbent, interval_lb=0.245, cheap_prepass_lb=0.245, cheap_sources=gamma_floor|movement_domain|penalty_domain|projection_bound, lb_sources=gamma_floor, complete_or_fathomed=true, open_nodes=0, pricing_closed=false, certificate_basis=gamma_floor_skip, requires_pricing_closure=false, pricing_closure_available=false, interval_bound_valid=true; frontier_interval_ledger: interval_id=3, range=[0.3675,0.49], status=skipped_floor_ge_incumbent, interval_lb=0.3675, cheap_prepass_lb=0.3675, cheap_sources=gamma_floor|movement_domain|penalty_domain|projection_bound, lb_sources=gamma_floor, complete_or_fathomed=true, open_nodes=0, pricing_closed=false, certificate_basis=gamma_floor_skip, requires_pricing_closure=false, pricing_closure_available=false, interval_bound_valid=true; frontier certification summary: closed_intervals=3, bound_certified_intervals=1, skipped_intervals=0, relevant_intervals=0, frontier_min_interval_lower_bound=0, frontier_lower_bound_source=incumbent_cutoff, unresolved_intervals=0, invalid_bound_intervals=0, final_full_objective_range=true, frontier_range_certificate_scope=original_full_improving_range, relevant_gini_upper_for_improvement=0.49, covered_gini_upper_bound=0.49; certified frontier lower bound before tolerance normalization=0.000000, certificate_tolerance=1e-7"
"regen_candidate_V12_M2_average.txt","v12_m2_focus_exact_300s","gcap_frontier_not_closed","0.780792889928","0.712948394993","0.780792889928","0.0868917939828","171.7933918","True","False","","elementary-only","elementary","25191961","8","0","0","0","0","0","0","0","0","0","0","0","0","False","","False","0","0","0","0","0","","0","0","0","0","False","0","0","False","0","","0","0","0","1","0","1","0.712948394993","inventory_route_gini_relaxation","0",,,"25193969","2016","0.00138854980469","28.4529357","28.4529357","50.9110562","92.0526627","0","1","1012","results\optimization_update_round15\raw\progress_v12_m2_focus_exact_300s.csv","results\optimization_update_round15\raw\v12_m2_focus_exact_300s.json","logs\optimization_update_round15\v12_m2_focus_exact_300s.log","parsed Hybrid GA text format; distances rebuilt from points at speed factor 1.5; Gamma-frontier diagnostic covers Gini intervals with fixed-Gini interval branch-price trees. It reports optimal only if every relevant interval is closed or bound-fathomed and the aggregated lower bound reaches the incumbent. Each interval also uses the valid trivial bound objective>=G>=interval_floor and a final-inventory pickup/route/Gini relaxation bound when it solves.; Optimization flags: column_dominance=true, column_dominance_mode=exact, projection_bound=true, penalty_domain_tightening=true, movement_domain_tightening=true, movement_bound_audit=false, frontier_best_bound_scheduling=true, frontier_relaxation_cache=true, frontier_focused_min_lb_retry=true, frontier_focused_intensification=true, frontier_focused_reserve_fraction=0.250000, frontier_focused_relax_seconds=5.000000, frontier_focused_max_passes=2, frontier_adaptive_split=true, frontier_adaptive_max_depth=3, frontier_adaptive_min_width=0.000100, frontier_adaptive_split_factor=2, route_pool_incumbent=true, route_pool_max_columns_per_vehicle=5000, pickup_drop_compat_flow=true, pickup_drop_transfer_cap_flow=true, vehicle_indexed_operation_relaxation=true, vehicle_indexed_relaxation_audit=false, vehicle_indexed_transfer_flow=true, support_duration_pruning=true, route_mask_support_duration_pruning=true, route_mask_operation_budget_cuts=true, support_duration_min_pickup_rule=ceil_half_support, support_duration_max_subset_size=5, support_feasibility_oracle=false, gcap_pricing_columns=1, frontier_column_cache=false, frontier_iterative_closure=false, frontier_iterative_max_rounds=2, frontier_iterative_round_time=60.000000, pricing_final_verifier=false, pricing_verifier_mode=auto, column_tracks=elementary-only, rmp_column_space=elementary, relaxed_columns_in_rmp=false, large_relaxed_rmp=false; BPC thread policy: requested_threads=1, bpc_workers=1, pricing_threads=1, parallel_frontier=false, parallel_nodes=false, hardware_concurrency=20; restricted-master CPLEX and inventory-bound CPLEX calls use one internal thread each; route-pool collected routes from initial empty incumbent: kept_before=0, kept_after=0, raw=0, removed_by_projection_dominance=0, dropped_by_cap=0; BPC-owned incumbent generator disabled; route-pool collected routes from verified incumbent after seed stage: kept_before=0, kept_after=0, raw=0, removed_by_projection_dominance=0, dropped_by_cap=0; frontier cover range=[0,0.916667], intervals=4, incumbent_objective=1.00822, incumbent_G=0.670596, gini_max_possible=0.916667, relevant_gini_upper_for_improvement=0.916667, frontier_covers_all_improving_gini_values=true, range_scope=original_full_improving_range; frontier focus-only exact requested interval replaces the uniform frontier for this diagnostic run: range=[0.489218,0.512514], source=cli_frontier_focus_range, parent_leaf_id=0; certificate_scope=diagnostic_interval_only; frontier focus-only diagnostic enabled: selected interval=0, range=[0.489218,0.512514], initial_lb=0.520289; this run cannot certify the original problem by itself; interval 0 inventory relaxation: inventory-route-Gini relaxation lower bound: interval=[0.489218,0.512514], pickup_limit=60, route_visit_cuts=singletons+subsets_up_to_12, integer_inventory_relaxation=true, station_flow_conservation=true, depot_return_capacity=true, station_operation_capacity=true, station_operation_mode_cuts=true, nonzero_visit_operation_cuts=true, route_mask_duration_load_relaxation=true, route_mask_max_v=12, route_mask_support_duration_pruning=true, route_mask_count_before_support_duration=8190, route_mask_count_after_support_duration=8190, route_masks_removed_by_support_duration=0, route_mask_support_duration_max_removed_subset_size=0, route_mask_operation_budget_cuts=true, route_mask_operation_budget_cuts_added=2, route_mask_operation_budget_min=14, route_mask_operation_budget_avg=18.2063, route_mask_operation_budget_max=28, route_mask_operation_budget_tightened_masks=8190, route_mask_operation_budget_zero_masks=0, operation_budget_example={vehicle=0, mask=1, popcount=1, cycle_lb=591.078, pickup_budget=25, route_limit=3600}, operation_budget_example={vehicle=0, mask=2, popcount=1, cycle_lb=497.934, pickup_budget=25, route_limit=3600}, operation_budget_example={vehicle=0, mask=3, popcount=2, cycle_lb=802.365, pickup_budget=23, route_limit=3600}, operation_budget_example={vehicle=0, mask=4, popcount=1, cycle_lb=404.449, pickup_budget=26, route_limit=3600}, operation_budget_example={vehicle=0, mask=5, popcount=2, cycle_lb=594.363, pickup_budget=25, route_limit=3600}, operation_budget_example={vehicle=0, mask=6, popcount=2, cycle_lb=646.135, pickup_budget=24, route_limit=3600}, operation_budget_example={vehicle=0, mask=7, popcount=3, cycle_lb=805.65, pickup_budget=23, route_limit=3600}, operation_budget_example={vehicle=0, mask=8, popcount=1, cycle_lb=618.428, pickup_budget=24, route_limit=3600}, pickup_drop_compat_flow=true, pickup_drop_pairs_total=132, pickup_drop_pairs_compatible=132, pickup_drop_pairs_incompatible=0, pickup_drop_pairs_capacity_limited=35, pickup_drop_transfer_cap_min=2, pickup_drop_transfer_cap_avg=14.8409, pickup_drop_transfer_cap_max=27, pickup_drop_transfer_cap_variables=132, pickup_drop_transfer_cap_constraints=132, pickup_drop_compat_flow_variables=144, pickup_drop_compat_flow_constraints=24, vehicle_indexed_operation_relaxation=true, vehicle_indexed_y_variables=24, vehicle_indexed_pickup_variables=24, vehicle_indexed_drop_variables=24, vehicle_indexed_linking_constraints=84, vehicle_indexed_balance_constraints=4, vehicle_indexed_operation_budget_constraints=2, vehicle_indexed_transfer_flow=true, vehicle_transfer_flow_variables=264, vehicle_transfer_depot_unload_variables=24, vehicle_transfer_flow_balance_constraints=48, vehicle_transfer_mask_linking_constraints=288, vehicle_transfer_pairs_total=264, vehicle_transfer_pairs_zero_cap=0, vehicle_transfer_pairs_capacity_limited=70, vehicle_transfer_cap_min=2, vehicle_transfer_cap_avg=14.8409, vehicle_transfer_cap_max=27, incompatible_pair_example={capacity_limited_pair={pickup=1, drop=2, cap=23, loose_cap=28, path_lb=802.365, route_limit=3600}}, incompatible_pair_example={capacity_limited_pair={pickup=1, drop=3, cap=25, loose_cap=29, path_lb=594.363, route_limit=3600}}, incompatible_pair_example={capacity_limited_pair={pickup=1, drop=4, cap=23, loose_cap=30, path_lb=783.168, route_limit=3600}}, incompatible_pair_example={capacity_limited_pair={pickup=1, drop=5, cap=22, loose_cap=30, path_lb=902.005, route_limit=3600}}, incompatible_pair_example={capacity_limited_pair={pickup=1, drop=6, cap=24, loose_cap=30, path_lb=642.222, route_limit=3600}}, incompatible_pair_example={capacity_limited_pair={pickup=1, drop=9, cap=21, loose_cap=30, path_lb=974.819, route_limit=3600}}, incompatible_pair_example={capacity_limited_pair={pickup=1, drop=10, cap=22, loose_cap=30, path_lb=871.983, route_limit=3600}}, incompatible_pair_example={capacity_limited_pair={pickup=1, drop=11, cap=21, loose_cap=30, path_lb=991.966, route_limit=3600}}, incompatible_pair_example={vehicle_capacity_limited_pair={vehicle=0, pickup=1, drop=2, cap=23, loose_cap=28, path_lb=802.365, route_limit=3600}}, incompatible_pair_example={vehicle_capacity_limited_pair={vehicle=0, pickup=1, drop=3, cap=25, loose_cap=29, path_lb=594.363, route_limit=3600}}, incompatible_pair_example={vehicle_capacity_limited_pair={vehicle=0, pickup=1, drop=4, cap=23, loose_cap=30, path_lb=783.168, route_limit=3600}}, incompatible_pair_example={vehicle_capacity_limited_pair={vehicle=0, pickup=1, drop=5, cap=22, loose_cap=30, path_lb=902.005, route_limit=3600}}, incompatible_pair_example={vehicle_capacity_limited_pair={vehicle=0, pickup=1, drop=6, cap=24, loose_cap=30, path_lb=642.222, route_limit=3600}}, incompatible_pair_example={vehicle_capacity_limited_pair={vehicle=0, pickup=1, drop=9, cap=21, loose_cap=30, path_lb=974.819, route_limit=3600}}, incompatible_pair_example={vehicle_capacity_limited_pair={vehicle=0, pickup=1, drop=10, cap=22, loose_cap=30, path_lb=871.983, route_limit=3600}}, incompatible_pair_example={vehicle_capacity_limited_pair={vehicle=0, pickup=1, drop=11, cap=21, loose_cap=30, path_lb=991.966, route_limit=3600}}, incumbent_cutoff_bound=true, penalty_budget=3.46003473235, penalty_domain_tightening=true, domains_tightened=0, domain_width_before=472, domain_width_after=472, projection_bound_enabled=true, projection_bound_valid=true, projection_bound_lb=0.520289, projection_bound_scope=global, min_station_bikes=181, s_upper=60.8433, objective_lb=0.712948, status=integer optimal solution, lp=results\bound_work\regen_candidate_V12_M2_average_1782141433281939100_15729502191765196471\inventory_gini_bound.lp, pickup_drop_compat_flow_audit_selected=compat, compat_lb=0.712948, no_compat_lb=0.712948, bound_time=28.452936; route-pool collected BPC columns from initial interval 0: exported_tree=2016, exported_pricing=1012, exported_warmstart=1004, exported_integer_leaves=0, kept_before=0, kept_after=1012, raw=2016, removed_by_projection_dominance=1004, dropped_by_cap=0; route-pool incumbent master after_initial_interval_0 found verified incumbent objective=0.780793, states=177789, time=0.155734; UB only, no lower-bound certificate; accepted route-pool incumbent master incumbent for frontier cutoff only: objective=0.780793, G=0.533148, P=1.650969; route-pool collected routes from route-pool incumbent master: kept_before=1012, kept_after=1014, raw=2018, removed_by_projection_dominance=1004, dropped_by_cap=0; interval 0 [0.489218,0.512514] complete=false, lower_bound_valid=true, certified_by_bound=false, empty_interval=false, has_incumbent=false, tree_lb=0.520289, interval_lb=0.712948, inventory_relax_lb=0.712948, resource_lb=0.180148, incumbent_metric=inf, incumbent_cutoff=0.780793, nodes=1, columns=1012, pricing_calls=5, pricing_time=92.0527, master_time=50.9111, bound_time=28.4529, cuts_added=0, open_nodes=1; route-pool incumbent master before_final_frontier_summary found verified incumbent objective=0.780793, states=178491, time=0.155056; UB only, no lower-bound certificate; frontier_interval_ledger: interval_id=0, range=[0.489218,0.512514], status=unresolved, interval_lb=0.712948, cheap_prepass_lb=0.520289, cheap_sources=gamma_floor|movement_domain|penalty_domain|projection_bound, lb_source=inventory_route_gini_relaxation, lb_sources=gamma_floor|cli_frontier_focus_range|cheap_projection_bound|inventory_route_gini_relaxation|branch_price_tree, complete_or_fathomed=false, open_nodes=1, pricing_closed=false, certificate_basis=focus_diagnostic_only, requires_pricing_closure=false, pricing_closure_available=false, interval_bound_valid=true; focus-only interval diagnostic summary: interval=0, range=[0.489218,0.512514], lb_before=0.520289, lb_after=0.712948, closed=false, certificate_scope=diagnostic_interval_only; frontier certification summary: closed_intervals=0, bound_certified_intervals=0, skipped_intervals=0, relevant_intervals=1, frontier_min_interval_lower_bound=0.712948, frontier_lower_bound_source=inventory_route_gini_relaxation, unresolved_intervals=1, invalid_bound_intervals=0, final_full_objective_range=false, frontier_range_certificate_scope=diagnostic_interval_only, relevant_gini_upper_for_improvement=0.916667, covered_gini_upper_bound=0.916667; periodic progress log written to results\optimization_update_round15\raw\progress_v12_m2_focus_exact_300s.csv, checkpoints=6, interval_seconds=30.000000"
"regen_candidate_V12_M2_average.txt","v12_m2_focus_relaxed_cg_300s","gcap_frontier_not_closed","0.780792889928","0.712948394993","0.780792889928","0.0868917939828","39.8861545","True","False","","two-track","two-track","144","0","39","0","35","2","97","6","0","0","0","0","0","0","False","","False","-0.0615036488357","35","2","97","0","","0","0","0","0","False","0","0","False","0","","0","0","0","1","0","1","0.712948394993","inventory_route_gini_relaxation","0",,,"150304","2008","0.00138854980469","28.3933771","28.3933771","10.2449766","0.8837494","0","1","1004","results\optimization_update_round15\raw\progress_v12_m2_focus_relaxed_cg_300s.csv","results\optimization_update_round15\raw\v12_m2_focus_relaxed_cg_300s.json","logs\optimization_update_round15\v12_m2_focus_relaxed_cg_300s.log","parsed Hybrid GA text format; distances rebuilt from points at speed factor 1.5; Gamma-frontier diagnostic covers Gini intervals with fixed-Gini interval branch-price trees. It reports optimal only if every relevant interval is closed or bound-fathomed and the aggregated lower bound reaches the incumbent. Each interval also uses the valid trivial bound objective>=G>=interval_floor and a final-inventory pickup/route/Gini relaxation bound when it solves.; Optimization flags: column_dominance=true, column_dominance_mode=exact, projection_bound=true, penalty_domain_tightening=true, movement_domain_tightening=true, movement_bound_audit=false, frontier_best_bound_scheduling=true, frontier_relaxation_cache=true, frontier_focused_min_lb_retry=true, frontier_focused_intensification=true, frontier_focused_reserve_fraction=0.250000, frontier_focused_relax_seconds=5.000000, frontier_focused_max_passes=2, frontier_adaptive_split=true, frontier_adaptive_max_depth=3, frontier_adaptive_min_width=0.000100, frontier_adaptive_split_factor=2, route_pool_incumbent=true, route_pool_max_columns_per_vehicle=5000, pickup_drop_compat_flow=true, pickup_drop_transfer_cap_flow=true, vehicle_indexed_operation_relaxation=true, vehicle_indexed_relaxation_audit=false, vehicle_indexed_transfer_flow=true, support_duration_pruning=true, route_mask_support_duration_pruning=true, route_mask_operation_budget_cuts=true, support_duration_min_pickup_rule=ceil_half_support, support_duration_max_subset_size=5, support_feasibility_oracle=false, gcap_pricing_columns=4, frontier_column_cache=false, frontier_iterative_closure=false, frontier_iterative_max_rounds=2, frontier_iterative_round_time=60.000000, pricing_final_verifier=false, pricing_verifier_mode=auto, column_tracks=elementary-only, rmp_column_space=elementary, relaxed_columns_in_rmp=false, large_relaxed_rmp=false; BPC thread policy: requested_threads=1, bpc_workers=1, pricing_threads=1, parallel_frontier=false, parallel_nodes=false, hardware_concurrency=20; restricted-master CPLEX and inventory-bound CPLEX calls use one internal thread each; route-pool collected routes from initial empty incumbent: kept_before=0, kept_after=0, raw=0, removed_by_projection_dominance=0, dropped_by_cap=0; BPC-owned incumbent generator disabled; route-pool collected routes from verified incumbent after seed stage: kept_before=0, kept_after=0, raw=0, removed_by_projection_dominance=0, dropped_by_cap=0; frontier cover range=[0,0.916667], intervals=4, incumbent_objective=1.00822, incumbent_G=0.670596, gini_max_possible=0.916667, relevant_gini_upper_for_improvement=0.916667, frontier_covers_all_improving_gini_values=true, range_scope=original_full_improving_range; frontier focus-only exact requested interval replaces the uniform frontier for this diagnostic run: range=[0.489218,0.512514], source=cli_frontier_focus_range, parent_leaf_id=0; certificate_scope=diagnostic_interval_only; frontier focus-only diagnostic enabled: selected interval=0, range=[0.489218,0.512514], initial_lb=0.520289; this run cannot certify the original problem by itself; interval 0 inventory relaxation: inventory-route-Gini relaxation lower bound: interval=[0.489218,0.512514], pickup_limit=60, route_visit_cuts=singletons+subsets_up_to_12, integer_inventory_relaxation=true, station_flow_conservation=true, depot_return_capacity=true, station_operation_capacity=true, station_operation_mode_cuts=true, nonzero_visit_operation_cuts=true, route_mask_duration_load_relaxation=true, route_mask_max_v=12, route_mask_support_duration_pruning=true, route_mask_count_before_support_duration=8190, route_mask_count_after_support_duration=8190, route_masks_removed_by_support_duration=0, route_mask_support_duration_max_removed_subset_size=0, route_mask_operation_budget_cuts=true, route_mask_operation_budget_cuts_added=2, route_mask_operation_budget_min=14, route_mask_operation_budget_avg=18.2063, route_mask_operation_budget_max=28, route_mask_operation_budget_tightened_masks=8190, route_mask_operation_budget_zero_masks=0, operation_budget_example={vehicle=0, mask=1, popcount=1, cycle_lb=591.078, pickup_budget=25, route_limit=3600}, operation_budget_example={vehicle=0, mask=2, popcount=1, cycle_lb=497.934, pickup_budget=25, route_limit=3600}, operation_budget_example={vehicle=0, mask=3, popcount=2, cycle_lb=802.365, pickup_budget=23, route_limit=3600}, operation_budget_example={vehicle=0, mask=4, popcount=1, cycle_lb=404.449, pickup_budget=26, route_limit=3600}, operation_budget_example={vehicle=0, mask=5, popcount=2, cycle_lb=594.363, pickup_budget=25, route_limit=3600}, operation_budget_example={vehicle=0, mask=6, popcount=2, cycle_lb=646.135, pickup_budget=24, route_limit=3600}, operation_budget_example={vehicle=0, mask=7, popcount=3, cycle_lb=805.65, pickup_budget=23, route_limit=3600}, operation_budget_example={vehicle=0, mask=8, popcount=1, cycle_lb=618.428, pickup_budget=24, route_limit=3600}, pickup_drop_compat_flow=true, pickup_drop_pairs_total=132, pickup_drop_pairs_compatible=132, pickup_drop_pairs_incompatible=0, pickup_drop_pairs_capacity_limited=35, pickup_drop_transfer_cap_min=2, pickup_drop_transfer_cap_avg=14.8409, pickup_drop_transfer_cap_max=27, pickup_drop_transfer_cap_variables=132, pickup_drop_transfer_cap_constraints=132, pickup_drop_compat_flow_variables=144, pickup_drop_compat_flow_constraints=24, vehicle_indexed_operation_relaxation=true, vehicle_indexed_y_variables=24, vehicle_indexed_pickup_variables=24, vehicle_indexed_drop_variables=24, vehicle_indexed_linking_constraints=84, vehicle_indexed_balance_constraints=4, vehicle_indexed_operation_budget_constraints=2, vehicle_indexed_transfer_flow=true, vehicle_transfer_flow_variables=264, vehicle_transfer_depot_unload_variables=24, vehicle_transfer_flow_balance_constraints=48, vehicle_transfer_mask_linking_constraints=288, vehicle_transfer_pairs_total=264, vehicle_transfer_pairs_zero_cap=0, vehicle_transfer_pairs_capacity_limited=70, vehicle_transfer_cap_min=2, vehicle_transfer_cap_avg=14.8409, vehicle_transfer_cap_max=27, incompatible_pair_example={capacity_limited_pair={pickup=1, drop=2, cap=23, loose_cap=28, path_lb=802.365, route_limit=3600}}, incompatible_pair_example={capacity_limited_pair={pickup=1, drop=3, cap=25, loose_cap=29, path_lb=594.363, route_limit=3600}}, incompatible_pair_example={capacity_limited_pair={pickup=1, drop=4, cap=23, loose_cap=30, path_lb=783.168, route_limit=3600}}, incompatible_pair_example={capacity_limited_pair={pickup=1, drop=5, cap=22, loose_cap=30, path_lb=902.005, route_limit=3600}}, incompatible_pair_example={capacity_limited_pair={pickup=1, drop=6, cap=24, loose_cap=30, path_lb=642.222, route_limit=3600}}, incompatible_pair_example={capacity_limited_pair={pickup=1, drop=9, cap=21, loose_cap=30, path_lb=974.819, route_limit=3600}}, incompatible_pair_example={capacity_limited_pair={pickup=1, drop=10, cap=22, loose_cap=30, path_lb=871.983, route_limit=3600}}, incompatible_pair_example={capacity_limited_pair={pickup=1, drop=11, cap=21, loose_cap=30, path_lb=991.966, route_limit=3600}}, incompatible_pair_example={vehicle_capacity_limited_pair={vehicle=0, pickup=1, drop=2, cap=23, loose_cap=28, path_lb=802.365, route_limit=3600}}, incompatible_pair_example={vehicle_capacity_limited_pair={vehicle=0, pickup=1, drop=3, cap=25, loose_cap=29, path_lb=594.363, route_limit=3600}}, incompatible_pair_example={vehicle_capacity_limited_pair={vehicle=0, pickup=1, drop=4, cap=23, loose_cap=30, path_lb=783.168, route_limit=3600}}, incompatible_pair_example={vehicle_capacity_limited_pair={vehicle=0, pickup=1, drop=5, cap=22, loose_cap=30, path_lb=902.005, route_limit=3600}}, incompatible_pair_example={vehicle_capacity_limited_pair={vehicle=0, pickup=1, drop=6, cap=24, loose_cap=30, path_lb=642.222, route_limit=3600}}, incompatible_pair_example={vehicle_capacity_limited_pair={vehicle=0, pickup=1, drop=9, cap=21, loose_cap=30, path_lb=974.819, route_limit=3600}}, incompatible_pair_example={vehicle_capacity_limited_pair={vehicle=0, pickup=1, drop=10, cap=22, loose_cap=30, path_lb=871.983, route_limit=3600}}, incompatible_pair_example={vehicle_capacity_limited_pair={vehicle=0, pickup=1, drop=11, cap=21, loose_cap=30, path_lb=991.966, route_limit=3600}}, incumbent_cutoff_bound=true, penalty_budget=3.46003473235, penalty_domain_tightening=true, domains_tightened=0, domain_width_before=472, domain_width_after=472, projection_bound_enabled=true, projection_bound_valid=true, projection_bound_lb=0.520289, projection_bound_scope=global, min_station_bikes=181, s_upper=60.8433, objective_lb=0.712948, status=integer optimal solution, lp=results\bound_work\regen_candidate_V12_M2_average_1782141605103143800_15729502191765196471\inventory_gini_bound.lp, pickup_drop_compat_flow_audit_selected=compat, compat_lb=0.712948, no_compat_lb=0.712948, bound_time=28.393377; route-pool collected BPC columns from initial interval 0: exported_tree=2008, exported_pricing=1004, exported_warmstart=1004, exported_integer_leaves=0, kept_before=0, kept_after=1004, raw=2008, removed_by_projection_dominance=1004, dropped_by_cap=0; route-pool incumbent master after_initial_interval_0 found verified incumbent objective=0.780793, states=175825, time=0.158712; UB only, no lower-bound certificate; accepted route-pool incumbent master incumbent for frontier cutoff only: objective=0.780793, G=0.533148, P=1.650969; route-pool collected routes from route-pool incumbent master: kept_before=1004, kept_after=1006, raw=2010, removed_by_projection_dominance=1004, dropped_by_cap=0; interval 0 [0.489218,0.512514] complete=false, lower_bound_valid=true, certified_by_bound=false, empty_interval=false, has_incumbent=false, tree_lb=0.520289, interval_lb=0.712948, inventory_relax_lb=0.712948, resource_lb=0.180148, incumbent_metric=inf, incumbent_cutoff=0.780793, nodes=1, columns=1004, pricing_calls=1, pricing_time=0.883749, master_time=10.245, bound_time=28.3934, cuts_added=0, open_nodes=1; route-pool incumbent master before_final_frontier_summary found verified incumbent objective=0.780793, states=176525, time=0.163124; UB only, no lower-bound certificate; frontier_interval_ledger: interval_id=0, range=[0.489218,0.512514], status=unresolved, interval_lb=0.712948, cheap_prepass_lb=0.520289, cheap_sources=gamma_floor|movement_domain|penalty_domain|projection_bound, lb_source=inventory_route_gini_relaxation, lb_sources=gamma_floor|cli_frontier_focus_range|cheap_projection_bound|inventory_route_gini_relaxation|branch_price_tree, complete_or_fathomed=false, open_nodes=1, pricing_closed=false, certificate_basis=focus_diagnostic_only, requires_pricing_closure=false, pricing_closure_available=false, interval_bound_valid=true; focus-only interval diagnostic summary: interval=0, range=[0.489218,0.512514], lb_before=0.520289, lb_after=0.712948, closed=false, certificate_scope=diagnostic_interval_only; frontier certification summary: closed_intervals=0, bound_certified_intervals=0, skipped_intervals=0, relevant_intervals=1, frontier_min_interval_lower_bound=0.712948, frontier_lower_bound_source=inventory_route_gini_relaxation, unresolved_intervals=1, invalid_bound_intervals=0, final_full_objective_range=false, frontier_range_certificate_scope=diagnostic_interval_only, relevant_gini_upper_for_improvement=0.916667, covered_gini_upper_bound=0.916667; periodic progress log written to results\optimization_update_round15\raw\progress_v12_m2_focus_relaxed_cg_300s.csv, checkpoints=6, interval_seconds=30.000000"
"regen_candidate_V12_M2_average.txt","v12_m2_full_exact_300s","gcap_frontier_not_closed","0.780792889928","0.70241956742","0.780792889928","0.100376583239","307.8950501","True","False","","elementary-only","elementary","20111115","2","0","0","0","0","0","0","0","0","0","0","0","0","False","","False","0","0","0","0","0","","0","0","0","0","False","0","0","False","0","","0","0","0","2","0","2","0.70241956742","inventory_route_gini_relaxation","0",,,"20115135","4022","0.00138854980469","200.4403631","200.4403631","36.8909008","70.0185429","0","3","3018","results\optimization_update_round15\raw\progress_v12_m2_full_exact_300s.csv","results\optimization_update_round15\raw\v12_m2_full_exact_300s.json","logs\optimization_update_round15\v12_m2_full_exact_300s.log","parsed Hybrid GA text format; distances rebuilt from points at speed factor 1.5; Gamma-frontier diagnostic covers Gini intervals with fixed-Gini interval branch-price trees. It reports optimal only if every relevant interval is closed or bound-fathomed and the aggregated lower bound reaches the incumbent. Each interval also uses the valid trivial bound objective>=G>=interval_floor and a final-inventory pickup/route/Gini relaxation bound when it solves.; Optimization flags: column_dominance=true, column_dominance_mode=exact, projection_bound=true, penalty_domain_tightening=true, movement_domain_tightening=true, movement_bound_audit=false, frontier_best_bound_scheduling=true, frontier_relaxation_cache=true, frontier_focused_min_lb_retry=true, frontier_focused_intensification=true, frontier_focused_reserve_fraction=0.250000, frontier_focused_relax_seconds=5.000000, frontier_focused_max_passes=2, frontier_adaptive_split=true, frontier_adaptive_max_depth=3, frontier_adaptive_min_width=0.000100, frontier_adaptive_split_factor=2, route_pool_incumbent=true, route_pool_max_columns_per_vehicle=5000, pickup_drop_compat_flow=true, pickup_drop_transfer_cap_flow=true, vehicle_indexed_operation_relaxation=true, vehicle_indexed_relaxation_audit=false, vehicle_indexed_transfer_flow=true, support_duration_pruning=true, route_mask_support_duration_pruning=true, route_mask_operation_budget_cuts=true, support_duration_min_pickup_rule=ceil_half_support, support_duration_max_subset_size=5, support_feasibility_oracle=false, gcap_pricing_columns=1, frontier_column_cache=false, frontier_iterative_closure=false, frontier_iterative_max_rounds=2, frontier_iterative_round_time=60.000000, pricing_final_verifier=false, pricing_verifier_mode=auto, column_tracks=elementary-only, rmp_column_space=elementary, relaxed_columns_in_rmp=false, large_relaxed_rmp=false; BPC thread policy: requested_threads=1, bpc_workers=1, pricing_threads=1, parallel_frontier=false, parallel_nodes=false, hardware_concurrency=20; restricted-master CPLEX and inventory-bound CPLEX calls use one internal thread each; route-pool collected routes from initial empty incumbent: kept_before=0, kept_after=0, raw=0, removed_by_projection_dominance=0, dropped_by_cap=0; BPC-owned incumbent generator disabled; route-pool collected routes from verified incumbent after seed stage: kept_before=0, kept_after=0, raw=0, removed_by_projection_dominance=0, dropped_by_cap=0; frontier cover range=[0,0.916667], intervals=4, incumbent_objective=1.00822, incumbent_G=0.670596, gini_max_possible=0.916667, relevant_gini_upper_for_improvement=0.916667, frontier_covers_all_improving_gini_values=true, range_scope=original_full_improving_range; interval 0 inventory relaxation: inventory-route-Gini cutoff relaxation infeasible; no incumbent-improving solution exists in this interval: interval=[0,0.229167], pickup_limit=60, route_visit_cuts=singletons+subsets_up_to_12, integer_inventory_relaxation=true, station_flow_conservation=true, depot_return_capacity=true, station_operation_capacity=true, station_operation_mode_cuts=true, nonzero_visit_operation_cuts=true, route_mask_duration_load_relaxation=true, route_mask_max_v=12, route_mask_support_duration_pruning=true, route_mask_count_before_support_duration=8190, route_mask_count_after_support_duration=8190, route_masks_removed_by_support_duration=0, route_mask_support_duration_max_removed_subset_size=0, route_mask_operation_budget_cuts=true, route_mask_operation_budget_cuts_added=2, route_mask_operation_budget_min=14, route_mask_operation_budget_avg=18.2063, route_mask_operation_budget_max=28, route_mask_operation_budget_tightened_masks=8190, route_mask_operation_budget_zero_masks=0, operation_budget_example={vehicle=0, mask=1, popcount=1, cycle_lb=591.078, pickup_budget=25, route_limit=3600}, operation_budget_example={vehicle=0, mask=2, popcount=1, cycle_lb=497.934, pickup_budget=25, route_limit=3600}, operation_budget_example={vehicle=0, mask=3, popcount=2, cycle_lb=802.365, pickup_budget=23, route_limit=3600}, operation_budget_example={vehicle=0, mask=4, popcount=1, cycle_lb=404.449, pickup_budget=26, route_limit=3600}, operation_budget_example={vehicle=0, mask=5, popcount=2, cycle_lb=594.363, pickup_budget=25, route_limit=3600}, operation_budget_example={vehicle=0, mask=6, popcount=2, cycle_lb=646.135, pickup_budget=24, route_limit=3600}, operation_budget_example={vehicle=0, mask=7, popcount=3, cycle_lb=805.65, pickup_budget=23, route_limit=3600}, operation_budget_example={vehicle=0, mask=8, popcount=1, cycle_lb=618.428, pickup_budget=24, route_limit=3600}, pickup_drop_compat_flow=true, pickup_drop_pairs_total=132, pickup_drop_pairs_compatible=132, pickup_drop_pairs_incompatible=0, pickup_drop_pairs_capacity_limited=35, pickup_drop_transfer_cap_min=2, pickup_drop_transfer_cap_avg=14.8409, pickup_drop_transfer_cap_max=27, pickup_drop_transfer_cap_variables=132, pickup_drop_transfer_cap_constraints=132, pickup_drop_compat_flow_variables=144, pickup_drop_compat_flow_constraints=24, vehicle_indexed_operation_relaxation=true, vehicle_indexed_y_variables=24, vehicle_indexed_pickup_variables=24, vehicle_indexed_drop_variables=24, vehicle_indexed_linking_constraints=84, vehicle_indexed_balance_constraints=4, vehicle_indexed_operation_budget_constraints=2, vehicle_indexed_transfer_flow=true, vehicle_transfer_flow_variables=264, vehicle_transfer_depot_unload_variables=24, vehicle_transfer_flow_balance_constraints=48, vehicle_transfer_mask_linking_constraints=288, vehicle_transfer_pairs_total=264, vehicle_transfer_pairs_zero_cap=0, vehicle_transfer_pairs_capacity_limited=70, vehicle_transfer_cap_min=2, vehicle_transfer_cap_avg=14.8409, vehicle_transfer_cap_max=27, incompatible_pair_example={capacity_limited_pair={pickup=1, drop=2, cap=23, loose_cap=28, path_lb=802.365, route_limit=3600}}, incompatible_pair_example={capacity_limited_pair={pickup=1, drop=3, cap=25, loose_cap=29, path_lb=594.363, route_limit=3600}}, incompatible_pair_example={capacity_limited_pair={pickup=1, drop=4, cap=23, loose_cap=30, path_lb=783.168, route_limit=3600}}, incompatible_pair_example={capacity_limited_pair={pickup=1, drop=5, cap=22, loose_cap=30, path_lb=902.005, route_limit=3600}}, incompatible_pair_example={capacity_limited_pair={pickup=1, drop=6, cap=24, loose_cap=30, path_lb=642.222, route_limit=3600}}, incompatible_pair_example={capacity_limited_pair={pickup=1, drop=9, cap=21, loose_cap=30, path_lb=974.819, route_limit=3600}}, incompatible_pair_example={capacity_limited_pair={pickup=1, drop=10, cap=22, loose_cap=30, path_lb=871.983, route_limit=3600}}, incompatible_pair_example={capacity_limited_pair={pickup=1, drop=11, cap=21, loose_cap=30, path_lb=991.966, route_limit=3600}}, incompatible_pair_example={vehicle_capacity_limited_pair={vehicle=0, pickup=1, drop=2, cap=23, loose_cap=28, path_lb=802.365, route_limit=3600}}, incompatible_pair_example={vehicle_capacity_limited_pair={vehicle=0, pickup=1, drop=3, cap=25, loose_cap=29, path_lb=594.363, route_limit=3600}}, incompatible_pair_example={vehicle_capacity_limited_pair={vehicle=0, pickup=1, drop=4, cap=23, loose_cap=30, path_lb=783.168, route_limit=3600}}, incompatible_pair_example={vehicle_capacity_limited_pair={vehicle=0, pickup=1, drop=5, cap=22, loose_cap=30, path_lb=902.005, route_limit=3600}}, incompatible_pair_example={vehicle_capacity_limited_pair={vehicle=0, pickup=1, drop=6, cap=24, loose_cap=30, path_lb=642.222, route_limit=3600}}, incompatible_pair_example={vehicle_capacity_limited_pair={vehicle=0, pickup=1, drop=9, cap=21, loose_cap=30, path_lb=974.819, route_limit=3600}}, incompatible_pair_example={vehicle_capacity_limited_pair={vehicle=0, pickup=1, drop=10, cap=22, loose_cap=30, path_lb=871.983, route_limit=3600}}, incompatible_pair_example={vehicle_capacity_limited_pair={vehicle=0, pickup=1, drop=11, cap=21, loose_cap=30, path_lb=991.966, route_limit=3600}}, incumbent_cutoff_bound=true, penalty_budget=6.72148806568, min_station_bikes=181, objective_lb=1.00822, lp=results\bound_work\regen_candidate_V12_M2_average_1782141645010470500_15729502191765196471\inventory_gini_bound.lp, pickup_drop_compat_flow_audit_selected=compat, compat_lb=1.008223, no_compat_lb=1.008223, bound_time=22.339678; interval 0 bound-fathomed by final-inventory relaxation before branch-price tree; interval 1 inventory relaxation: inventory-route-Gini cutoff relaxation infeasible; no incumbent-improving solution exists in this interval: interval=[0.229167,0.458333], pickup_limit=60, route_visit_cuts=singletons+subsets_up_to_12, integer_inventory_relaxation=true, station_flow_conservation=true, depot_return_capacity=true, station_operation_capacity=true, station_operation_mode_cuts=true, nonzero_visit_operation_cuts=true, route_mask_duration_load_relaxation=true, route_mask_max_v=12, route_mask_support_duration_pruning=true, route_mask_count_before_support_duration=8190, route_mask_count_after_support_duration=8190, route_masks_removed_by_support_duration=0, route_mask_support_duration_max_removed_subset_size=0, route_mask_operation_budget_cuts=true, route_mask_operation_budget_cuts_added=2, route_mask_operation_budget_min=14, route_mask_operation_budget_avg=18.2063, route_mask_operation_budget_max=28, route_mask_operation_budget_tightened_masks=8190, route_mask_operation_budget_zero_masks=0, operation_budget_example={vehicle=0, mask=1, popcount=1, cycle_lb=591.078, pickup_budget=25, route_limit=3600}, operation_budget_example={vehicle=0, mask=2, popcount=1, cycle_lb=497.934, pickup_budget=25, route_limit=3600}, operation_budget_example={vehicle=0, mask=3, popcount=2, cycle_lb=802.365, pickup_budget=23, route_limit=3600}, operation_budget_example={vehicle=0, mask=4, popcount=1, cycle_lb=404.449, pickup_budget=26, route_limit=3600}, operation_budget_example={vehicle=0, mask=5, popcount=2, cycle_lb=594.363, pickup_budget=25, route_limit=3600}, operation_budget_example={vehicle=0, mask=6, popcount=2, cycle_lb=646.135, pickup_budget=24, route_limit=3600}, operation_budget_example={vehicle=0, mask=7, popcount=3, cycle_lb=805.65, pickup_budget=23, route_limit=3600}, operation_budget_example={vehicle=0, mask=8, popcount=1, cycle_lb=618.428, pickup_budget=24, route_limit=3600}, pickup_drop_compat_flow=true, pickup_drop_pairs_total=132, pickup_drop_pairs_compatible=132, pickup_drop_pairs_incompatible=0, pickup_drop_pairs_capacity_limited=35, pickup_drop_transfer_cap_min=2, pickup_drop_transfer_cap_avg=14.8409, pickup_drop_transfer_cap_max=27, pickup_drop_transfer_cap_variables=132, pickup_drop_transfer_cap_constraints=132, pickup_drop_compat_flow_variables=144, pickup_drop_compat_flow_constraints=24, vehicle_indexed_operation_relaxation=true, vehicle_indexed_y_variables=24, vehicle_indexed_pickup_variables=24, vehicle_indexed_drop_variables=24, vehicle_indexed_linking_constraints=84, vehicle_indexed_balance_constraints=4, vehicle_indexed_operation_budget_constraints=2, vehicle_indexed_transfer_flow=true, vehicle_transfer_flow_variables=264, vehicle_transfer_depot_unload_variables=24, vehicle_transfer_flow_balance_constraints=48, vehicle_transfer_mask_linking_constraints=288, vehicle_transfer_pairs_total=264, vehicle_transfer_pairs_zero_cap=0, vehicle_transfer_pairs_capacity_limited=70, vehicle_transfer_cap_min=2, vehicle_transfer_cap_avg=14.8409, vehicle_transfer_cap_max=27, incompatible_pair_example={capacity_limited_pair={pickup=1, drop=2, cap=23, loose_cap=28, path_lb=802.365, route_limit=3600}}, incompatible_pair_example={capacity_limited_pair={pickup=1, drop=3, cap=25, loose_cap=29, path_lb=594.363, route_limit=3600}}, incompatible_pair_example={capacity_limited_pair={pickup=1, drop=4, cap=23, loose_cap=30, path_lb=783.168, route_limit=3600}}, incompatible_pair_example={capacity_limited_pair={pickup=1, drop=5, cap=22, loose_cap=30, path_lb=902.005, route_limit=3600}}, incompatible_pair_example={capacity_limited_pair={pickup=1, drop=6, cap=24, loose_cap=30, path_lb=642.222, route_limit=3600}}, incompatible_pair_example={capacity_limited_pair={pickup=1, drop=9, cap=21, loose_cap=30, path_lb=974.819, route_limit=3600}}, incompatible_pair_example={capacity_limited_pair={pickup=1, drop=10, cap=22, loose_cap=30, path_lb=871.983, route_limit=3600}}, incompatible_pair_example={capacity_limited_pair={pickup=1, drop=11, cap=21, loose_cap=30, path_lb=991.966, route_limit=3600}}, incompatible_pair_example={vehicle_capacity_limited_pair={vehicle=0, pickup=1, drop=2, cap=23, loose_cap=28, path_lb=802.365, route_limit=3600}}, incompatible_pair_example={vehicle_capacity_limited_pair={vehicle=0, pickup=1, drop=3, cap=25, loose_cap=29, path_lb=594.363, route_limit=3600}}, incompatible_pair_example={vehicle_capacity_limited_pair={vehicle=0, pickup=1, drop=4, cap=23, loose_cap=30, path_lb=783.168, route_limit=3600}}, incompatible_pair_example={vehicle_capacity_limited_pair={vehicle=0, pickup=1, drop=5, cap=22, loose_cap=30, path_lb=902.005, route_limit=3600}}, incompatible_pair_example={vehicle_capacity_limited_pair={vehicle=0, pickup=1, drop=6, cap=24, loose_cap=30, path_lb=642.222, route_limit=3600}}, incompatible_pair_example={vehicle_capacity_limited_pair={vehicle=0, pickup=1, drop=9, cap=21, loose_cap=30, path_lb=974.819, route_limit=3600}}, incompatible_pair_example={vehicle_capacity_limited_pair={vehicle=0, pickup=1, drop=10, cap=22, loose_cap=30, path_lb=871.983, route_limit=3600}}, incompatible_pair_example={vehicle_capacity_limited_pair={vehicle=0, pickup=1, drop=11, cap=21, loose_cap=30, path_lb=991.966, route_limit=3600}}, incumbent_cutoff_bound=true, penalty_budget=5.1937102879, min_station_bikes=181, objective_lb=1.00822, lp=results\bound_work\regen_candidate_V12_M2_average_1782141667350198000_15729502191765196471\inventory_gini_bound.lp, pickup_drop_compat_flow_audit_selected=compat, compat_lb=1.008223, no_compat_lb=1.008223, bound_time=26.725153; interval 1 bound-fathomed by final-inventory relaxation before branch-price tree; interval 2 inventory relaxation: inventory-route-Gini relaxation lower bound: interval=[0.458333,0.6875], pickup_limit=60, route_visit_cuts=singletons+subsets_up_to_12, integer_inventory_relaxation=true, station_flow_conservation=true, depot_return_capacity=true, station_operation_capacity=true, station_operation_mode_cuts=true, nonzero_visit_operation_cuts=true, route_mask_duration_load_relaxation=true, route_mask_max_v=12, route_mask_support_duration_pruning=true, route_mask_count_before_support_duration=8190, route_mask_count_after_support_duration=8190, route_masks_removed_by_support_duration=0, route_mask_support_duration_max_removed_subset_size=0, route_mask_operation_budget_cuts=true, route_mask_operation_budget_cuts_added=2, route_mask_operation_budget_min=14, route_mask_operation_budget_avg=18.2063, route_mask_operation_budget_max=28, route_mask_operation_budget_tightened_masks=8190, route_mask_operation_budget_zero_masks=0, operation_budget_example={vehicle=0, mask=1, popcount=1, cycle_lb=591.078, pickup_budget=25, route_limit=3600}, operation_budget_example={vehicle=0, mask=2, popcount=1, cycle_lb=497.934, pickup_budget=25, route_limit=3600}, operation_budget_example={vehicle=0, mask=3, popcount=2, cycle_lb=802.365, pickup_budget=23, route_limit=3600}, operation_budget_example={vehicle=0, mask=4, popcount=1, cycle_lb=404.449, pickup_budget=26, route_limit=3600}, operation_budget_example={vehicle=0, mask=5, popcount=2, cycle_lb=594.363, pickup_budget=25, route_limit=3600}, operation_budget_example={vehicle=0, mask=6, popcount=2, cycle_lb=646.135, pickup_budget=24, route_limit=3600}, operation_budget_example={vehicle=0, mask=7, popcount=3, cycle_lb=805.65, pickup_budget=23, route_limit=3600}, operation_budget_example={vehicle=0, mask=8, popcount=1, cycle_lb=618.428, pickup_budget=24, route_limit=3600}, pickup_drop_compat_flow=true, pickup_drop_pairs_total=132, pickup_drop_pairs_compatible=132, pickup_drop_pairs_incompatible=0, pickup_drop_pairs_capacity_limited=35, pickup_drop_transfer_cap_min=2, pickup_drop_transfer_cap_avg=14.8409, pickup_drop_transfer_cap_max=27, pickup_drop_transfer_cap_variables=132, pickup_drop_transfer_cap_constraints=132, pickup_drop_compat_flow_variables=144, pickup_drop_compat_flow_constraints=24, vehicle_indexed_operation_relaxation=true, vehicle_indexed_y_variables=24, vehicle_indexed_pickup_variables=24, vehicle_indexed_drop_variables=24, vehicle_indexed_linking_constraints=84, vehicle_indexed_balance_constraints=4, vehicle_indexed_operation_budget_constraints=2, vehicle_indexed_transfer_flow=true, vehicle_transfer_flow_variables=264, vehicle_transfer_depot_unload_variables=24, vehicle_transfer_flow_balance_constraints=48, vehicle_transfer_mask_linking_constraints=288, vehicle_transfer_pairs_total=264, vehicle_transfer_pairs_zero_cap=0, vehicle_transfer_pairs_capacity_limited=70, vehicle_transfer_cap_min=2, vehicle_transfer_cap_avg=14.8409, vehicle_transfer_cap_max=27, incompatible_pair_example={capacity_limited_pair={pickup=1, drop=2, cap=23, loose_cap=28, path_lb=802.365, route_limit=3600}}, incompatible_pair_example={capacity_limited_pair={pickup=1, drop=3, cap=25, loose_cap=29, path_lb=594.363, route_limit=3600}}, incompatible_pair_example={capacity_limited_pair={pickup=1, drop=4, cap=23, loose_cap=30, path_lb=783.168, route_limit=3600}}, incompatible_pair_example={capacity_limited_pair={pickup=1, drop=5, cap=22, loose_cap=30, path_lb=902.005, route_limit=3600}}, incompatible_pair_example={capacity_limited_pair={pickup=1, drop=6, cap=24, loose_cap=30, path_lb=642.222, route_limit=3600}}, incompatible_pair_example={capacity_limited_pair={pickup=1, drop=9, cap=21, loose_cap=30, path_lb=974.819, route_limit=3600}}, incompatible_pair_example={capacity_limited_pair={pickup=1, drop=10, cap=22, loose_cap=30, path_lb=871.983, route_limit=3600}}, incompatible_pair_example={capacity_limited_pair={pickup=1, drop=11, cap=21, loose_cap=30, path_lb=991.966, route_limit=3600}}, incompatible_pair_example={vehicle_capacity_limited_pair={vehicle=0, pickup=1, drop=2, cap=23, loose_cap=28, path_lb=802.365, route_limit=3600}}, incompatible_pair_example={vehicle_capacity_limited_pair={vehicle=0, pickup=1, drop=3, cap=25, loose_cap=29, path_lb=594.363, route_limit=3600}}, incompatible_pair_example={vehicle_capacity_limited_pair={vehicle=0, pickup=1, drop=4, cap=23, loose_cap=30, path_lb=783.168, route_limit=3600}}, incompatible_pair_example={vehicle_capacity_limited_pair={vehicle=0, pickup=1, drop=5, cap=22, loose_cap=30, path_lb=902.005, route_limit=3600}}, incompatible_pair_example={vehicle_capacity_limited_pair={vehicle=0, pickup=1, drop=6, cap=24, loose_cap=30, path_lb=642.222, route_limit=3600}}, incompatible_pair_example={vehicle_capacity_limited_pair={vehicle=0, pickup=1, drop=9, cap=21, loose_cap=30, path_lb=974.819, route_limit=3600}}, incompatible_pair_example={vehicle_capacity_limited_pair={vehicle=0, pickup=1, drop=10, cap=22, loose_cap=30, path_lb=871.983, route_limit=3600}}, incompatible_pair_example={vehicle_capacity_limited_pair={vehicle=0, pickup=1, drop=11, cap=21, loose_cap=30, path_lb=991.966, route_limit=3600}}, incumbent_cutoff_bound=true, penalty_budget=3.66593251012, penalty_domain_tightening=true, domains_tightened=0, domain_width_before=472, domain_width_after=472, projection_bound_enabled=true, projection_bound_valid=true, projection_bound_lb=0.489405, projection_bound_scope=global, min_station_bikes=181, s_upper=61.4874, objective_lb=0.671584, status=integer optimal solution, lp=results\bound_work\regen_candidate_V12_M2_average_1782141694075422100_15729502191765196471\inventory_gini_bound.lp, pickup_drop_compat_flow_audit_selected=compat, compat_lb=0.671584, no_compat_lb=0.671584, bound_time=25.994986; route-pool collected BPC columns from initial interval 2: exported_tree=4022, exported_pricing=3018, exported_warmstart=1004, exported_integer_leaves=0, kept_before=0, kept_after=1006, raw=4022, removed_by_projection_dominance=3016, dropped_by_cap=0; route-pool incumbent master after_initial_interval_2 found verified incumbent objective=0.780793, states=176380, time=0.165647; UB only, no lower-bound certificate; accepted route-pool incumbent master incumbent for frontier cutoff only: objective=0.780793, G=0.533148, P=1.650969; route-pool collected routes from route-pool incumbent master: kept_before=1006, kept_after=1008, raw=4024, removed_by_projection_dominance=3016, dropped_by_cap=0; interval candidate audit source=initial interval 2, candidate_true_G=0.670596, candidate_true_P=2.25085, candidate_true_objective=1.00822, candidate_surrogate_metric=0.795961, candidate_interval_membership=true, candidate_verifier_passed=true, candidate_rejection_reason=rejected_true_objective_not_improving; route-pool incumbent master after_initial_interval_2 found verified incumbent objective=0.780793, states=177082, time=0.153940; UB only, no lower-bound certificate; interval 2 [0.458333,0.6875] complete=false, lower_bound_valid=true, certified_by_bound=false, empty_interval=false, has_incumbent=true, tree_lb=0.668837, interval_lb=0.671584, inventory_relax_lb=0.671584, resource_lb=0.180148, incumbent_metric=0.795961, incumbent_cutoff=0.780793, nodes=3, columns=3018, pricing_calls=4, pricing_time=70.0185, master_time=36.8909, bound_time=25.995, cuts_added=0, open_nodes=3; interval 3 inventory relaxation: inventory-route-Gini cutoff relaxation infeasible; no incumbent-improving solution exists in this interval: interval=[0.6875,0.916667], pickup_limit=60, route_visit_cuts=singletons+subsets_up_to_12, integer_inventory_relaxation=true, station_flow_conservation=true, depot_return_capacity=true, station_operation_capacity=true, station_operation_mode_cuts=true, nonzero_visit_operation_cuts=true, route_mask_duration_load_relaxation=true, route_mask_max_v=12, route_mask_support_duration_pruning=true, route_mask_count_before_support_duration=8190, route_mask_count_after_support_duration=8190, route_masks_removed_by_support_duration=0, route_mask_support_duration_max_removed_subset_size=0, route_mask_operation_budget_cuts=true, route_mask_operation_budget_cuts_added=2, route_mask_operation_budget_min=14, route_mask_operation_budget_avg=18.2063, route_mask_operation_budget_max=28, route_mask_operation_budget_tightened_masks=8190, route_mask_operation_budget_zero_masks=0, operation_budget_example={vehicle=0, mask=1, popcount=1, cycle_lb=591.078, pickup_budget=25, route_limit=3600}, operation_budget_example={vehicle=0, mask=2, popcount=1, cycle_lb=497.934, pickup_budget=25, route_limit=3600}, operation_budget_example={vehicle=0, mask=3, popcount=2, cycle_lb=802.365, pickup_budget=23, route_limit=3600}, operation_budget_example={vehicle=0, mask=4, popcount=1, cycle_lb=404.449, pickup_budget=26, route_limit=3600}, operation_budget_example={vehicle=0, mask=5, popcount=2, cycle_lb=594.363, pickup_budget=25, route_limit=3600}, operation_budget_example={vehicle=0, mask=6, popcount=2, cycle_lb=646.135, pickup_budget=24, route_limit=3600}, operation_budget_example={vehicle=0, mask=7, popcount=3, cycle_lb=805.65, pickup_budget=23, route_limit=3600}, operation_budget_example={vehicle=0, mask=8, popcount=1, cycle_lb=618.428, pickup_budget=24, route_limit=3600}, pickup_drop_compat_flow=true, pickup_drop_pairs_total=132, pickup_drop_pairs_compatible=132, pickup_drop_pairs_incompatible=0, pickup_drop_pairs_capacity_limited=35, pickup_drop_transfer_cap_min=2, pickup_drop_transfer_cap_avg=14.8409, pickup_drop_transfer_cap_max=27, pickup_drop_transfer_cap_variables=132, pickup_drop_transfer_cap_constraints=132, pickup_drop_compat_flow_variables=144, pickup_drop_compat_flow_constraints=24, vehicle_indexed_operation_relaxation=true, vehicle_indexed_y_variables=24, vehicle_indexed_pickup_variables=24, vehicle_indexed_drop_variables=24, vehicle_indexed_linking_constraints=84, vehicle_indexed_balance_constraints=4, vehicle_indexed_operation_budget_constraints=2, vehicle_indexed_transfer_flow=true, vehicle_transfer_flow_variables=264, vehicle_transfer_depot_unload_variables=24, vehicle_transfer_flow_balance_constraints=48, vehicle_transfer_mask_linking_constraints=288, vehicle_transfer_pairs_total=264, vehicle_transfer_pairs_zero_cap=0, vehicle_transfer_pairs_capacity_limited=70, vehicle_transfer_cap_min=2, vehicle_transfer_cap_avg=14.8409, vehicle_transfer_cap_max=27, incompatible_pair_example={capacity_limited_pair={pickup=1, drop=2, cap=23, loose_cap=28, path_lb=802.365, route_limit=3600}}, incompatible_pair_example={capacity_limited_pair={pickup=1, drop=3, cap=25, loose_cap=29, path_lb=594.363, route_limit=3600}}, incompatible_pair_example={capacity_limited_pair={pickup=1, drop=4, cap=23, loose_cap=30, path_lb=783.168, route_limit=3600}}, incompatible_pair_example={capacity_limited_pair={pickup=1, drop=5, cap=22, loose_cap=30, path_lb=902.005, route_limit=3600}}, incompatible_pair_example={capacity_limited_pair={pickup=1, drop=6, cap=24, loose_cap=30, path_lb=642.222, route_limit=3600}}, incompatible_pair_example={capacity_limited_pair={pickup=1, drop=9, cap=21, loose_cap=30, path_lb=974.819, route_limit=3600}}, incompatible_pair_example={capacity_limited_pair={pickup=1, drop=10, cap=22, loose_cap=30, path_lb=871.983, route_limit=3600}}, incompatible_pair_example={capacity_limited_pair={pickup=1, drop=11, cap=21, loose_cap=30, path_lb=991.966, route_limit=3600}}, incompatible_pair_example={vehicle_capacity_limited_pair={vehicle=0, pickup=1, drop=2, cap=23, loose_cap=28, path_lb=802.365, route_limit=3600}}, incompatible_pair_example={vehicle_capacity_limited_pair={vehicle=0, pickup=1, drop=3, cap=25, loose_cap=29, path_lb=594.363, route_limit=3600}}, incompatible_pair_example={vehicle_capacity_limited_pair={vehicle=0, pickup=1, drop=4, cap=23, loose_cap=30, path_lb=783.168, route_limit=3600}}, incompatible_pair_example={vehicle_capacity_limited_pair={vehicle=0, pickup=1, drop=5, cap=22, loose_cap=30, path_lb=902.005, route_limit=3600}}, incompatible_pair_example={vehicle_capacity_limited_pair={vehicle=0, pickup=1, drop=6, cap=24, loose_cap=30, path_lb=642.222, route_limit=3600}}, incompatible_pair_example={vehicle_capacity_limited_pair={vehicle=0, pickup=1, drop=9, cap=21, loose_cap=30, path_lb=974.819, route_limit=3600}}, incompatible_pair_example={vehicle_capacity_limited_pair={vehicle=0, pickup=1, drop=10, cap=22, loose_cap=30, path_lb=871.983, route_limit=3600}}, incompatible_pair_example={vehicle_capacity_limited_pair={vehicle=0, pickup=1, drop=11, cap=21, loose_cap=30, path_lb=991.966, route_limit=3600}}, incumbent_cutoff_bound=true, penalty_budget=0.621952599522, min_station_bikes=181, objective_lb=0.780793, lp=results\bound_work\regen_candidate_V12_M2_average_1782141827369470700_15729502191765196471\inventory_gini_bound.lp, pickup_drop_compat_flow_audit_selected=compat, compat_lb=0.780793, no_compat_lb=0.780793, bound_time=3.179776; interval 3 bound-fathomed by final-inventory relaxation before branch-price tree; adaptive frontier split pass 1 splitting 1 of 1 unresolved interval(s) by lowest current lower bound, split_batch=all; adaptive split pass 1 child interval 4 inventory relaxation: inventory-route-Gini relaxation lower bound: interval=[0.458333,0.572917], pickup_limit=60, route_visit_cuts=singletons+subsets_up_to_12, integer_inventory_relaxation=true, station_flow_conservation=true, depot_return_capacity=true, station_operation_capacity=true, station_operation_mode_cuts=true, nonzero_visit_operation_cuts=true, route_mask_duration_load_relaxation=true, route_mask_max_v=12, route_mask_support_duration_pruning=true, route_mask_count_before_support_duration=8190, route_mask_count_after_support_duration=8190, route_masks_removed_by_support_duration=0, route_mask_support_duration_max_removed_subset_size=0, route_mask_operation_budget_cuts=true, route_mask_operation_budget_cuts_added=2, route_mask_operation_budget_min=14, route_mask_operation_budget_avg=18.2063, route_mask_operation_budget_max=28, route_mask_operation_budget_tightened_masks=8190, route_mask_operation_budget_zero_masks=0, operation_budget_example={vehicle=0, mask=1, popcount=1, cycle_lb=591.078, pickup_budget=25, route_limit=3600}, operation_budget_example={vehicle=0, mask=2, popcount=1, cycle_lb=497.934, pickup_budget=25, route_limit=3600}, operation_budget_example={vehicle=0, mask=3, popcount=2, cycle_lb=802.365, pickup_budget=23, route_limit=3600}, operation_budget_example={vehicle=0, mask=4, popcount=1, cycle_lb=404.449, pickup_budget=26, route_limit=3600}, operation_budget_example={vehicle=0, mask=5, popcount=2, cycle_lb=594.363, pickup_budget=25, route_limit=3600}, operation_budget_example={vehicle=0, mask=6, popcount=2, cycle_lb=646.135, pickup_budget=24, route_limit=3600}, operation_budget_example={vehicle=0, mask=7, popcount=3, cycle_lb=805.65, pickup_budget=23, route_limit=3600}, operation_budget_example={vehicle=0, mask=8, popcount=1, cycle_lb=618.428, pickup_budget=24, route_limit=3600}, pickup_drop_compat_flow=true, pickup_drop_pairs_total=132, pickup_drop_pairs_compatible=132, pickup_drop_pairs_incompatible=0, pickup_drop_pairs_capacity_limited=35, pickup_drop_transfer_cap_min=2, pickup_drop_transfer_cap_avg=14.8409, pickup_drop_transfer_cap_max=27, pickup_drop_transfer_cap_variables=132, pickup_drop_transfer_cap_constraints=132, pickup_drop_compat_flow_variables=144, pickup_drop_compat_flow_constraints=24, vehicle_indexed_operation_relaxation=true, vehicle_indexed_y_variables=24, vehicle_indexed_pickup_variables=24, vehicle_indexed_drop_variables=24, vehicle_indexed_linking_constraints=84, vehicle_indexed_balance_constraints=4, vehicle_indexed_operation_budget_constraints=2, vehicle_indexed_transfer_flow=true, vehicle_transfer_flow_variables=264, vehicle_transfer_depot_unload_variables=24, vehicle_transfer_flow_balance_constraints=48, vehicle_transfer_mask_linking_constraints=288, vehicle_transfer_pairs_total=264, vehicle_transfer_pairs_zero_cap=0, vehicle_transfer_pairs_capacity_limited=70, vehicle_transfer_cap_min=2, vehicle_transfer_cap_avg=14.8409, vehicle_transfer_cap_max=27, incompatible_pair_example={capacity_limited_pair={pickup=1, drop=2, cap=23, loose_cap=28, path_lb=802.365, route_limit=3600}}, incompatible_pair_example={capacity_limited_pair={pickup=1, drop=3, cap=25, loose_cap=29, path_lb=594.363, route_limit=3600}}, incompatible_pair_example={capacity_limited_pair={pickup=1, drop=4, cap=23, loose_cap=30, path_lb=783.168, route_limit=3600}}, incompatible_pair_example={capacity_limited_pair={pickup=1, drop=5, cap=22, loose_cap=30, path_lb=902.005, route_limit=3600}}, incompatible_pair_example={capacity_limited_pair={pickup=1, drop=6, cap=24, loose_cap=30, path_lb=642.222, route_limit=3600}}, incompatible_pair_example={capacity_limited_pair={pickup=1, drop=9, cap=21, loose_cap=30, path_lb=974.819, route_limit=3600}}, incompatible_pair_example={capacity_limited_pair={pickup=1, drop=10, cap=22, loose_cap=30, path_lb=871.983, route_limit=3600}}, incompatible_pair_example={capacity_limited_pair={pickup=1, drop=11, cap=21, loose_cap=30, path_lb=991.966, route_limit=3600}}, incompatible_pair_example={vehicle_capacity_limited_pair={vehicle=0, pickup=1, drop=2, cap=23, loose_cap=28, path_lb=802.365, route_limit=3600}}, incompatible_pair_example={vehicle_capacity_limited_pair={vehicle=0, pickup=1, drop=3, cap=25, loose_cap=29, path_lb=594.363, route_limit=3600}}, incompatible_pair_example={vehicle_capacity_limited_pair={vehicle=0, pickup=1, drop=4, cap=23, loose_cap=30, path_lb=783.168, route_limit=3600}}, incompatible_pair_example={vehicle_capacity_limited_pair={vehicle=0, pickup=1, drop=5, cap=22, loose_cap=30, path_lb=902.005, route_limit=3600}}, incompatible_pair_example={vehicle_capacity_limited_pair={vehicle=0, pickup=1, drop=6, cap=24, loose_cap=30, path_lb=642.222, route_limit=3600}}, incompatible_pair_example={vehicle_capacity_limited_pair={vehicle=0, pickup=1, drop=9, cap=21, loose_cap=30, path_lb=974.819, route_limit=3600}}, incompatible_pair_example={vehicle_capacity_limited_pair={vehicle=0, pickup=1, drop=10, cap=22, loose_cap=30, path_lb=871.983, route_limit=3600}}, incompatible_pair_example={vehicle_capacity_limited_pair={vehicle=0, pickup=1, drop=11, cap=21, loose_cap=30, path_lb=991.966, route_limit=3600}}, incumbent_cutoff_bound=true, penalty_budget=2.1497303773, penalty_domain_tightening=true, domains_tightened=0, domain_width_before=472, domain_width_after=472, projection_bound_enabled=true, projection_bound_valid=true, projection_bound_lb=0.489405, projection_bound_scope=global, min_station_bikes=181, s_upper=55.5069, objective_lb=0.675508, status=integer optimal solution, lp=results\bound_work\regen_candidate_V12_M2_average_1782141830549317100_15729502191765196471\inventory_gini_bound.lp, pickup_drop_compat_flow_audit_selected=compat, compat_lb=0.675508, no_compat_lb=0.675508, bound_time=23.325292; adaptive split pass 1 child interval 5 inventory relaxation: inventory-route-Gini cutoff relaxation infeasible; no incumbent-improving solution exists in this interval: interval=[0.572917,0.6875], pickup_limit=60, route_visit_cuts=singletons+subsets_up_to_12, integer_inventory_relaxation=true, station_flow_conservation=true, depot_return_capacity=true, station_operation_capacity=true, station_operation_mode_cuts=true, nonzero_visit_operation_cuts=true, route_mask_duration_load_relaxation=true, route_mask_max_v=12, route_mask_support_duration_pruning=true, route_mask_count_before_support_duration=8190, route_mask_count_after_support_duration=8190, route_masks_removed_by_support_duration=0, route_mask_support_duration_max_removed_subset_size=0, route_mask_operation_budget_cuts=true, route_mask_operation_budget_cuts_added=2, route_mask_operation_budget_min=14, route_mask_operation_budget_avg=18.2063, route_mask_operation_budget_max=28, route_mask_operation_budget_tightened_masks=8190, route_mask_operation_budget_zero_masks=0, operation_budget_example={vehicle=0, mask=1, popcount=1, cycle_lb=591.078, pickup_budget=25, route_limit=3600}, operation_budget_example={vehicle=0, mask=2, popcount=1, cycle_lb=497.934, pickup_budget=25, route_limit=3600}, operation_budget_example={vehicle=0, mask=3, popcount=2, cycle_lb=802.365, pickup_budget=23, route_limit=3600}, operation_budget_example={vehicle=0, mask=4, popcount=1, cycle_lb=404.449, pickup_budget=26, route_limit=3600}, operation_budget_example={vehicle=0, mask=5, popcount=2, cycle_lb=594.363, pickup_budget=25, route_limit=3600}, operation_budget_example={vehicle=0, mask=6, popcount=2, cycle_lb=646.135, pickup_budget=24, route_limit=3600}, operation_budget_example={vehicle=0, mask=7, popcount=3, cycle_lb=805.65, pickup_budget=23, route_limit=3600}, operation_budget_example={vehicle=0, mask=8, popcount=1, cycle_lb=618.428, pickup_budget=24, route_limit=3600}, pickup_drop_compat_flow=true, pickup_drop_pairs_total=132, pickup_drop_pairs_compatible=132, pickup_drop_pairs_incompatible=0, pickup_drop_pairs_capacity_limited=35, pickup_drop_transfer_cap_min=2, pickup_drop_transfer_cap_avg=14.8409, pickup_drop_transfer_cap_max=27, pickup_drop_transfer_cap_variables=132, pickup_drop_transfer_cap_constraints=132, pickup_drop_compat_flow_variables=144, pickup_drop_compat_flow_constraints=24, vehicle_indexed_operation_relaxation=true, vehicle_indexed_y_variables=24, vehicle_indexed_pickup_variables=24, vehicle_indexed_drop_variables=24, vehicle_indexed_linking_constraints=84, vehicle_indexed_balance_constraints=4, vehicle_indexed_operation_budget_constraints=2, vehicle_indexed_transfer_flow=true, vehicle_transfer_flow_variables=264, vehicle_transfer_depot_unload_variables=24, vehicle_transfer_flow_balance_constraints=48, vehicle_transfer_mask_linking_constraints=288, vehicle_transfer_pairs_total=264, vehicle_transfer_pairs_zero_cap=0, vehicle_transfer_pairs_capacity_limited=70, vehicle_transfer_cap_min=2, vehicle_transfer_cap_avg=14.8409, vehicle_transfer_cap_max=27, incompatible_pair_example={capacity_limited_pair={pickup=1, drop=2, cap=23, loose_cap=28, path_lb=802.365, route_limit=3600}}, incompatible_pair_example={capacity_limited_pair={pickup=1, drop=3, cap=25, loose_cap=29, path_lb=594.363, route_limit=3600}}, incompatible_pair_example={capacity_limited_pair={pickup=1, drop=4, cap=23, loose_cap=30, path_lb=783.168, route_limit=3600}}, incompatible_pair_example={capacity_limited_pair={pickup=1, drop=5, cap=22, loose_cap=30, path_lb=902.005, route_limit=3600}}, incompatible_pair_example={capacity_limited_pair={pickup=1, drop=6, cap=24, loose_cap=30, path_lb=642.222, route_limit=3600}}, incompatible_pair_example={capacity_limited_pair={pickup=1, drop=9, cap=21, loose_cap=30, path_lb=974.819, route_limit=3600}}, incompatible_pair_example={capacity_limited_pair={pickup=1, drop=10, cap=22, loose_cap=30, path_lb=871.983, route_limit=3600}}, incompatible_pair_example={capacity_limited_pair={pickup=1, drop=11, cap=21, loose_cap=30, path_lb=991.966, route_limit=3600}}, incompatible_pair_example={vehicle_capacity_limited_pair={vehicle=0, pickup=1, drop=2, cap=23, loose_cap=28, path_lb=802.365, route_limit=3600}}, incompatible_pair_example={vehicle_capacity_limited_pair={vehicle=0, pickup=1, drop=3, cap=25, loose_cap=29, path_lb=594.363, route_limit=3600}}, incompatible_pair_example={vehicle_capacity_limited_pair={vehicle=0, pickup=1, drop=4, cap=23, loose_cap=30, path_lb=783.168, route_limit=3600}}, incompatible_pair_example={vehicle_capacity_limited_pair={vehicle=0, pickup=1, drop=5, cap=22, loose_cap=30, path_lb=902.005, route_limit=3600}}, incompatible_pair_example={vehicle_capacity_limited_pair={vehicle=0, pickup=1, drop=6, cap=24, loose_cap=30, path_lb=642.222, route_limit=3600}}, incompatible_pair_example={vehicle_capacity_limited_pair={vehicle=0, pickup=1, drop=9, cap=21, loose_cap=30, path_lb=974.819, route_limit=3600}}, incompatible_pair_example={vehicle_capacity_limited_pair={vehicle=0, pickup=1, drop=10, cap=22, loose_cap=30, path_lb=871.983, route_limit=3600}}, incompatible_pair_example={vehicle_capacity_limited_pair={vehicle=0, pickup=1, drop=11, cap=21, loose_cap=30, path_lb=991.966, route_limit=3600}}, incumbent_cutoff_bound=true, penalty_budget=1.38584148841, min_station_bikes=181, objective_lb=0.780793, lp=results\bound_work\regen_candidate_V12_M2_average_1782141853874668600_15729502191765196471\inventory_gini_bound.lp, pickup_drop_compat_flow_audit_selected=compat, compat_lb=0.780793, no_compat_lb=0.780793, bound_time=11.039911; adaptive split pass 1 child interval 5 bound-fathomed by inherited/relaxation lower bound; adaptive frontier split pass 2 splitting 1 of 1 unresolved interval(s) by lowest current lower bound, split_batch=all; adaptive split pass 2 child interval 6 inventory relaxation: inventory-route-Gini relaxation lower bound: interval=[0.458333,0.515625], pickup_limit=60, route_visit_cuts=singletons+subsets_up_to_12, integer_inventory_relaxation=true, station_flow_conservation=true, depot_return_capacity=true, station_operation_capacity=true, station_operation_mode_cuts=true, nonzero_visit_operation_cuts=true, route_mask_duration_load_relaxation=true, route_mask_max_v=12, route_mask_support_duration_pruning=true, route_mask_count_before_support_duration=8190, route_mask_count_after_support_duration=8190, route_masks_removed_by_support_duration=0, route_mask_support_duration_max_removed_subset_size=0, route_mask_operation_budget_cuts=true, route_mask_operation_budget_cuts_added=2, route_mask_operation_budget_min=14, route_mask_operation_budget_avg=18.2063, route_mask_operation_budget_max=28, route_mask_operation_budget_tightened_masks=8190, route_mask_operation_budget_zero_masks=0, operation_budget_example={vehicle=0, mask=1, popcount=1, cycle_lb=591.078, pickup_budget=25, route_limit=3600}, operation_budget_example={vehicle=0, mask=2, popcount=1, cycle_lb=497.934, pickup_budget=25, route_limit=3600}, operation_budget_example={vehicle=0, mask=3, popcount=2, cycle_lb=802.365, pickup_budget=23, route_limit=3600}, operation_budget_example={vehicle=0, mask=4, popcount=1, cycle_lb=404.449, pickup_budget=26, route_limit=3600}, operation_budget_example={vehicle=0, mask=5, popcount=2, cycle_lb=594.363, pickup_budget=25, route_limit=3600}, operation_budget_example={vehicle=0, mask=6, popcount=2, cycle_lb=646.135, pickup_budget=24, route_limit=3600}, operation_budget_example={vehicle=0, mask=7, popcount=3, cycle_lb=805.65, pickup_budget=23, route_limit=3600}, operation_budget_example={vehicle=0, mask=8, popcount=1, cycle_lb=618.428, pickup_budget=24, route_limit=3600}, pickup_drop_compat_flow=true, pickup_drop_pairs_total=132, pickup_drop_pairs_compatible=132, pickup_drop_pairs_incompatible=0, pickup_drop_pairs_capacity_limited=35, pickup_drop_transfer_cap_min=2, pickup_drop_transfer_cap_avg=14.8409, pickup_drop_transfer_cap_max=27, pickup_drop_transfer_cap_variables=132, pickup_drop_transfer_cap_constraints=132, pickup_drop_compat_flow_variables=144, pickup_drop_compat_flow_constraints=24, vehicle_indexed_operation_relaxation=true, vehicle_indexed_y_variables=24, vehicle_indexed_pickup_variables=24, vehicle_indexed_drop_variables=24, vehicle_indexed_linking_constraints=84, vehicle_indexed_balance_constraints=4, vehicle_indexed_operation_budget_constraints=2, vehicle_indexed_transfer_flow=true, vehicle_transfer_flow_variables=264, vehicle_transfer_depot_unload_variables=24, vehicle_transfer_flow_balance_constraints=48, vehicle_transfer_mask_linking_constraints=288, vehicle_transfer_pairs_total=264, vehicle_transfer_pairs_zero_cap=0, vehicle_transfer_pairs_capacity_limited=70, vehicle_transfer_cap_min=2, vehicle_transfer_cap_avg=14.8409, vehicle_transfer_cap_max=27, incompatible_pair_example={capacity_limited_pair={pickup=1, drop=2, cap=23, loose_cap=28, path_lb=802.365, route_limit=3600}}, incompatible_pair_example={capacity_limited_pair={pickup=1, drop=3, cap=25, loose_cap=29, path_lb=594.363, route_limit=3600}}, incompatible_pair_example={capacity_limited_pair={pickup=1, drop=4, cap=23, loose_cap=30, path_lb=783.168, route_limit=3600}}, incompatible_pair_example={capacity_limited_pair={pickup=1, drop=5, cap=22, loose_cap=30, path_lb=902.005, route_limit=3600}}, incompatible_pair_example={capacity_limited_pair={pickup=1, drop=6, cap=24, loose_cap=30, path_lb=642.222, route_limit=3600}}, incompatible_pair_example={capacity_limited_pair={pickup=1, drop=9, cap=21, loose_cap=30, path_lb=974.819, route_limit=3600}}, incompatible_pair_example={capacity_limited_pair={pickup=1, drop=10, cap=22, loose_cap=30, path_lb=871.983, route_limit=3600}}, incompatible_pair_example={capacity_limited_pair={pickup=1, drop=11, cap=21, loose_cap=30, path_lb=991.966, route_limit=3600}}, incompatible_pair_example={vehicle_capacity_limited_pair={vehicle=0, pickup=1, drop=2, cap=23, loose_cap=28, path_lb=802.365, route_limit=3600}}, incompatible_pair_example={vehicle_capacity_limited_pair={vehicle=0, pickup=1, drop=3, cap=25, loose_cap=29, path_lb=594.363, route_limit=3600}}, incompatible_pair_example={vehicle_capacity_limited_pair={vehicle=0, pickup=1, drop=4, cap=23, loose_cap=30, path_lb=783.168, route_limit=3600}}, incompatible_pair_example={vehicle_capacity_limited_pair={vehicle=0, pickup=1, drop=5, cap=22, loose_cap=30, path_lb=902.005, route_limit=3600}}, incompatible_pair_example={vehicle_capacity_limited_pair={vehicle=0, pickup=1, drop=6, cap=24, loose_cap=30, path_lb=642.222, route_limit=3600}}, incompatible_pair_example={vehicle_capacity_limited_pair={vehicle=0, pickup=1, drop=9, cap=21, loose_cap=30, path_lb=974.819, route_limit=3600}}, incompatible_pair_example={vehicle_capacity_limited_pair={vehicle=0, pickup=1, drop=10, cap=22, loose_cap=30, path_lb=871.983, route_limit=3600}}, incompatible_pair_example={vehicle_capacity_limited_pair={vehicle=0, pickup=1, drop=11, cap=21, loose_cap=30, path_lb=991.966, route_limit=3600}}, incumbent_cutoff_bound=true, penalty_budget=2.1497303773, penalty_domain_tightening=true, domains_tightened=0, domain_width_before=472, domain_width_after=472, projection_bound_enabled=true, projection_bound_valid=true, projection_bound_lb=0.489405, projection_bound_scope=global, min_station_bikes=181, s_upper=55.5069, objective_lb=0.681925, status=integer optimal solution, lp=results\bound_work\regen_candidate_V12_M2_average_1782141864914632800_15729502191765196471\inventory_gini_bound.lp, pickup_drop_compat_flow_audit_selected=compat, compat_lb=0.681925, no_compat_lb=0.681925, bound_time=26.466654; adaptive split pass 2 child interval 7 inventory relaxation: inventory-route-Gini relaxation lower bound: interval=[0.515625,0.572917], pickup_limit=60, route_visit_cuts=singletons+subsets_up_to_12, integer_inventory_relaxation=true, station_flow_conservation=true, depot_return_capacity=true, station_operation_capacity=true, station_operation_mode_cuts=true, nonzero_visit_operation_cuts=true, route_mask_duration_load_relaxation=true, route_mask_max_v=12, route_mask_support_duration_pruning=true, route_mask_count_before_support_duration=8190, route_mask_count_after_support_duration=8190, route_masks_removed_by_support_duration=0, route_mask_support_duration_max_removed_subset_size=0, route_mask_operation_budget_cuts=true, route_mask_operation_budget_cuts_added=2, route_mask_operation_budget_min=14, route_mask_operation_budget_avg=18.2063, route_mask_operation_budget_max=28, route_mask_operation_budget_tightened_masks=8190, route_mask_operation_budget_zero_masks=0, operation_budget_example={vehicle=0, mask=1, popcount=1, cycle_lb=591.078, pickup_budget=25, route_limit=3600}, operation_budget_example={vehicle=0, mask=2, popcount=1, cycle_lb=497.934, pickup_budget=25, route_limit=3600}, operation_budget_example={vehicle=0, mask=3, popcount=2, cycle_lb=802.365, pickup_budget=23, route_limit=3600}, operation_budget_example={vehicle=0, mask=4, popcount=1, cycle_lb=404.449, pickup_budget=26, route_limit=3600}, operation_budget_example={vehicle=0, mask=5, popcount=2, cycle_lb=594.363, pickup_budget=25, route_limit=3600}, operation_budget_example={vehicle=0, mask=6, popcount=2, cycle_lb=646.135, pickup_budget=24, route_limit=3600}, operation_budget_example={vehicle=0, mask=7, popcount=3, cycle_lb=805.65, pickup_budget=23, route_limit=3600}, operation_budget_example={vehicle=0, mask=8, popcount=1, cycle_lb=618.428, pickup_budget=24, route_limit=3600}, pickup_drop_compat_flow=true, pickup_drop_pairs_total=132, pickup_drop_pairs_compatible=132, pickup_drop_pairs_incompatible=0, pickup_drop_pairs_capacity_limited=35, pickup_drop_transfer_cap_min=2, pickup_drop_transfer_cap_avg=14.8409, pickup_drop_transfer_cap_max=27, pickup_drop_transfer_cap_variables=132, pickup_drop_transfer_cap_constraints=132, pickup_drop_compat_flow_variables=144, pickup_drop_compat_flow_constraints=24, vehicle_indexed_operation_relaxation=true, vehicle_indexed_y_variables=24, vehicle_indexed_pickup_variables=24, vehicle_indexed_drop_variables=24, vehicle_indexed_linking_constraints=84, vehicle_indexed_balance_constraints=4, vehicle_indexed_operation_budget_constraints=2, vehicle_indexed_transfer_flow=true, vehicle_transfer_flow_variables=264, vehicle_transfer_depot_unload_variables=24, vehicle_transfer_flow_balance_constraints=48, vehicle_transfer_mask_linking_constraints=288, vehicle_transfer_pairs_total=264, vehicle_transfer_pairs_zero_cap=0, vehicle_transfer_pairs_capacity_limited=70, vehicle_transfer_cap_min=2, vehicle_transfer_cap_avg=14.8409, vehicle_transfer_cap_max=27, incompatible_pair_example={capacity_limited_pair={pickup=1, drop=2, cap=23, loose_cap=28, path_lb=802.365, route_limit=3600}}, incompatible_pair_example={capacity_limited_pair={pickup=1, drop=3, cap=25, loose_cap=29, path_lb=594.363, route_limit=3600}}, incompatible_pair_example={capacity_limited_pair={pickup=1, drop=4, cap=23, loose_cap=30, path_lb=783.168, route_limit=3600}}, incompatible_pair_example={capacity_limited_pair={pickup=1, drop=5, cap=22, loose_cap=30, path_lb=902.005, route_limit=3600}}, incompatible_pair_example={capacity_limited_pair={pickup=1, drop=6, cap=24, loose_cap=30, path_lb=642.222, route_limit=3600}}, incompatible_pair_example={capacity_limited_pair={pickup=1, drop=9, cap=21, loose_cap=30, path_lb=974.819, route_limit=3600}}, incompatible_pair_example={capacity_limited_pair={pickup=1, drop=10, cap=22, loose_cap=30, path_lb=871.983, route_limit=3600}}, incompatible_pair_example={capacity_limited_pair={pickup=1, drop=11, cap=21, loose_cap=30, path_lb=991.966, route_limit=3600}}, incompatible_pair_example={vehicle_capacity_limited_pair={vehicle=0, pickup=1, drop=2, cap=23, loose_cap=28, path_lb=802.365, route_limit=3600}}, incompatible_pair_example={vehicle_capacity_limited_pair={vehicle=0, pickup=1, drop=3, cap=25, loose_cap=29, path_lb=594.363, route_limit=3600}}, incompatible_pair_example={vehicle_capacity_limited_pair={vehicle=0, pickup=1, drop=4, cap=23, loose_cap=30, path_lb=783.168, route_limit=3600}}, incompatible_pair_example={vehicle_capacity_limited_pair={vehicle=0, pickup=1, drop=5, cap=22, loose_cap=30, path_lb=902.005, route_limit=3600}}, incompatible_pair_example={vehicle_capacity_limited_pair={vehicle=0, pickup=1, drop=6, cap=24, loose_cap=30, path_lb=642.222, route_limit=3600}}, incompatible_pair_example={vehicle_capacity_limited_pair={vehicle=0, pickup=1, drop=9, cap=21, loose_cap=30, path_lb=974.819, route_limit=3600}}, incompatible_pair_example={vehicle_capacity_limited_pair={vehicle=0, pickup=1, drop=10, cap=22, loose_cap=30, path_lb=871.983, route_limit=3600}}, incompatible_pair_example={vehicle_capacity_limited_pair={vehicle=0, pickup=1, drop=11, cap=21, loose_cap=30, path_lb=991.966, route_limit=3600}}, incumbent_cutoff_bound=true, penalty_budget=1.76778593286, penalty_domain_tightening=true, domains_tightened=0, domain_width_before=472, domain_width_after=472, projection_bound_enabled=true, projection_bound_valid=true, projection_bound_lb=0.546696, projection_bound_scope=global, min_station_bikes=181, s_upper=52.9059, objective_lb=0.7328, status=integer optimal solution, lp=results\bound_work\regen_candidate_V12_M2_average_1782141891381345500_15729502191765196471\inventory_gini_bound.lp, pickup_drop_compat_flow_audit_selected=compat, compat_lb=0.732800, no_compat_lb=0.732800, bound_time=19.115576; adaptive frontier split pass 3 splitting 1 of 2 unresolved interval(s) by lowest current lower bound, split_batch=all; adaptive split pass 3 child interval 8 inventory relaxation: inventory-route-Gini cutoff relaxation infeasible; no incumbent-improving solution exists in this interval: interval=[0.458333,0.486979], pickup_limit=60, route_visit_cuts=singletons+subsets_up_to_12, integer_inventory_relaxation=true, station_flow_conservation=true, depot_return_capacity=true, station_operation_capacity=true, station_operation_mode_cuts=true, nonzero_visit_operation_cuts=true, route_mask_duration_load_relaxation=true, route_mask_max_v=12, route_mask_support_duration_pruning=true, route_mask_count_before_support_duration=8190, route_mask_count_after_support_duration=8190, route_masks_removed_by_support_duration=0, route_mask_support_duration_max_removed_subset_size=0, route_mask_operation_budget_cuts=true, route_mask_operation_budget_cuts_added=2, route_mask_operation_budget_min=14, route_mask_operation_budget_avg=18.2063, route_mask_operation_budget_max=28, route_mask_operation_budget_tightened_masks=8190, route_mask_operation_budget_zero_masks=0, operation_budget_example={vehicle=0, mask=1, popcount=1, cycle_lb=591.078, pickup_budget=25, route_limit=3600}, operation_budget_example={vehicle=0, mask=2, popcount=1, cycle_lb=497.934, pickup_budget=25, route_limit=3600}, operation_budget_example={vehicle=0, mask=3, popcount=2, cycle_lb=802.365, pickup_budget=23, route_limit=3600}, operation_budget_example={vehicle=0, mask=4, popcount=1, cycle_lb=404.449, pickup_budget=26, route_limit=3600}, operation_budget_example={vehicle=0, mask=5, popcount=2, cycle_lb=594.363, pickup_budget=25, route_limit=3600}, operation_budget_example={vehicle=0, mask=6, popcount=2, cycle_lb=646.135, pickup_budget=24, route_limit=3600}, operation_budget_example={vehicle=0, mask=7, popcount=3, cycle_lb=805.65, pickup_budget=23, route_limit=3600}, operation_budget_example={vehicle=0, mask=8, popcount=1, cycle_lb=618.428, pickup_budget=24, route_limit=3600}, pickup_drop_compat_flow=true, pickup_drop_pairs_total=132, pickup_drop_pairs_compatible=132, pickup_drop_pairs_incompatible=0, pickup_drop_pairs_capacity_limited=35, pickup_drop_transfer_cap_min=2, pickup_drop_transfer_cap_avg=14.8409, pickup_drop_transfer_cap_max=27, pickup_drop_transfer_cap_variables=132, pickup_drop_transfer_cap_constraints=132, pickup_drop_compat_flow_variables=144, pickup_drop_compat_flow_constraints=24, vehicle_indexed_operation_relaxation=true, vehicle_indexed_y_variables=24, vehicle_indexed_pickup_variables=24, vehicle_indexed_drop_variables=24, vehicle_indexed_linking_constraints=84, vehicle_indexed_balance_constraints=4, vehicle_indexed_operation_budget_constraints=2, vehicle_indexed_transfer_flow=true, vehicle_transfer_flow_variables=264, vehicle_transfer_depot_unload_variables=24, vehicle_transfer_flow_balance_constraints=48, vehicle_transfer_mask_linking_constraints=288, vehicle_transfer_pairs_total=264, vehicle_transfer_pairs_zero_cap=0, vehicle_transfer_pairs_capacity_limited=70, vehicle_transfer_cap_min=2, vehicle_transfer_cap_avg=14.8409, vehicle_transfer_cap_max=27, incompatible_pair_example={capacity_limited_pair={pickup=1, drop=2, cap=23, loose_cap=28, path_lb=802.365, route_limit=3600}}, incompatible_pair_example={capacity_limited_pair={pickup=1, drop=3, cap=25, loose_cap=29, path_lb=594.363, route_limit=3600}}, incompatible_pair_example={capacity_limited_pair={pickup=1, drop=4, cap=23, loose_cap=30, path_lb=783.168, route_limit=3600}}, incompatible_pair_example={capacity_limited_pair={pickup=1, drop=5, cap=22, loose_cap=30, path_lb=902.005, route_limit=3600}}, incompatible_pair_example={capacity_limited_pair={pickup=1, drop=6, cap=24, loose_cap=30, path_lb=642.222, route_limit=3600}}, incompatible_pair_example={capacity_limited_pair={pickup=1, drop=9, cap=21, loose_cap=30, path_lb=974.819, route_limit=3600}}, incompatible_pair_example={capacity_limited_pair={pickup=1, drop=10, cap=22, loose_cap=30, path_lb=871.983, route_limit=3600}}, incompatible_pair_example={capacity_limited_pair={pickup=1, drop=11, cap=21, loose_cap=30, path_lb=991.966, route_limit=3600}}, incompatible_pair_example={vehicle_capacity_limited_pair={vehicle=0, pickup=1, drop=2, cap=23, loose_cap=28, path_lb=802.365, route_limit=3600}}, incompatible_pair_example={vehicle_capacity_limited_pair={vehicle=0, pickup=1, drop=3, cap=25, loose_cap=29, path_lb=594.363, route_limit=3600}}, incompatible_pair_example={vehicle_capacity_limited_pair={vehicle=0, pickup=1, drop=4, cap=23, loose_cap=30, path_lb=783.168, route_limit=3600}}, incompatible_pair_example={vehicle_capacity_limited_pair={vehicle=0, pickup=1, drop=5, cap=22, loose_cap=30, path_lb=902.005, route_limit=3600}}, incompatible_pair_example={vehicle_capacity_limited_pair={vehicle=0, pickup=1, drop=6, cap=24, loose_cap=30, path_lb=642.222, route_limit=3600}}, incompatible_pair_example={vehicle_capacity_limited_pair={vehicle=0, pickup=1, drop=9, cap=21, loose_cap=30, path_lb=974.819, route_limit=3600}}, incompatible_pair_example={vehicle_capacity_limited_pair={vehicle=0, pickup=1, drop=10, cap=22, loose_cap=30, path_lb=871.983, route_limit=3600}}, incompatible_pair_example={vehicle_capacity_limited_pair={vehicle=0, pickup=1, drop=11, cap=21, loose_cap=30, path_lb=991.966, route_limit=3600}}, incumbent_cutoff_bound=true, penalty_budget=2.1497303773, min_station_bikes=181, objective_lb=0.780793, lp=results\bound_work\regen_candidate_V12_M2_average_1782141910496967200_15729502191765196471\inventory_gini_bound.lp, pickup_drop_compat_flow_audit_selected=compat, compat_lb=0.780793, no_compat_lb=0.678638, bound_time=24.279230; adaptive split pass 3 child interval 8 bound-fathomed by inherited/relaxation lower bound; adaptive split pass 3 child interval 9 inventory relaxation: inventory-route-Gini integer relaxation time-limited; using valid CPLEX MIP best bound: interval=[0.486979,0.515625], pickup_limit=60, route_visit_cuts=singletons+subsets_up_to_12, integer_inventory_relaxation=true, station_flow_conservation=true, depot_return_capacity=true, station_operation_capacity=true, station_operation_mode_cuts=true, nonzero_visit_operation_cuts=true, route_mask_duration_load_relaxation=true, route_mask_max_v=12, route_mask_support_duration_pruning=true, route_mask_count_before_support_duration=8190, route_mask_count_after_support_duration=8190, route_masks_removed_by_support_duration=0, route_mask_support_duration_max_removed_subset_size=0, route_mask_operation_budget_cuts=true, route_mask_operation_budget_cuts_added=2, route_mask_operation_budget_min=14, route_mask_operation_budget_avg=18.2063, route_mask_operation_budget_max=28, route_mask_operation_budget_tightened_masks=8190, route_mask_operation_budget_zero_masks=0, operation_budget_example={vehicle=0, mask=1, popcount=1, cycle_lb=591.078, pickup_budget=25, route_limit=3600}, operation_budget_example={vehicle=0, mask=2, popcount=1, cycle_lb=497.934, pickup_budget=25, route_limit=3600}, operation_budget_example={vehicle=0, mask=3, popcount=2, cycle_lb=802.365, pickup_budget=23, route_limit=3600}, operation_budget_example={vehicle=0, mask=4, popcount=1, cycle_lb=404.449, pickup_budget=26, route_limit=3600}, operation_budget_example={vehicle=0, mask=5, popcount=2, cycle_lb=594.363, pickup_budget=25, route_limit=3600}, operation_budget_example={vehicle=0, mask=6, popcount=2, cycle_lb=646.135, pickup_budget=24, route_limit=3600}, operation_budget_example={vehicle=0, mask=7, popcount=3, cycle_lb=805.65, pickup_budget=23, route_limit=3600}, operation_budget_example={vehicle=0, mask=8, popcount=1, cycle_lb=618.428, pickup_budget=24, route_limit=3600}, pickup_drop_compat_flow=false, pickup_drop_pairs_total=0, pickup_drop_pairs_compatible=0, pickup_drop_pairs_incompatible=0, pickup_drop_pairs_capacity_limited=0, pickup_drop_transfer_cap_min=0, pickup_drop_transfer_cap_avg=0, pickup_drop_transfer_cap_max=0, pickup_drop_transfer_cap_variables=0, pickup_drop_transfer_cap_constraints=0, pickup_drop_compat_flow_variables=0, pickup_drop_compat_flow_constraints=0, vehicle_indexed_operation_relaxation=true, vehicle_indexed_y_variables=24, vehicle_indexed_pickup_variables=24, vehicle_indexed_drop_variables=24, vehicle_indexed_linking_constraints=84, vehicle_indexed_balance_constraints=4, vehicle_indexed_operation_budget_constraints=2, vehicle_indexed_transfer_flow=false, vehicle_transfer_flow_variables=0, vehicle_transfer_depot_unload_variables=0, vehicle_transfer_flow_balance_constraints=0, vehicle_transfer_mask_linking_constraints=0, vehicle_transfer_pairs_total=0, vehicle_transfer_pairs_zero_cap=0, vehicle_transfer_pairs_capacity_limited=0, vehicle_transfer_cap_min=0, vehicle_transfer_cap_avg=0, vehicle_transfer_cap_max=0, incumbent_cutoff_bound=true, penalty_budget=1.95875815508, penalty_domain_tightening=true, domains_tightened=0, domain_width_before=472, domain_width_after=472, projection_bound_enabled=true, projection_bound_valid=true, projection_bound_lb=0.51805, projection_bound_scope=global, min_station_bikes=181, s_upper=54.215, objective_lb=0.70242, status=time limit exceeded, lp=results\bound_work\regen_candidate_V12_M2_average_1782141943846181800_15729502191765196471\inventory_gini_bound.lp, pickup_drop_compat_flow_audit_selected=no_compat, compat_lb=0.702057, no_compat_lb=0.702420, bound_time=17.974108; route-pool incumbent master before_final_frontier_summary found verified incumbent objective=0.780793, states=177082, time=0.154409; UB only, no lower-bound certificate; frontier_interval_ledger: interval_id=0, range=[0,0.229167], status=bound_fathomed, interval_lb=1.00822, cheap_prepass_lb=0.065587, cheap_sources=gamma_floor|movement_domain|penalty_domain|projection_bound, lb_source=inventory_route_gini_relaxation, lb_sources=gamma_floor|cheap_projection_bound|inventory_route_gini_relaxation, complete_or_fathomed=true, open_nodes=0, pricing_closed=false, certificate_basis=inventory_route_gini_relaxation_fathomed, requires_pricing_closure=false, pricing_closure_available=false, interval_bound_valid=true; frontier_interval_ledger: interval_id=1, range=[0.229167,0.458333], status=bound_fathomed, interval_lb=1.00822, cheap_prepass_lb=0.260238, cheap_sources=gamma_floor|movement_domain|penalty_domain|projection_bound, lb_source=inventory_route_gini_relaxation, lb_sources=gamma_floor|cheap_projection_bound|inventory_route_gini_relaxation, complete_or_fathomed=true, open_nodes=0, pricing_closed=false, certificate_basis=inventory_route_gini_relaxation_fathomed, requires_pricing_closure=false, pricing_closure_available=false, interval_bound_valid=true; frontier_interval_ledger: interval_id=3, range=[0.6875,0.916667], status=bound_fathomed, interval_lb=0.780793, cheap_prepass_lb=0.718571, cheap_sources=gamma_floor|movement_domain|penalty_domain|projection_bound, lb_source=inventory_route_gini_relaxation, lb_sources=gamma_floor|cheap_projection_bound|inventory_route_gini_relaxation, complete_or_fathomed=true, open_nodes=0, pricing_closed=false, certificate_basis=inventory_route_gini_relaxation_fathomed, requires_pricing_closure=false, pricing_closure_available=false, interval_bound_valid=true; frontier_interval_ledger: interval_id=5, range=[0.572917,0.6875], status=bound_fathomed, interval_lb=0.780793, cheap_prepass_lb=0, cheap_sources=gamma_floor, lb_source=inventory_route_gini_relaxation, lb_sources=gamma_floor|inventory_route_gini_relaxation, complete_or_fathomed=true, open_nodes=0, pricing_closed=false, certificate_basis=inventory_route_gini_relaxation_fathomed, requires_pricing_closure=false, pricing_closure_available=false, interval_bound_valid=true; frontier_interval_ledger: interval_id=7, range=[0.515625,0.572917], status=unresolved, interval_lb=0.7328, cheap_prepass_lb=0, cheap_sources=gamma_floor, lb_source=inventory_route_gini_relaxation, lb_sources=gamma_floor|inventory_route_gini_relaxation, complete_or_fathomed=false, open_nodes=1, pricing_closed=false, certificate_basis=unresolved, requires_pricing_closure=false, pricing_closure_available=false, interval_bound_valid=true; frontier_interval_ledger: interval_id=8, range=[0.458333,0.486979], status=bound_fathomed, interval_lb=0.780793, cheap_prepass_lb=0, cheap_sources=gamma_floor, lb_source=inventory_route_gini_relaxation, lb_sources=gamma_floor|inventory_route_gini_relaxation, complete_or_fathomed=true, open_nodes=0, pricing_closed=false, certificate_basis=inventory_route_gini_relaxation_fathomed, requires_pricing_closure=false, pricing_closure_available=false, interval_bound_valid=true; frontier_interval_ledger: interval_id=9, range=[0.486979,0.515625], status=unresolved, interval_lb=0.70242, cheap_prepass_lb=0, cheap_sources=gamma_floor, lb_source=inventory_route_gini_relaxation, lb_sources=gamma_floor|inventory_route_gini_relaxation, complete_or_fathomed=false, open_nodes=1, pricing_closed=false, certificate_basis=unresolved, requires_pricing_closure=false, pricing_closure_available=false, interval_bound_valid=true; frontier certification summary: closed_intervals=0, bound_certified_intervals=5, skipped_intervals=0, relevant_intervals=7, frontier_min_interval_lower_bound=0.70242, frontier_lower_bound_source=inventory_route_gini_relaxation, unresolved_intervals=2, invalid_bound_intervals=0, final_full_objective_range=true, frontier_range_certificate_scope=original_full_improving_range, relevant_gini_upper_for_improvement=0.916667, covered_gini_upper_bound=0.916667; periodic progress log written to results\optimization_update_round15\raw\progress_v12_m2_full_exact_300s.csv, checkpoints=16, interval_seconds=30.000000"
"regen_candidate_V12_M2_average.txt","v12_m2_full_relaxed_cg_300s","gcap_frontier_not_closed","0.780792889928","0.681925220372","0.780792889928","0.12662470526","270.5714958","True","False","","two-track","two-track","6707979","8","123","0","111","2","285","14","0","1","0","0","0","-0.00277015909091","False","ng_relaxed_pricing_incomplete_or_negative_reduced_cost","False","-0.113579911565","111","2","285","0","","1","0","0","0","False","0","0","False","0","","0","0","0","3","0","3","0.681925220372","gamma_floor","0",,,"6981126","6034","0.00138854980469","234.4912321","207.3512425","37.1402605","25.1752907","0","3","3020","results\optimization_update_round15\raw\progress_v12_m2_full_relaxed_cg_300s.csv","results\optimization_update_round15\raw\v12_m2_full_relaxed_cg_300s.json","logs\optimization_update_round15\v12_m2_full_relaxed_cg_300s.log","parsed Hybrid GA text format; distances rebuilt from points at speed factor 1.5; Gamma-frontier diagnostic covers Gini intervals with fixed-Gini interval branch-price trees. It reports optimal only if every relevant interval is closed or bound-fathomed and the aggregated lower bound reaches the incumbent. Each interval also uses the valid trivial bound objective>=G>=interval_floor and a final-inventory pickup/route/Gini relaxation bound when it solves.; Optimization flags: column_dominance=true, column_dominance_mode=exact, projection_bound=true, penalty_domain_tightening=true, movement_domain_tightening=true, movement_bound_audit=false, frontier_best_bound_scheduling=true, frontier_relaxation_cache=true, frontier_focused_min_lb_retry=true, frontier_focused_intensification=true, frontier_focused_reserve_fraction=0.250000, frontier_focused_relax_seconds=5.000000, frontier_focused_max_passes=2, frontier_adaptive_split=true, frontier_adaptive_max_depth=3, frontier_adaptive_min_width=0.000100, frontier_adaptive_split_factor=2, route_pool_incumbent=true, route_pool_max_columns_per_vehicle=5000, pickup_drop_compat_flow=true, pickup_drop_transfer_cap_flow=true, vehicle_indexed_operation_relaxation=true, vehicle_indexed_relaxation_audit=false, vehicle_indexed_transfer_flow=true, support_duration_pruning=true, route_mask_support_duration_pruning=true, route_mask_operation_budget_cuts=true, support_duration_min_pickup_rule=ceil_half_support, support_duration_max_subset_size=5, support_feasibility_oracle=false, gcap_pricing_columns=4, frontier_column_cache=false, frontier_iterative_closure=false, frontier_iterative_max_rounds=2, frontier_iterative_round_time=60.000000, pricing_final_verifier=false, pricing_verifier_mode=auto, column_tracks=elementary-only, rmp_column_space=elementary, relaxed_columns_in_rmp=false, large_relaxed_rmp=false; BPC thread policy: requested_threads=1, bpc_workers=1, pricing_threads=1, parallel_frontier=false, parallel_nodes=false, hardware_concurrency=20; restricted-master CPLEX and inventory-bound CPLEX calls use one internal thread each; route-pool collected routes from initial empty incumbent: kept_before=0, kept_after=0, raw=0, removed_by_projection_dominance=0, dropped_by_cap=0; BPC-owned incumbent generator disabled; route-pool collected routes from verified incumbent after seed stage: kept_before=0, kept_after=0, raw=0, removed_by_projection_dominance=0, dropped_by_cap=0; frontier cover range=[0,0.916667], intervals=4, incumbent_objective=1.00822, incumbent_G=0.670596, gini_max_possible=0.916667, relevant_gini_upper_for_improvement=0.916667, frontier_covers_all_improving_gini_values=true, range_scope=original_full_improving_range; interval 0 inventory relaxation: inventory-route-Gini cutoff relaxation infeasible; no incumbent-improving solution exists in this interval: interval=[0,0.229167], pickup_limit=60, route_visit_cuts=singletons+subsets_up_to_12, integer_inventory_relaxation=true, station_flow_conservation=true, depot_return_capacity=true, station_operation_capacity=true, station_operation_mode_cuts=true, nonzero_visit_operation_cuts=true, route_mask_duration_load_relaxation=true, route_mask_max_v=12, route_mask_support_duration_pruning=true, route_mask_count_before_support_duration=8190, route_mask_count_after_support_duration=8190, route_masks_removed_by_support_duration=0, route_mask_support_duration_max_removed_subset_size=0, route_mask_operation_budget_cuts=true, route_mask_operation_budget_cuts_added=2, route_mask_operation_budget_min=14, route_mask_operation_budget_avg=18.2063, route_mask_operation_budget_max=28, route_mask_operation_budget_tightened_masks=8190, route_mask_operation_budget_zero_masks=0, operation_budget_example={vehicle=0, mask=1, popcount=1, cycle_lb=591.078, pickup_budget=25, route_limit=3600}, operation_budget_example={vehicle=0, mask=2, popcount=1, cycle_lb=497.934, pickup_budget=25, route_limit=3600}, operation_budget_example={vehicle=0, mask=3, popcount=2, cycle_lb=802.365, pickup_budget=23, route_limit=3600}, operation_budget_example={vehicle=0, mask=4, popcount=1, cycle_lb=404.449, pickup_budget=26, route_limit=3600}, operation_budget_example={vehicle=0, mask=5, popcount=2, cycle_lb=594.363, pickup_budget=25, route_limit=3600}, operation_budget_example={vehicle=0, mask=6, popcount=2, cycle_lb=646.135, pickup_budget=24, route_limit=3600}, operation_budget_example={vehicle=0, mask=7, popcount=3, cycle_lb=805.65, pickup_budget=23, route_limit=3600}, operation_budget_example={vehicle=0, mask=8, popcount=1, cycle_lb=618.428, pickup_budget=24, route_limit=3600}, pickup_drop_compat_flow=true, pickup_drop_pairs_total=132, pickup_drop_pairs_compatible=132, pickup_drop_pairs_incompatible=0, pickup_drop_pairs_capacity_limited=35, pickup_drop_transfer_cap_min=2, pickup_drop_transfer_cap_avg=14.8409, pickup_drop_transfer_cap_max=27, pickup_drop_transfer_cap_variables=132, pickup_drop_transfer_cap_constraints=132, pickup_drop_compat_flow_variables=144, pickup_drop_compat_flow_constraints=24, vehicle_indexed_operation_relaxation=true, vehicle_indexed_y_variables=24, vehicle_indexed_pickup_variables=24, vehicle_indexed_drop_variables=24, vehicle_indexed_linking_constraints=84, vehicle_indexed_balance_constraints=4, vehicle_indexed_operation_budget_constraints=2, vehicle_indexed_transfer_flow=true, vehicle_transfer_flow_variables=264, vehicle_transfer_depot_unload_variables=24, vehicle_transfer_flow_balance_constraints=48, vehicle_transfer_mask_linking_constraints=288, vehicle_transfer_pairs_total=264, vehicle_transfer_pairs_zero_cap=0, vehicle_transfer_pairs_capacity_limited=70, vehicle_transfer_cap_min=2, vehicle_transfer_cap_avg=14.8409, vehicle_transfer_cap_max=27, incompatible_pair_example={capacity_limited_pair={pickup=1, drop=2, cap=23, loose_cap=28, path_lb=802.365, route_limit=3600}}, incompatible_pair_example={capacity_limited_pair={pickup=1, drop=3, cap=25, loose_cap=29, path_lb=594.363, route_limit=3600}}, incompatible_pair_example={capacity_limited_pair={pickup=1, drop=4, cap=23, loose_cap=30, path_lb=783.168, route_limit=3600}}, incompatible_pair_example={capacity_limited_pair={pickup=1, drop=5, cap=22, loose_cap=30, path_lb=902.005, route_limit=3600}}, incompatible_pair_example={capacity_limited_pair={pickup=1, drop=6, cap=24, loose_cap=30, path_lb=642.222, route_limit=3600}}, incompatible_pair_example={capacity_limited_pair={pickup=1, drop=9, cap=21, loose_cap=30, path_lb=974.819, route_limit=3600}}, incompatible_pair_example={capacity_limited_pair={pickup=1, drop=10, cap=22, loose_cap=30, path_lb=871.983, route_limit=3600}}, incompatible_pair_example={capacity_limited_pair={pickup=1, drop=11, cap=21, loose_cap=30, path_lb=991.966, route_limit=3600}}, incompatible_pair_example={vehicle_capacity_limited_pair={vehicle=0, pickup=1, drop=2, cap=23, loose_cap=28, path_lb=802.365, route_limit=3600}}, incompatible_pair_example={vehicle_capacity_limited_pair={vehicle=0, pickup=1, drop=3, cap=25, loose_cap=29, path_lb=594.363, route_limit=3600}}, incompatible_pair_example={vehicle_capacity_limited_pair={vehicle=0, pickup=1, drop=4, cap=23, loose_cap=30, path_lb=783.168, route_limit=3600}}, incompatible_pair_example={vehicle_capacity_limited_pair={vehicle=0, pickup=1, drop=5, cap=22, loose_cap=30, path_lb=902.005, route_limit=3600}}, incompatible_pair_example={vehicle_capacity_limited_pair={vehicle=0, pickup=1, drop=6, cap=24, loose_cap=30, path_lb=642.222, route_limit=3600}}, incompatible_pair_example={vehicle_capacity_limited_pair={vehicle=0, pickup=1, drop=9, cap=21, loose_cap=30, path_lb=974.819, route_limit=3600}}, incompatible_pair_example={vehicle_capacity_limited_pair={vehicle=0, pickup=1, drop=10, cap=22, loose_cap=30, path_lb=871.983, route_limit=3600}}, incompatible_pair_example={vehicle_capacity_limited_pair={vehicle=0, pickup=1, drop=11, cap=21, loose_cap=30, path_lb=991.966, route_limit=3600}}, incumbent_cutoff_bound=true, penalty_budget=6.72148806568, min_station_bikes=181, objective_lb=1.00822, lp=results\bound_work\regen_candidate_V12_M2_average_1782141952934550000_15729502191765196471\inventory_gini_bound.lp, pickup_drop_compat_flow_audit_selected=compat, compat_lb=1.008223, no_compat_lb=1.008223, bound_time=22.228878; interval 0 bound-fathomed by final-inventory relaxation before branch-price tree; interval 1 inventory relaxation: inventory-route-Gini cutoff relaxation infeasible; no incumbent-improving solution exists in this interval: interval=[0.229167,0.458333], pickup_limit=60, route_visit_cuts=singletons+subsets_up_to_12, integer_inventory_relaxation=true, station_flow_conservation=true, depot_return_capacity=true, station_operation_capacity=true, station_operation_mode_cuts=true, nonzero_visit_operation_cuts=true, route_mask_duration_load_relaxation=true, route_mask_max_v=12, route_mask_support_duration_pruning=true, route_mask_count_before_support_duration=8190, route_mask_count_after_support_duration=8190, route_masks_removed_by_support_duration=0, route_mask_support_duration_max_removed_subset_size=0, route_mask_operation_budget_cuts=true, route_mask_operation_budget_cuts_added=2, route_mask_operation_budget_min=14, route_mask_operation_budget_avg=18.2063, route_mask_operation_budget_max=28, route_mask_operation_budget_tightened_masks=8190, route_mask_operation_budget_zero_masks=0, operation_budget_example={vehicle=0, mask=1, popcount=1, cycle_lb=591.078, pickup_budget=25, route_limit=3600}, operation_budget_example={vehicle=0, mask=2, popcount=1, cycle_lb=497.934, pickup_budget=25, route_limit=3600}, operation_budget_example={vehicle=0, mask=3, popcount=2, cycle_lb=802.365, pickup_budget=23, route_limit=3600}, operation_budget_example={vehicle=0, mask=4, popcount=1, cycle_lb=404.449, pickup_budget=26, route_limit=3600}, operation_budget_example={vehicle=0, mask=5, popcount=2, cycle_lb=594.363, pickup_budget=25, route_limit=3600}, operation_budget_example={vehicle=0, mask=6, popcount=2, cycle_lb=646.135, pickup_budget=24, route_limit=3600}, operation_budget_example={vehicle=0, mask=7, popcount=3, cycle_lb=805.65, pickup_budget=23, route_limit=3600}, operation_budget_example={vehicle=0, mask=8, popcount=1, cycle_lb=618.428, pickup_budget=24, route_limit=3600}, pickup_drop_compat_flow=true, pickup_drop_pairs_total=132, pickup_drop_pairs_compatible=132, pickup_drop_pairs_incompatible=0, pickup_drop_pairs_capacity_limited=35, pickup_drop_transfer_cap_min=2, pickup_drop_transfer_cap_avg=14.8409, pickup_drop_transfer_cap_max=27, pickup_drop_transfer_cap_variables=132, pickup_drop_transfer_cap_constraints=132, pickup_drop_compat_flow_variables=144, pickup_drop_compat_flow_constraints=24, vehicle_indexed_operation_relaxation=true, vehicle_indexed_y_variables=24, vehicle_indexed_pickup_variables=24, vehicle_indexed_drop_variables=24, vehicle_indexed_linking_constraints=84, vehicle_indexed_balance_constraints=4, vehicle_indexed_operation_budget_constraints=2, vehicle_indexed_transfer_flow=true, vehicle_transfer_flow_variables=264, vehicle_transfer_depot_unload_variables=24, vehicle_transfer_flow_balance_constraints=48, vehicle_transfer_mask_linking_constraints=288, vehicle_transfer_pairs_total=264, vehicle_transfer_pairs_zero_cap=0, vehicle_transfer_pairs_capacity_limited=70, vehicle_transfer_cap_min=2, vehicle_transfer_cap_avg=14.8409, vehicle_transfer_cap_max=27, incompatible_pair_example={capacity_limited_pair={pickup=1, drop=2, cap=23, loose_cap=28, path_lb=802.365, route_limit=3600}}, incompatible_pair_example={capacity_limited_pair={pickup=1, drop=3, cap=25, loose_cap=29, path_lb=594.363, route_limit=3600}}, incompatible_pair_example={capacity_limited_pair={pickup=1, drop=4, cap=23, loose_cap=30, path_lb=783.168, route_limit=3600}}, incompatible_pair_example={capacity_limited_pair={pickup=1, drop=5, cap=22, loose_cap=30, path_lb=902.005, route_limit=3600}}, incompatible_pair_example={capacity_limited_pair={pickup=1, drop=6, cap=24, loose_cap=30, path_lb=642.222, route_limit=3600}}, incompatible_pair_example={capacity_limited_pair={pickup=1, drop=9, cap=21, loose_cap=30, path_lb=974.819, route_limit=3600}}, incompatible_pair_example={capacity_limited_pair={pickup=1, drop=10, cap=22, loose_cap=30, path_lb=871.983, route_limit=3600}}, incompatible_pair_example={capacity_limited_pair={pickup=1, drop=11, cap=21, loose_cap=30, path_lb=991.966, route_limit=3600}}, incompatible_pair_example={vehicle_capacity_limited_pair={vehicle=0, pickup=1, drop=2, cap=23, loose_cap=28, path_lb=802.365, route_limit=3600}}, incompatible_pair_example={vehicle_capacity_limited_pair={vehicle=0, pickup=1, drop=3, cap=25, loose_cap=29, path_lb=594.363, route_limit=3600}}, incompatible_pair_example={vehicle_capacity_limited_pair={vehicle=0, pickup=1, drop=4, cap=23, loose_cap=30, path_lb=783.168, route_limit=3600}}, incompatible_pair_example={vehicle_capacity_limited_pair={vehicle=0, pickup=1, drop=5, cap=22, loose_cap=30, path_lb=902.005, route_limit=3600}}, incompatible_pair_example={vehicle_capacity_limited_pair={vehicle=0, pickup=1, drop=6, cap=24, loose_cap=30, path_lb=642.222, route_limit=3600}}, incompatible_pair_example={vehicle_capacity_limited_pair={vehicle=0, pickup=1, drop=9, cap=21, loose_cap=30, path_lb=974.819, route_limit=3600}}, incompatible_pair_example={vehicle_capacity_limited_pair={vehicle=0, pickup=1, drop=10, cap=22, loose_cap=30, path_lb=871.983, route_limit=3600}}, incompatible_pair_example={vehicle_capacity_limited_pair={vehicle=0, pickup=1, drop=11, cap=21, loose_cap=30, path_lb=991.966, route_limit=3600}}, incumbent_cutoff_bound=true, penalty_budget=5.1937102879, min_station_bikes=181, objective_lb=1.00822, lp=results\bound_work\regen_candidate_V12_M2_average_1782141975163476700_15729502191765196471\inventory_gini_bound.lp, pickup_drop_compat_flow_audit_selected=compat, compat_lb=1.008223, no_compat_lb=1.008223, bound_time=26.770652; interval 1 bound-fathomed by final-inventory relaxation before branch-price tree; interval 2 inventory relaxation: inventory-route-Gini relaxation lower bound: interval=[0.458333,0.6875], pickup_limit=60, route_visit_cuts=singletons+subsets_up_to_12, integer_inventory_relaxation=true, station_flow_conservation=true, depot_return_capacity=true, station_operation_capacity=true, station_operation_mode_cuts=true, nonzero_visit_operation_cuts=true, route_mask_duration_load_relaxation=true, route_mask_max_v=12, route_mask_support_duration_pruning=true, route_mask_count_before_support_duration=8190, route_mask_count_after_support_duration=8190, route_masks_removed_by_support_duration=0, route_mask_support_duration_max_removed_subset_size=0, route_mask_operation_budget_cuts=true, route_mask_operation_budget_cuts_added=2, route_mask_operation_budget_min=14, route_mask_operation_budget_avg=18.2063, route_mask_operation_budget_max=28, route_mask_operation_budget_tightened_masks=8190, route_mask_operation_budget_zero_masks=0, operation_budget_example={vehicle=0, mask=1, popcount=1, cycle_lb=591.078, pickup_budget=25, route_limit=3600}, operation_budget_example={vehicle=0, mask=2, popcount=1, cycle_lb=497.934, pickup_budget=25, route_limit=3600}, operation_budget_example={vehicle=0, mask=3, popcount=2, cycle_lb=802.365, pickup_budget=23, route_limit=3600}, operation_budget_example={vehicle=0, mask=4, popcount=1, cycle_lb=404.449, pickup_budget=26, route_limit=3600}, operation_budget_example={vehicle=0, mask=5, popcount=2, cycle_lb=594.363, pickup_budget=25, route_limit=3600}, operation_budget_example={vehicle=0, mask=6, popcount=2, cycle_lb=646.135, pickup_budget=24, route_limit=3600}, operation_budget_example={vehicle=0, mask=7, popcount=3, cycle_lb=805.65, pickup_budget=23, route_limit=3600}, operation_budget_example={vehicle=0, mask=8, popcount=1, cycle_lb=618.428, pickup_budget=24, route_limit=3600}, pickup_drop_compat_flow=true, pickup_drop_pairs_total=132, pickup_drop_pairs_compatible=132, pickup_drop_pairs_incompatible=0, pickup_drop_pairs_capacity_limited=35, pickup_drop_transfer_cap_min=2, pickup_drop_transfer_cap_avg=14.8409, pickup_drop_transfer_cap_max=27, pickup_drop_transfer_cap_variables=132, pickup_drop_transfer_cap_constraints=132, pickup_drop_compat_flow_variables=144, pickup_drop_compat_flow_constraints=24, vehicle_indexed_operation_relaxation=true, vehicle_indexed_y_variables=24, vehicle_indexed_pickup_variables=24, vehicle_indexed_drop_variables=24, vehicle_indexed_linking_constraints=84, vehicle_indexed_balance_constraints=4, vehicle_indexed_operation_budget_constraints=2, vehicle_indexed_transfer_flow=true, vehicle_transfer_flow_variables=264, vehicle_transfer_depot_unload_variables=24, vehicle_transfer_flow_balance_constraints=48, vehicle_transfer_mask_linking_constraints=288, vehicle_transfer_pairs_total=264, vehicle_transfer_pairs_zero_cap=0, vehicle_transfer_pairs_capacity_limited=70, vehicle_transfer_cap_min=2, vehicle_transfer_cap_avg=14.8409, vehicle_transfer_cap_max=27, incompatible_pair_example={capacity_limited_pair={pickup=1, drop=2, cap=23, loose_cap=28, path_lb=802.365, route_limit=3600}}, incompatible_pair_example={capacity_limited_pair={pickup=1, drop=3, cap=25, loose_cap=29, path_lb=594.363, route_limit=3600}}, incompatible_pair_example={capacity_limited_pair={pickup=1, drop=4, cap=23, loose_cap=30, path_lb=783.168, route_limit=3600}}, incompatible_pair_example={capacity_limited_pair={pickup=1, drop=5, cap=22, loose_cap=30, path_lb=902.005, route_limit=3600}}, incompatible_pair_example={capacity_limited_pair={pickup=1, drop=6, cap=24, loose_cap=30, path_lb=642.222, route_limit=3600}}, incompatible_pair_example={capacity_limited_pair={pickup=1, drop=9, cap=21, loose_cap=30, path_lb=974.819, route_limit=3600}}, incompatible_pair_example={capacity_limited_pair={pickup=1, drop=10, cap=22, loose_cap=30, path_lb=871.983, route_limit=3600}}, incompatible_pair_example={capacity_limited_pair={pickup=1, drop=11, cap=21, loose_cap=30, path_lb=991.966, route_limit=3600}}, incompatible_pair_example={vehicle_capacity_limited_pair={vehicle=0, pickup=1, drop=2, cap=23, loose_cap=28, path_lb=802.365, route_limit=3600}}, incompatible_pair_example={vehicle_capacity_limited_pair={vehicle=0, pickup=1, drop=3, cap=25, loose_cap=29, path_lb=594.363, route_limit=3600}}, incompatible_pair_example={vehicle_capacity_limited_pair={vehicle=0, pickup=1, drop=4, cap=23, loose_cap=30, path_lb=783.168, route_limit=3600}}, incompatible_pair_example={vehicle_capacity_limited_pair={vehicle=0, pickup=1, drop=5, cap=22, loose_cap=30, path_lb=902.005, route_limit=3600}}, incompatible_pair_example={vehicle_capacity_limited_pair={vehicle=0, pickup=1, drop=6, cap=24, loose_cap=30, path_lb=642.222, route_limit=3600}}, incompatible_pair_example={vehicle_capacity_limited_pair={vehicle=0, pickup=1, drop=9, cap=21, loose_cap=30, path_lb=974.819, route_limit=3600}}, incompatible_pair_example={vehicle_capacity_limited_pair={vehicle=0, pickup=1, drop=10, cap=22, loose_cap=30, path_lb=871.983, route_limit=3600}}, incompatible_pair_example={vehicle_capacity_limited_pair={vehicle=0, pickup=1, drop=11, cap=21, loose_cap=30, path_lb=991.966, route_limit=3600}}, incumbent_cutoff_bound=true, penalty_budget=3.66593251012, penalty_domain_tightening=true, domains_tightened=0, domain_width_before=472, domain_width_after=472, projection_bound_enabled=true, projection_bound_valid=true, projection_bound_lb=0.489405, projection_bound_scope=global, min_station_bikes=181, s_upper=61.4874, objective_lb=0.671584, status=integer optimal solution, lp=results\bound_work\regen_candidate_V12_M2_average_1782142001934168100_15729502191765196471\inventory_gini_bound.lp, pickup_drop_compat_flow_audit_selected=compat, compat_lb=0.671584, no_compat_lb=0.671584, bound_time=25.970278; route-pool collected BPC columns from initial interval 2: exported_tree=2016, exported_pricing=1012, exported_warmstart=1004, exported_integer_leaves=0, kept_before=0, kept_after=1012, raw=2016, removed_by_projection_dominance=1004, dropped_by_cap=0; route-pool incumbent master after_initial_interval_2 found verified incumbent objective=0.780793, states=178049, time=0.158971; UB only, no lower-bound certificate; accepted route-pool incumbent master incumbent for frontier cutoff only: objective=0.780793, G=0.533148, P=1.650969; route-pool collected routes from route-pool incumbent master: kept_before=1012, kept_after=1014, raw=2018, removed_by_projection_dominance=1004, dropped_by_cap=0; interval candidate audit source=initial interval 2, candidate_true_G=0.670596, candidate_true_P=2.25085, candidate_true_objective=1.00822, candidate_surrogate_metric=0.795961, candidate_interval_membership=true, candidate_verifier_passed=true, candidate_rejection_reason=rejected_true_objective_not_improving; route-pool incumbent master after_initial_interval_2 found verified incumbent objective=0.780793, states=178756, time=0.155067; UB only, no lower-bound certificate; interval 2 [0.458333,0.6875] complete=false, lower_bound_valid=true, certified_by_bound=false, empty_interval=false, has_incumbent=true, tree_lb=0.489405, interval_lb=0.671584, inventory_relax_lb=0.671584, resource_lb=0.180148, incumbent_metric=0.795961, incumbent_cutoff=0.780793, nodes=1, columns=1012, pricing_calls=2, pricing_time=23.7847, master_time=20.3607, bound_time=25.9703, cuts_added=0, open_nodes=1; interval 3 inventory relaxation: inventory-route-Gini cutoff relaxation infeasible; no incumbent-improving solution exists in this interval: interval=[0.6875,0.916667], pickup_limit=60, route_visit_cuts=singletons+subsets_up_to_12, integer_inventory_relaxation=true, station_flow_conservation=true, depot_return_capacity=true, station_operation_capacity=true, station_operation_mode_cuts=true, nonzero_visit_operation_cuts=true, route_mask_duration_load_relaxation=true, route_mask_max_v=12, route_mask_support_duration_pruning=true, route_mask_count_before_support_duration=8190, route_mask_count_after_support_duration=8190, route_masks_removed_by_support_duration=0, route_mask_support_duration_max_removed_subset_size=0, route_mask_operation_budget_cuts=true, route_mask_operation_budget_cuts_added=2, route_mask_operation_budget_min=14, route_mask_operation_budget_avg=18.2063, route_mask_operation_budget_max=28, route_mask_operation_budget_tightened_masks=8190, route_mask_operation_budget_zero_masks=0, operation_budget_example={vehicle=0, mask=1, popcount=1, cycle_lb=591.078, pickup_budget=25, route_limit=3600}, operation_budget_example={vehicle=0, mask=2, popcount=1, cycle_lb=497.934, pickup_budget=25, route_limit=3600}, operation_budget_example={vehicle=0, mask=3, popcount=2, cycle_lb=802.365, pickup_budget=23, route_limit=3600}, operation_budget_example={vehicle=0, mask=4, popcount=1, cycle_lb=404.449, pickup_budget=26, route_limit=3600}, operation_budget_example={vehicle=0, mask=5, popcount=2, cycle_lb=594.363, pickup_budget=25, route_limit=3600}, operation_budget_example={vehicle=0, mask=6, popcount=2, cycle_lb=646.135, pickup_budget=24, route_limit=3600}, operation_budget_example={vehicle=0, mask=7, popcount=3, cycle_lb=805.65, pickup_budget=23, route_limit=3600}, operation_budget_example={vehicle=0, mask=8, popcount=1, cycle_lb=618.428, pickup_budget=24, route_limit=3600}, pickup_drop_compat_flow=true, pickup_drop_pairs_total=132, pickup_drop_pairs_compatible=132, pickup_drop_pairs_incompatible=0, pickup_drop_pairs_capacity_limited=35, pickup_drop_transfer_cap_min=2, pickup_drop_transfer_cap_avg=14.8409, pickup_drop_transfer_cap_max=27, pickup_drop_transfer_cap_variables=132, pickup_drop_transfer_cap_constraints=132, pickup_drop_compat_flow_variables=144, pickup_drop_compat_flow_constraints=24, vehicle_indexed_operation_relaxation=true, vehicle_indexed_y_variables=24, vehicle_indexed_pickup_variables=24, vehicle_indexed_drop_variables=24, vehicle_indexed_linking_constraints=84, vehicle_indexed_balance_constraints=4, vehicle_indexed_operation_budget_constraints=2, vehicle_indexed_transfer_flow=true, vehicle_transfer_flow_variables=264, vehicle_transfer_depot_unload_variables=24, vehicle_transfer_flow_balance_constraints=48, vehicle_transfer_mask_linking_constraints=288, vehicle_transfer_pairs_total=264, vehicle_transfer_pairs_zero_cap=0, vehicle_transfer_pairs_capacity_limited=70, vehicle_transfer_cap_min=2, vehicle_transfer_cap_avg=14.8409, vehicle_transfer_cap_max=27, incompatible_pair_example={capacity_limited_pair={pickup=1, drop=2, cap=23, loose_cap=28, path_lb=802.365, route_limit=3600}}, incompatible_pair_example={capacity_limited_pair={pickup=1, drop=3, cap=25, loose_cap=29, path_lb=594.363, route_limit=3600}}, incompatible_pair_example={capacity_limited_pair={pickup=1, drop=4, cap=23, loose_cap=30, path_lb=783.168, route_limit=3600}}, incompatible_pair_example={capacity_limited_pair={pickup=1, drop=5, cap=22, loose_cap=30, path_lb=902.005, route_limit=3600}}, incompatible_pair_example={capacity_limited_pair={pickup=1, drop=6, cap=24, loose_cap=30, path_lb=642.222, route_limit=3600}}, incompatible_pair_example={capacity_limited_pair={pickup=1, drop=9, cap=21, loose_cap=30, path_lb=974.819, route_limit=3600}}, incompatible_pair_example={capacity_limited_pair={pickup=1, drop=10, cap=22, loose_cap=30, path_lb=871.983, route_limit=3600}}, incompatible_pair_example={capacity_limited_pair={pickup=1, drop=11, cap=21, loose_cap=30, path_lb=991.966, route_limit=3600}}, incompatible_pair_example={vehicle_capacity_limited_pair={vehicle=0, pickup=1, drop=2, cap=23, loose_cap=28, path_lb=802.365, route_limit=3600}}, incompatible_pair_example={vehicle_capacity_limited_pair={vehicle=0, pickup=1, drop=3, cap=25, loose_cap=29, path_lb=594.363, route_limit=3600}}, incompatible_pair_example={vehicle_capacity_limited_pair={vehicle=0, pickup=1, drop=4, cap=23, loose_cap=30, path_lb=783.168, route_limit=3600}}, incompatible_pair_example={vehicle_capacity_limited_pair={vehicle=0, pickup=1, drop=5, cap=22, loose_cap=30, path_lb=902.005, route_limit=3600}}, incompatible_pair_example={vehicle_capacity_limited_pair={vehicle=0, pickup=1, drop=6, cap=24, loose_cap=30, path_lb=642.222, route_limit=3600}}, incompatible_pair_example={vehicle_capacity_limited_pair={vehicle=0, pickup=1, drop=9, cap=21, loose_cap=30, path_lb=974.819, route_limit=3600}}, incompatible_pair_example={vehicle_capacity_limited_pair={vehicle=0, pickup=1, drop=10, cap=22, loose_cap=30, path_lb=871.983, route_limit=3600}}, incompatible_pair_example={vehicle_capacity_limited_pair={vehicle=0, pickup=1, drop=11, cap=21, loose_cap=30, path_lb=991.966, route_limit=3600}}, incumbent_cutoff_bound=true, penalty_budget=0.621952599522, min_station_bikes=181, objective_lb=0.780793, lp=results\bound_work\regen_candidate_V12_M2_average_1782142072412933700_15729502191765196471\inventory_gini_bound.lp, pickup_drop_compat_flow_audit_selected=compat, compat_lb=0.780793, no_compat_lb=0.780793, bound_time=3.120754; interval 3 bound-fathomed by final-inventory relaxation before branch-price tree; adaptive frontier split pass 1 splitting 1 of 1 unresolved interval(s) by lowest current lower bound, split_batch=all; adaptive split pass 1 child interval 4 inventory relaxation: inventory-route-Gini relaxation lower bound: interval=[0.458333,0.572917], pickup_limit=60, route_visit_cuts=singletons+subsets_up_to_12, integer_inventory_relaxation=true, station_flow_conservation=true, depot_return_capacity=true, station_operation_capacity=true, station_operation_mode_cuts=true, nonzero_visit_operation_cuts=true, route_mask_duration_load_relaxation=true, route_mask_max_v=12, route_mask_support_duration_pruning=true, route_mask_count_before_support_duration=8190, route_mask_count_after_support_duration=8190, route_masks_removed_by_support_duration=0, route_mask_support_duration_max_removed_subset_size=0, route_mask_operation_budget_cuts=true, route_mask_operation_budget_cuts_added=2, route_mask_operation_budget_min=14, route_mask_operation_budget_avg=18.2063, route_mask_operation_budget_max=28, route_mask_operation_budget_tightened_masks=8190, route_mask_operation_budget_zero_masks=0, operation_budget_example={vehicle=0, mask=1, popcount=1, cycle_lb=591.078, pickup_budget=25, route_limit=3600}, operation_budget_example={vehicle=0, mask=2, popcount=1, cycle_lb=497.934, pickup_budget=25, route_limit=3600}, operation_budget_example={vehicle=0, mask=3, popcount=2, cycle_lb=802.365, pickup_budget=23, route_limit=3600}, operation_budget_example={vehicle=0, mask=4, popcount=1, cycle_lb=404.449, pickup_budget=26, route_limit=3600}, operation_budget_example={vehicle=0, mask=5, popcount=2, cycle_lb=594.363, pickup_budget=25, route_limit=3600}, operation_budget_example={vehicle=0, mask=6, popcount=2, cycle_lb=646.135, pickup_budget=24, route_limit=3600}, operation_budget_example={vehicle=0, mask=7, popcount=3, cycle_lb=805.65, pickup_budget=23, route_limit=3600}, operation_budget_example={vehicle=0, mask=8, popcount=1, cycle_lb=618.428, pickup_budget=24, route_limit=3600}, pickup_drop_compat_flow=true, pickup_drop_pairs_total=132, pickup_drop_pairs_compatible=132, pickup_drop_pairs_incompatible=0, pickup_drop_pairs_capacity_limited=35, pickup_drop_transfer_cap_min=2, pickup_drop_transfer_cap_avg=14.8409, pickup_drop_transfer_cap_max=27, pickup_drop_transfer_cap_variables=132, pickup_drop_transfer_cap_constraints=132, pickup_drop_compat_flow_variables=144, pickup_drop_compat_flow_constraints=24, vehicle_indexed_operation_relaxation=true, vehicle_indexed_y_variables=24, vehicle_indexed_pickup_variables=24, vehicle_indexed_drop_variables=24, vehicle_indexed_linking_constraints=84, vehicle_indexed_balance_constraints=4, vehicle_indexed_operation_budget_constraints=2, vehicle_indexed_transfer_flow=true, vehicle_transfer_flow_variables=264, vehicle_transfer_depot_unload_variables=24, vehicle_transfer_flow_balance_constraints=48, vehicle_transfer_mask_linking_constraints=288, vehicle_transfer_pairs_total=264, vehicle_transfer_pairs_zero_cap=0, vehicle_transfer_pairs_capacity_limited=70, vehicle_transfer_cap_min=2, vehicle_transfer_cap_avg=14.8409, vehicle_transfer_cap_max=27, incompatible_pair_example={capacity_limited_pair={pickup=1, drop=2, cap=23, loose_cap=28, path_lb=802.365, route_limit=3600}}, incompatible_pair_example={capacity_limited_pair={pickup=1, drop=3, cap=25, loose_cap=29, path_lb=594.363, route_limit=3600}}, incompatible_pair_example={capacity_limited_pair={pickup=1, drop=4, cap=23, loose_cap=30, path_lb=783.168, route_limit=3600}}, incompatible_pair_example={capacity_limited_pair={pickup=1, drop=5, cap=22, loose_cap=30, path_lb=902.005, route_limit=3600}}, incompatible_pair_example={capacity_limited_pair={pickup=1, drop=6, cap=24, loose_cap=30, path_lb=642.222, route_limit=3600}}, incompatible_pair_example={capacity_limited_pair={pickup=1, drop=9, cap=21, loose_cap=30, path_lb=974.819, route_limit=3600}}, incompatible_pair_example={capacity_limited_pair={pickup=1, drop=10, cap=22, loose_cap=30, path_lb=871.983, route_limit=3600}}, incompatible_pair_example={capacity_limited_pair={pickup=1, drop=11, cap=21, loose_cap=30, path_lb=991.966, route_limit=3600}}, incompatible_pair_example={vehicle_capacity_limited_pair={vehicle=0, pickup=1, drop=2, cap=23, loose_cap=28, path_lb=802.365, route_limit=3600}}, incompatible_pair_example={vehicle_capacity_limited_pair={vehicle=0, pickup=1, drop=3, cap=25, loose_cap=29, path_lb=594.363, route_limit=3600}}, incompatible_pair_example={vehicle_capacity_limited_pair={vehicle=0, pickup=1, drop=4, cap=23, loose_cap=30, path_lb=783.168, route_limit=3600}}, incompatible_pair_example={vehicle_capacity_limited_pair={vehicle=0, pickup=1, drop=5, cap=22, loose_cap=30, path_lb=902.005, route_limit=3600}}, incompatible_pair_example={vehicle_capacity_limited_pair={vehicle=0, pickup=1, drop=6, cap=24, loose_cap=30, path_lb=642.222, route_limit=3600}}, incompatible_pair_example={vehicle_capacity_limited_pair={vehicle=0, pickup=1, drop=9, cap=21, loose_cap=30, path_lb=974.819, route_limit=3600}}, incompatible_pair_example={vehicle_capacity_limited_pair={vehicle=0, pickup=1, drop=10, cap=22, loose_cap=30, path_lb=871.983, route_limit=3600}}, incompatible_pair_example={vehicle_capacity_limited_pair={vehicle=0, pickup=1, drop=11, cap=21, loose_cap=30, path_lb=991.966, route_limit=3600}}, incumbent_cutoff_bound=true, penalty_budget=2.1497303773, penalty_domain_tightening=true, domains_tightened=0, domain_width_before=472, domain_width_after=472, projection_bound_enabled=true, projection_bound_valid=true, projection_bound_lb=0.489405, projection_bound_scope=global, min_station_bikes=181, s_upper=55.5069, objective_lb=0.675508, status=integer optimal solution, lp=results\bound_work\regen_candidate_V12_M2_average_1782142075533772600_15729502191765196471\inventory_gini_bound.lp, pickup_drop_compat_flow_audit_selected=compat, compat_lb=0.675508, no_compat_lb=0.675508, bound_time=23.122085; adaptive split pass 1 child interval 5 inventory relaxation: inventory-route-Gini cutoff relaxation infeasible; no incumbent-improving solution exists in this interval: interval=[0.572917,0.6875], pickup_limit=60, route_visit_cuts=singletons+subsets_up_to_12, integer_inventory_relaxation=true, station_flow_conservation=true, depot_return_capacity=true, station_operation_capacity=true, station_operation_mode_cuts=true, nonzero_visit_operation_cuts=true, route_mask_duration_load_relaxation=true, route_mask_max_v=12, route_mask_support_duration_pruning=true, route_mask_count_before_support_duration=8190, route_mask_count_after_support_duration=8190, route_masks_removed_by_support_duration=0, route_mask_support_duration_max_removed_subset_size=0, route_mask_operation_budget_cuts=true, route_mask_operation_budget_cuts_added=2, route_mask_operation_budget_min=14, route_mask_operation_budget_avg=18.2063, route_mask_operation_budget_max=28, route_mask_operation_budget_tightened_masks=8190, route_mask_operation_budget_zero_masks=0, operation_budget_example={vehicle=0, mask=1, popcount=1, cycle_lb=591.078, pickup_budget=25, route_limit=3600}, operation_budget_example={vehicle=0, mask=2, popcount=1, cycle_lb=497.934, pickup_budget=25, route_limit=3600}, operation_budget_example={vehicle=0, mask=3, popcount=2, cycle_lb=802.365, pickup_budget=23, route_limit=3600}, operation_budget_example={vehicle=0, mask=4, popcount=1, cycle_lb=404.449, pickup_budget=26, route_limit=3600}, operation_budget_example={vehicle=0, mask=5, popcount=2, cycle_lb=594.363, pickup_budget=25, route_limit=3600}, operation_budget_example={vehicle=0, mask=6, popcount=2, cycle_lb=646.135, pickup_budget=24, route_limit=3600}, operation_budget_example={vehicle=0, mask=7, popcount=3, cycle_lb=805.65, pickup_budget=23, route_limit=3600}, operation_budget_example={vehicle=0, mask=8, popcount=1, cycle_lb=618.428, pickup_budget=24, route_limit=3600}, pickup_drop_compat_flow=true, pickup_drop_pairs_total=132, pickup_drop_pairs_compatible=132, pickup_drop_pairs_incompatible=0, pickup_drop_pairs_capacity_limited=35, pickup_drop_transfer_cap_min=2, pickup_drop_transfer_cap_avg=14.8409, pickup_drop_transfer_cap_max=27, pickup_drop_transfer_cap_variables=132, pickup_drop_transfer_cap_constraints=132, pickup_drop_compat_flow_variables=144, pickup_drop_compat_flow_constraints=24, vehicle_indexed_operation_relaxation=true, vehicle_indexed_y_variables=24, vehicle_indexed_pickup_variables=24, vehicle_indexed_drop_variables=24, vehicle_indexed_linking_constraints=84, vehicle_indexed_balance_constraints=4, vehicle_indexed_operation_budget_constraints=2, vehicle_indexed_transfer_flow=true, vehicle_transfer_flow_variables=264, vehicle_transfer_depot_unload_variables=24, vehicle_transfer_flow_balance_constraints=48, vehicle_transfer_mask_linking_constraints=288, vehicle_transfer_pairs_total=264, vehicle_transfer_pairs_zero_cap=0, vehicle_transfer_pairs_capacity_limited=70, vehicle_transfer_cap_min=2, vehicle_transfer_cap_avg=14.8409, vehicle_transfer_cap_max=27, incompatible_pair_example={capacity_limited_pair={pickup=1, drop=2, cap=23, loose_cap=28, path_lb=802.365, route_limit=3600}}, incompatible_pair_example={capacity_limited_pair={pickup=1, drop=3, cap=25, loose_cap=29, path_lb=594.363, route_limit=3600}}, incompatible_pair_example={capacity_limited_pair={pickup=1, drop=4, cap=23, loose_cap=30, path_lb=783.168, route_limit=3600}}, incompatible_pair_example={capacity_limited_pair={pickup=1, drop=5, cap=22, loose_cap=30, path_lb=902.005, route_limit=3600}}, incompatible_pair_example={capacity_limited_pair={pickup=1, drop=6, cap=24, loose_cap=30, path_lb=642.222, route_limit=3600}}, incompatible_pair_example={capacity_limited_pair={pickup=1, drop=9, cap=21, loose_cap=30, path_lb=974.819, route_limit=3600}}, incompatible_pair_example={capacity_limited_pair={pickup=1, drop=10, cap=22, loose_cap=30, path_lb=871.983, route_limit=3600}}, incompatible_pair_example={capacity_limited_pair={pickup=1, drop=11, cap=21, loose_cap=30, path_lb=991.966, route_limit=3600}}, incompatible_pair_example={vehicle_capacity_limited_pair={vehicle=0, pickup=1, drop=2, cap=23, loose_cap=28, path_lb=802.365, route_limit=3600}}, incompatible_pair_example={vehicle_capacity_limited_pair={vehicle=0, pickup=1, drop=3, cap=25, loose_cap=29, path_lb=594.363, route_limit=3600}}, incompatible_pair_example={vehicle_capacity_limited_pair={vehicle=0, pickup=1, drop=4, cap=23, loose_cap=30, path_lb=783.168, route_limit=3600}}, incompatible_pair_example={vehicle_capacity_limited_pair={vehicle=0, pickup=1, drop=5, cap=22, loose_cap=30, path_lb=902.005, route_limit=3600}}, incompatible_pair_example={vehicle_capacity_limited_pair={vehicle=0, pickup=1, drop=6, cap=24, loose_cap=30, path_lb=642.222, route_limit=3600}}, incompatible_pair_example={vehicle_capacity_limited_pair={vehicle=0, pickup=1, drop=9, cap=21, loose_cap=30, path_lb=974.819, route_limit=3600}}, incompatible_pair_example={vehicle_capacity_limited_pair={vehicle=0, pickup=1, drop=10, cap=22, loose_cap=30, path_lb=871.983, route_limit=3600}}, incompatible_pair_example={vehicle_capacity_limited_pair={vehicle=0, pickup=1, drop=11, cap=21, loose_cap=30, path_lb=991.966, route_limit=3600}}, incumbent_cutoff_bound=true, penalty_budget=1.38584148841, min_station_bikes=181, objective_lb=0.780793, lp=results\bound_work\regen_candidate_V12_M2_average_1782142098655902800_15729502191765196471\inventory_gini_bound.lp, pickup_drop_compat_flow_audit_selected=compat, compat_lb=0.780793, no_compat_lb=0.780793, bound_time=10.935155; adaptive split pass 1 child interval 5 bound-fathomed by inherited/relaxation lower bound; adaptive frontier split pass 2 splitting 1 of 1 unresolved interval(s) by lowest current lower bound, split_batch=all; adaptive split pass 2 child interval 6 inventory relaxation: inventory-route-Gini relaxation lower bound: interval=[0.458333,0.515625], pickup_limit=60, route_visit_cuts=singletons+subsets_up_to_12, integer_inventory_relaxation=true, station_flow_conservation=true, depot_return_capacity=true, station_operation_capacity=true, station_operation_mode_cuts=true, nonzero_visit_operation_cuts=true, route_mask_duration_load_relaxation=true, route_mask_max_v=12, route_mask_support_duration_pruning=true, route_mask_count_before_support_duration=8190, route_mask_count_after_support_duration=8190, route_masks_removed_by_support_duration=0, route_mask_support_duration_max_removed_subset_size=0, route_mask_operation_budget_cuts=true, route_mask_operation_budget_cuts_added=2, route_mask_operation_budget_min=14, route_mask_operation_budget_avg=18.2063, route_mask_operation_budget_max=28, route_mask_operation_budget_tightened_masks=8190, route_mask_operation_budget_zero_masks=0, operation_budget_example={vehicle=0, mask=1, popcount=1, cycle_lb=591.078, pickup_budget=25, route_limit=3600}, operation_budget_example={vehicle=0, mask=2, popcount=1, cycle_lb=497.934, pickup_budget=25, route_limit=3600}, operation_budget_example={vehicle=0, mask=3, popcount=2, cycle_lb=802.365, pickup_budget=23, route_limit=3600}, operation_budget_example={vehicle=0, mask=4, popcount=1, cycle_lb=404.449, pickup_budget=26, route_limit=3600}, operation_budget_example={vehicle=0, mask=5, popcount=2, cycle_lb=594.363, pickup_budget=25, route_limit=3600}, operation_budget_example={vehicle=0, mask=6, popcount=2, cycle_lb=646.135, pickup_budget=24, route_limit=3600}, operation_budget_example={vehicle=0, mask=7, popcount=3, cycle_lb=805.65, pickup_budget=23, route_limit=3600}, operation_budget_example={vehicle=0, mask=8, popcount=1, cycle_lb=618.428, pickup_budget=24, route_limit=3600}, pickup_drop_compat_flow=true, pickup_drop_pairs_total=132, pickup_drop_pairs_compatible=132, pickup_drop_pairs_incompatible=0, pickup_drop_pairs_capacity_limited=35, pickup_drop_transfer_cap_min=2, pickup_drop_transfer_cap_avg=14.8409, pickup_drop_transfer_cap_max=27, pickup_drop_transfer_cap_variables=132, pickup_drop_transfer_cap_constraints=132, pickup_drop_compat_flow_variables=144, pickup_drop_compat_flow_constraints=24, vehicle_indexed_operation_relaxation=true, vehicle_indexed_y_variables=24, vehicle_indexed_pickup_variables=24, vehicle_indexed_drop_variables=24, vehicle_indexed_linking_constraints=84, vehicle_indexed_balance_constraints=4, vehicle_indexed_operation_budget_constraints=2, vehicle_indexed_transfer_flow=true, vehicle_transfer_flow_variables=264, vehicle_transfer_depot_unload_variables=24, vehicle_transfer_flow_balance_constraints=48, vehicle_transfer_mask_linking_constraints=288, vehicle_transfer_pairs_total=264, vehicle_transfer_pairs_zero_cap=0, vehicle_transfer_pairs_capacity_limited=70, vehicle_transfer_cap_min=2, vehicle_transfer_cap_avg=14.8409, vehicle_transfer_cap_max=27, incompatible_pair_example={capacity_limited_pair={pickup=1, drop=2, cap=23, loose_cap=28, path_lb=802.365, route_limit=3600}}, incompatible_pair_example={capacity_limited_pair={pickup=1, drop=3, cap=25, loose_cap=29, path_lb=594.363, route_limit=3600}}, incompatible_pair_example={capacity_limited_pair={pickup=1, drop=4, cap=23, loose_cap=30, path_lb=783.168, route_limit=3600}}, incompatible_pair_example={capacity_limited_pair={pickup=1, drop=5, cap=22, loose_cap=30, path_lb=902.005, route_limit=3600}}, incompatible_pair_example={capacity_limited_pair={pickup=1, drop=6, cap=24, loose_cap=30, path_lb=642.222, route_limit=3600}}, incompatible_pair_example={capacity_limited_pair={pickup=1, drop=9, cap=21, loose_cap=30, path_lb=974.819, route_limit=3600}}, incompatible_pair_example={capacity_limited_pair={pickup=1, drop=10, cap=22, loose_cap=30, path_lb=871.983, route_limit=3600}}, incompatible_pair_example={capacity_limited_pair={pickup=1, drop=11, cap=21, loose_cap=30, path_lb=991.966, route_limit=3600}}, incompatible_pair_example={vehicle_capacity_limited_pair={vehicle=0, pickup=1, drop=2, cap=23, loose_cap=28, path_lb=802.365, route_limit=3600}}, incompatible_pair_example={vehicle_capacity_limited_pair={vehicle=0, pickup=1, drop=3, cap=25, loose_cap=29, path_lb=594.363, route_limit=3600}}, incompatible_pair_example={vehicle_capacity_limited_pair={vehicle=0, pickup=1, drop=4, cap=23, loose_cap=30, path_lb=783.168, route_limit=3600}}, incompatible_pair_example={vehicle_capacity_limited_pair={vehicle=0, pickup=1, drop=5, cap=22, loose_cap=30, path_lb=902.005, route_limit=3600}}, incompatible_pair_example={vehicle_capacity_limited_pair={vehicle=0, pickup=1, drop=6, cap=24, loose_cap=30, path_lb=642.222, route_limit=3600}}, incompatible_pair_example={vehicle_capacity_limited_pair={vehicle=0, pickup=1, drop=9, cap=21, loose_cap=30, path_lb=974.819, route_limit=3600}}, incompatible_pair_example={vehicle_capacity_limited_pair={vehicle=0, pickup=1, drop=10, cap=22, loose_cap=30, path_lb=871.983, route_limit=3600}}, incompatible_pair_example={vehicle_capacity_limited_pair={vehicle=0, pickup=1, drop=11, cap=21, loose_cap=30, path_lb=991.966, route_limit=3600}}, incumbent_cutoff_bound=true, penalty_budget=2.1497303773, penalty_domain_tightening=true, domains_tightened=0, domain_width_before=472, domain_width_after=472, projection_bound_enabled=true, projection_bound_valid=true, projection_bound_lb=0.489405, projection_bound_scope=global, min_station_bikes=181, s_upper=55.5069, objective_lb=0.681925, status=integer optimal solution, lp=results\bound_work\regen_candidate_V12_M2_average_1782142109591137400_15729502191765196471\inventory_gini_bound.lp, pickup_drop_compat_flow_audit_selected=compat, compat_lb=0.681925, no_compat_lb=0.681925, bound_time=26.051169; adaptive split pass 2 child interval 7 inventory relaxation: inventory-route-Gini relaxation lower bound: interval=[0.515625,0.572917], pickup_limit=60, route_visit_cuts=singletons+subsets_up_to_12, integer_inventory_relaxation=true, station_flow_conservation=true, depot_return_capacity=true, station_operation_capacity=true, station_operation_mode_cuts=true, nonzero_visit_operation_cuts=true, route_mask_duration_load_relaxation=true, route_mask_max_v=12, route_mask_support_duration_pruning=true, route_mask_count_before_support_duration=8190, route_mask_count_after_support_duration=8190, route_masks_removed_by_support_duration=0, route_mask_support_duration_max_removed_subset_size=0, route_mask_operation_budget_cuts=true, route_mask_operation_budget_cuts_added=2, route_mask_operation_budget_min=14, route_mask_operation_budget_avg=18.2063, route_mask_operation_budget_max=28, route_mask_operation_budget_tightened_masks=8190, route_mask_operation_budget_zero_masks=0, operation_budget_example={vehicle=0, mask=1, popcount=1, cycle_lb=591.078, pickup_budget=25, route_limit=3600}, operation_budget_example={vehicle=0, mask=2, popcount=1, cycle_lb=497.934, pickup_budget=25, route_limit=3600}, operation_budget_example={vehicle=0, mask=3, popcount=2, cycle_lb=802.365, pickup_budget=23, route_limit=3600}, operation_budget_example={vehicle=0, mask=4, popcount=1, cycle_lb=404.449, pickup_budget=26, route_limit=3600}, operation_budget_example={vehicle=0, mask=5, popcount=2, cycle_lb=594.363, pickup_budget=25, route_limit=3600}, operation_budget_example={vehicle=0, mask=6, popcount=2, cycle_lb=646.135, pickup_budget=24, route_limit=3600}, operation_budget_example={vehicle=0, mask=7, popcount=3, cycle_lb=805.65, pickup_budget=23, route_limit=3600}, operation_budget_example={vehicle=0, mask=8, popcount=1, cycle_lb=618.428, pickup_budget=24, route_limit=3600}, pickup_drop_compat_flow=true, pickup_drop_pairs_total=132, pickup_drop_pairs_compatible=132, pickup_drop_pairs_incompatible=0, pickup_drop_pairs_capacity_limited=35, pickup_drop_transfer_cap_min=2, pickup_drop_transfer_cap_avg=14.8409, pickup_drop_transfer_cap_max=27, pickup_drop_transfer_cap_variables=132, pickup_drop_transfer_cap_constraints=132, pickup_drop_compat_flow_variables=144, pickup_drop_compat_flow_constraints=24, vehicle_indexed_operation_relaxation=true, vehicle_indexed_y_variables=24, vehicle_indexed_pickup_variables=24, vehicle_indexed_drop_variables=24, vehicle_indexed_linking_constraints=84, vehicle_indexed_balance_constraints=4, vehicle_indexed_operation_budget_constraints=2, vehicle_indexed_transfer_flow=true, vehicle_transfer_flow_variables=264, vehicle_transfer_depot_unload_variables=24, vehicle_transfer_flow_balance_constraints=48, vehicle_transfer_mask_linking_constraints=288, vehicle_transfer_pairs_total=264, vehicle_transfer_pairs_zero_cap=0, vehicle_transfer_pairs_capacity_limited=70, vehicle_transfer_cap_min=2, vehicle_transfer_cap_avg=14.8409, vehicle_transfer_cap_max=27, incompatible_pair_example={capacity_limited_pair={pickup=1, drop=2, cap=23, loose_cap=28, path_lb=802.365, route_limit=3600}}, incompatible_pair_example={capacity_limited_pair={pickup=1, drop=3, cap=25, loose_cap=29, path_lb=594.363, route_limit=3600}}, incompatible_pair_example={capacity_limited_pair={pickup=1, drop=4, cap=23, loose_cap=30, path_lb=783.168, route_limit=3600}}, incompatible_pair_example={capacity_limited_pair={pickup=1, drop=5, cap=22, loose_cap=30, path_lb=902.005, route_limit=3600}}, incompatible_pair_example={capacity_limited_pair={pickup=1, drop=6, cap=24, loose_cap=30, path_lb=642.222, route_limit=3600}}, incompatible_pair_example={capacity_limited_pair={pickup=1, drop=9, cap=21, loose_cap=30, path_lb=974.819, route_limit=3600}}, incompatible_pair_example={capacity_limited_pair={pickup=1, drop=10, cap=22, loose_cap=30, path_lb=871.983, route_limit=3600}}, incompatible_pair_example={capacity_limited_pair={pickup=1, drop=11, cap=21, loose_cap=30, path_lb=991.966, route_limit=3600}}, incompatible_pair_example={vehicle_capacity_limited_pair={vehicle=0, pickup=1, drop=2, cap=23, loose_cap=28, path_lb=802.365, route_limit=3600}}, incompatible_pair_example={vehicle_capacity_limited_pair={vehicle=0, pickup=1, drop=3, cap=25, loose_cap=29, path_lb=594.363, route_limit=3600}}, incompatible_pair_example={vehicle_capacity_limited_pair={vehicle=0, pickup=1, drop=4, cap=23, loose_cap=30, path_lb=783.168, route_limit=3600}}, incompatible_pair_example={vehicle_capacity_limited_pair={vehicle=0, pickup=1, drop=5, cap=22, loose_cap=30, path_lb=902.005, route_limit=3600}}, incompatible_pair_example={vehicle_capacity_limited_pair={vehicle=0, pickup=1, drop=6, cap=24, loose_cap=30, path_lb=642.222, route_limit=3600}}, incompatible_pair_example={vehicle_capacity_limited_pair={vehicle=0, pickup=1, drop=9, cap=21, loose_cap=30, path_lb=974.819, route_limit=3600}}, incompatible_pair_example={vehicle_capacity_limited_pair={vehicle=0, pickup=1, drop=10, cap=22, loose_cap=30, path_lb=871.983, route_limit=3600}}, incompatible_pair_example={vehicle_capacity_limited_pair={vehicle=0, pickup=1, drop=11, cap=21, loose_cap=30, path_lb=991.966, route_limit=3600}}, incumbent_cutoff_bound=true, penalty_budget=1.76778593286, penalty_domain_tightening=true, domains_tightened=0, domain_width_before=472, domain_width_after=472, projection_bound_enabled=true, projection_bound_valid=true, projection_bound_lb=0.546696, projection_bound_scope=global, min_station_bikes=181, s_upper=52.9059, objective_lb=0.7328, status=integer optimal solution, lp=results\bound_work\regen_candidate_V12_M2_average_1782142135642359400_15729502191765196471\inventory_gini_bound.lp, pickup_drop_compat_flow_audit_selected=compat, compat_lb=0.732800, no_compat_lb=0.732800, bound_time=18.875613; adaptive frontier split pass 3 splitting 1 of 2 unresolved interval(s) by lowest current lower bound, split_batch=all; adaptive split pass 3 child interval 8 inventory relaxation: inventory-route-Gini integer relaxation time-limited; using valid CPLEX MIP best bound: interval=[0.458333,0.486979], pickup_limit=60, route_visit_cuts=singletons+subsets_up_to_12, integer_inventory_relaxation=true, station_flow_conservation=true, depot_return_capacity=true, station_operation_capacity=true, station_operation_mode_cuts=true, nonzero_visit_operation_cuts=true, route_mask_duration_load_relaxation=true, route_mask_max_v=12, route_mask_support_duration_pruning=true, route_mask_count_before_support_duration=8190, route_mask_count_after_support_duration=8190, route_masks_removed_by_support_duration=0, route_mask_support_duration_max_removed_subset_size=0, route_mask_operation_budget_cuts=true, route_mask_operation_budget_cuts_added=2, route_mask_operation_budget_min=14, route_mask_operation_budget_avg=18.2063, route_mask_operation_budget_max=28, route_mask_operation_budget_tightened_masks=8190, route_mask_operation_budget_zero_masks=0, operation_budget_example={vehicle=0, mask=1, popcount=1, cycle_lb=591.078, pickup_budget=25, route_limit=3600}, operation_budget_example={vehicle=0, mask=2, popcount=1, cycle_lb=497.934, pickup_budget=25, route_limit=3600}, operation_budget_example={vehicle=0, mask=3, popcount=2, cycle_lb=802.365, pickup_budget=23, route_limit=3600}, operation_budget_example={vehicle=0, mask=4, popcount=1, cycle_lb=404.449, pickup_budget=26, route_limit=3600}, operation_budget_example={vehicle=0, mask=5, popcount=2, cycle_lb=594.363, pickup_budget=25, route_limit=3600}, operation_budget_example={vehicle=0, mask=6, popcount=2, cycle_lb=646.135, pickup_budget=24, route_limit=3600}, operation_budget_example={vehicle=0, mask=7, popcount=3, cycle_lb=805.65, pickup_budget=23, route_limit=3600}, operation_budget_example={vehicle=0, mask=8, popcount=1, cycle_lb=618.428, pickup_budget=24, route_limit=3600}, pickup_drop_compat_flow=false, pickup_drop_pairs_total=0, pickup_drop_pairs_compatible=0, pickup_drop_pairs_incompatible=0, pickup_drop_pairs_capacity_limited=0, pickup_drop_transfer_cap_min=0, pickup_drop_transfer_cap_avg=0, pickup_drop_transfer_cap_max=0, pickup_drop_transfer_cap_variables=0, pickup_drop_transfer_cap_constraints=0, pickup_drop_compat_flow_variables=0, pickup_drop_compat_flow_constraints=0, vehicle_indexed_operation_relaxation=true, vehicle_indexed_y_variables=24, vehicle_indexed_pickup_variables=24, vehicle_indexed_drop_variables=24, vehicle_indexed_linking_constraints=84, vehicle_indexed_balance_constraints=4, vehicle_indexed_operation_budget_constraints=2, vehicle_indexed_transfer_flow=false, vehicle_transfer_flow_variables=0, vehicle_transfer_depot_unload_variables=0, vehicle_transfer_flow_balance_constraints=0, vehicle_transfer_mask_linking_constraints=0, vehicle_transfer_pairs_total=0, vehicle_transfer_pairs_zero_cap=0, vehicle_transfer_pairs_capacity_limited=0, vehicle_transfer_cap_min=0, vehicle_transfer_cap_avg=0, vehicle_transfer_cap_max=0, incumbent_cutoff_bound=true, penalty_budget=2.1497303773, penalty_domain_tightening=true, domains_tightened=0, domain_width_before=472, domain_width_after=472, projection_bound_enabled=true, projection_bound_valid=true, projection_bound_lb=0.489405, projection_bound_scope=global, min_station_bikes=181, s_upper=55.5069, objective_lb=0.678638, status=time limit exceeded, lp=results\bound_work\regen_candidate_V12_M2_average_1782142168157305100_15729502191765196471\inventory_gini_bound.lp, pickup_drop_compat_flow_audit_selected=no_compat, compat_lb=0.678630, no_compat_lb=0.678638, bound_time=27.139990; adaptive split pass 3 child interval 9 inventory relaxation: inventory-route-Gini relaxation lower bound: interval=[0.486979,0.515625], pickup_limit=60, route_visit_cuts=singletons+subsets_up_to_12, integer_inventory_relaxation=true, station_flow_conservation=true, depot_return_capacity=true, station_operation_capacity=true, station_operation_mode_cuts=true, nonzero_visit_operation_cuts=true, route_mask_duration_load_relaxation=true, route_mask_max_v=12, route_mask_support_duration_pruning=true, route_mask_count_before_support_duration=8190, route_mask_count_after_support_duration=8190, route_masks_removed_by_support_duration=0, route_mask_support_duration_max_removed_subset_size=0, route_mask_operation_budget_cuts=true, route_mask_operation_budget_cuts_added=2, route_mask_operation_budget_min=14, route_mask_operation_budget_avg=18.2063, route_mask_operation_budget_max=28, route_mask_operation_budget_tightened_masks=8190, route_mask_operation_budget_zero_masks=0, operation_budget_example={vehicle=0, mask=1, popcount=1, cycle_lb=591.078, pickup_budget=25, route_limit=3600}, operation_budget_example={vehicle=0, mask=2, popcount=1, cycle_lb=497.934, pickup_budget=25, route_limit=3600}, operation_budget_example={vehicle=0, mask=3, popcount=2, cycle_lb=802.365, pickup_budget=23, route_limit=3600}, operation_budget_example={vehicle=0, mask=4, popcount=1, cycle_lb=404.449, pickup_budget=26, route_limit=3600}, operation_budget_example={vehicle=0, mask=5, popcount=2, cycle_lb=594.363, pickup_budget=25, route_limit=3600}, operation_budget_example={vehicle=0, mask=6, popcount=2, cycle_lb=646.135, pickup_budget=24, route_limit=3600}, operation_budget_example={vehicle=0, mask=7, popcount=3, cycle_lb=805.65, pickup_budget=23, route_limit=3600}, operation_budget_example={vehicle=0, mask=8, popcount=1, cycle_lb=618.428, pickup_budget=24, route_limit=3600}, pickup_drop_compat_flow=true, pickup_drop_pairs_total=132, pickup_drop_pairs_compatible=132, pickup_drop_pairs_incompatible=0, pickup_drop_pairs_capacity_limited=35, pickup_drop_transfer_cap_min=2, pickup_drop_transfer_cap_avg=14.8409, pickup_drop_transfer_cap_max=27, pickup_drop_transfer_cap_variables=132, pickup_drop_transfer_cap_constraints=132, pickup_drop_compat_flow_variables=144, pickup_drop_compat_flow_constraints=24, vehicle_indexed_operation_relaxation=true, vehicle_indexed_y_variables=24, vehicle_indexed_pickup_variables=24, vehicle_indexed_drop_variables=24, vehicle_indexed_linking_constraints=84, vehicle_indexed_balance_constraints=4, vehicle_indexed_operation_budget_constraints=2, vehicle_indexed_transfer_flow=true, vehicle_transfer_flow_variables=264, vehicle_transfer_depot_unload_variables=24, vehicle_transfer_flow_balance_constraints=48, vehicle_transfer_mask_linking_constraints=288, vehicle_transfer_pairs_total=264, vehicle_transfer_pairs_zero_cap=0, vehicle_transfer_pairs_capacity_limited=70, vehicle_transfer_cap_min=2, vehicle_transfer_cap_avg=14.8409, vehicle_transfer_cap_max=27, incompatible_pair_example={capacity_limited_pair={pickup=1, drop=2, cap=23, loose_cap=28, path_lb=802.365, route_limit=3600}}, incompatible_pair_example={capacity_limited_pair={pickup=1, drop=3, cap=25, loose_cap=29, path_lb=594.363, route_limit=3600}}, incompatible_pair_example={capacity_limited_pair={pickup=1, drop=4, cap=23, loose_cap=30, path_lb=783.168, route_limit=3600}}, incompatible_pair_example={capacity_limited_pair={pickup=1, drop=5, cap=22, loose_cap=30, path_lb=902.005, route_limit=3600}}, incompatible_pair_example={capacity_limited_pair={pickup=1, drop=6, cap=24, loose_cap=30, path_lb=642.222, route_limit=3600}}, incompatible_pair_example={capacity_limited_pair={pickup=1, drop=9, cap=21, loose_cap=30, path_lb=974.819, route_limit=3600}}, incompatible_pair_example={capacity_limited_pair={pickup=1, drop=10, cap=22, loose_cap=30, path_lb=871.983, route_limit=3600}}, incompatible_pair_example={capacity_limited_pair={pickup=1, drop=11, cap=21, loose_cap=30, path_lb=991.966, route_limit=3600}}, incompatible_pair_example={vehicle_capacity_limited_pair={vehicle=0, pickup=1, drop=2, cap=23, loose_cap=28, path_lb=802.365, route_limit=3600}}, incompatible_pair_example={vehicle_capacity_limited_pair={vehicle=0, pickup=1, drop=3, cap=25, loose_cap=29, path_lb=594.363, route_limit=3600}}, incompatible_pair_example={vehicle_capacity_limited_pair={vehicle=0, pickup=1, drop=4, cap=23, loose_cap=30, path_lb=783.168, route_limit=3600}}, incompatible_pair_example={vehicle_capacity_limited_pair={vehicle=0, pickup=1, drop=5, cap=22, loose_cap=30, path_lb=902.005, route_limit=3600}}, incompatible_pair_example={vehicle_capacity_limited_pair={vehicle=0, pickup=1, drop=6, cap=24, loose_cap=30, path_lb=642.222, route_limit=3600}}, incompatible_pair_example={vehicle_capacity_limited_pair={vehicle=0, pickup=1, drop=9, cap=21, loose_cap=30, path_lb=974.819, route_limit=3600}}, incompatible_pair_example={vehicle_capacity_limited_pair={vehicle=0, pickup=1, drop=10, cap=22, loose_cap=30, path_lb=871.983, route_limit=3600}}, incompatible_pair_example={vehicle_capacity_limited_pair={vehicle=0, pickup=1, drop=11, cap=21, loose_cap=30, path_lb=991.966, route_limit=3600}}, incumbent_cutoff_bound=true, penalty_budget=1.95875815508, penalty_domain_tightening=true, domains_tightened=0, domain_width_before=472, domain_width_after=472, projection_bound_enabled=true, projection_bound_valid=true, projection_bound_lb=0.51805, projection_bound_scope=global, min_station_bikes=181, s_upper=54.215, objective_lb=0.710571, status=integer optimal solution, lp=results\bound_work\regen_candidate_V12_M2_average_1782142181658051500_15729502191765196471\inventory_gini_bound.lp, pickup_drop_compat_flow_audit_selected=compat, compat_lb=0.710571, no_compat_lb=0.710571, bound_time=23.136668; frontier relaxation cache hit for interval [0.458333,0.486979]; focused_intensification pass=1, interval=8, old_lb=0.681925, new_lb=0.681925, source=gamma_floor, relaxation_status=time limit exceeded, next_min_lb=0.710571, time_spent=27.139990; focused_intensification tree fallback skipped: existing focused retry branch-price pass handles tree work; relaxation made no progress; adaptive frontier pass 1 retrying 3 unresolved interval(s), retry_max_nodes=255, retry_passes=2, scheduling=dynamic_lowest_valid_lower_bound_first, time_budget=one_best_bound_interval_at_a_time; route-pool collected BPC columns from focused_retry interval 8: exported_tree=2008, exported_pricing=1004, exported_warmstart=1004, exported_integer_leaves=0, kept_before=1014, kept_after=1014, raw=4026, removed_by_projection_dominance=3012, dropped_by_cap=0; route-pool incumbent master after_focused_retry_interval_8 found verified incumbent objective=0.780793, states=178756, time=0.148596; UB only, no lower-bound certificate; focused_retry interval=8, adaptive_pass=1, retry=1 [0.458333,0.486979], previous_lb=0.681925, new_lb=0.681925, next_min_lb=0.710571, open_nodes_before=1, open_nodes_after=1 complete=false, lower_bound_valid=true, certified_by_bound=false, tree_closed=false, bound_fathomed=false, empty_interval=false, has_incumbent=false, tree_lb=0.489405, interval_lb=0.681925, inventory_relax_lb=0.678638, resource_lb=0.180148, incumbent_cutoff=0.780793, early_stop_target=0.710571, nodes=1, columns=1004, pricing_calls=1, pricing_time=0.692172, master_time=8.3873, bound_time=0, cuts_added=0, open_nodes=1; adaptive pass 1 defers interval 8 for the remainder of this pass because retry made no valid lower-bound progress; adaptive frontier pass 2 retrying 3 unresolved interval(s), retry_max_nodes=255, retry_passes=2, scheduling=dynamic_lowest_valid_lower_bound_first, time_budget=one_best_bound_interval_at_a_time; route-pool collected BPC columns from focused_retry interval 8: exported_tree=2008, exported_pricing=1004, exported_warmstart=1004, exported_integer_leaves=0, kept_before=1014, kept_after=1014, raw=6034, removed_by_projection_dominance=5020, dropped_by_cap=0; route-pool incumbent master after_focused_retry_interval_8 found verified incumbent objective=0.780793, states=178756, time=0.153061; UB only, no lower-bound certificate; focused_retry interval=8, adaptive_pass=2, retry=1 [0.458333,0.486979], previous_lb=0.681925, new_lb=0.681925, next_min_lb=0.710571, open_nodes_before=1, open_nodes_after=1 complete=false, lower_bound_valid=true, certified_by_bound=false, tree_closed=false, bound_fathomed=false, empty_interval=false, has_incumbent=false, tree_lb=0.489405, interval_lb=0.681925, inventory_relax_lb=0.678638, resource_lb=0.180148, incumbent_cutoff=0.780793, early_stop_target=0.710571, nodes=1, columns=1004, pricing_calls=1, pricing_time=0.698457, master_time=8.39223, bound_time=0, cuts_added=0, open_nodes=1; adaptive pass 2 defers interval 8 for the remainder of this pass because retry made no valid lower-bound progress; route-pool incumbent master before_final_frontier_summary found verified incumbent objective=0.780793, states=178756, time=0.157196; UB only, no lower-bound certificate; frontier_interval_ledger: interval_id=0, range=[0,0.229167], status=bound_fathomed, interval_lb=1.00822, cheap_prepass_lb=0.065587, cheap_sources=gamma_floor|movement_domain|penalty_domain|projection_bound, lb_source=inventory_route_gini_relaxation, lb_sources=gamma_floor|cheap_projection_bound|inventory_route_gini_relaxation, complete_or_fathomed=true, open_nodes=0, pricing_closed=false, certificate_basis=inventory_route_gini_relaxation_fathomed, requires_pricing_closure=false, pricing_closure_available=false, interval_bound_valid=true; frontier_interval_ledger: interval_id=1, range=[0.229167,0.458333], status=bound_fathomed, interval_lb=1.00822, cheap_prepass_lb=0.260238, cheap_sources=gamma_floor|movement_domain|penalty_domain|projection_bound, lb_source=inventory_route_gini_relaxation, lb_sources=gamma_floor|cheap_projection_bound|inventory_route_gini_relaxation, complete_or_fathomed=true, open_nodes=0, pricing_closed=false, certificate_basis=inventory_route_gini_relaxation_fathomed, requires_pricing_closure=false, pricing_closure_available=false, interval_bound_valid=true; frontier_interval_ledger: interval_id=3, range=[0.6875,0.916667], status=bound_fathomed, interval_lb=0.780793, cheap_prepass_lb=0.718571, cheap_sources=gamma_floor|movement_domain|penalty_domain|projection_bound, lb_source=inventory_route_gini_relaxation, lb_sources=gamma_floor|cheap_projection_bound|inventory_route_gini_relaxation, complete_or_fathomed=true, open_nodes=0, pricing_closed=false, certificate_basis=inventory_route_gini_relaxation_fathomed, requires_pricing_closure=false, pricing_closure_available=false, interval_bound_valid=true; frontier_interval_ledger: interval_id=5, range=[0.572917,0.6875], status=bound_fathomed, interval_lb=0.780793, cheap_prepass_lb=0, cheap_sources=gamma_floor, lb_source=inventory_route_gini_relaxation, lb_sources=gamma_floor|inventory_route_gini_relaxation, complete_or_fathomed=true, open_nodes=0, pricing_closed=false, certificate_basis=inventory_route_gini_relaxation_fathomed, requires_pricing_closure=false, pricing_closure_available=false, interval_bound_valid=true; frontier_interval_ledger: interval_id=7, range=[0.515625,0.572917], status=unresolved, interval_lb=0.7328, cheap_prepass_lb=0, cheap_sources=gamma_floor, lb_source=inventory_route_gini_relaxation, lb_sources=gamma_floor|inventory_route_gini_relaxation, complete_or_fathomed=false, open_nodes=1, pricing_closed=false, certificate_basis=unresolved, requires_pricing_closure=false, pricing_closure_available=false, interval_bound_valid=true; frontier_interval_ledger: interval_id=8, range=[0.458333,0.486979], status=unresolved, interval_lb=0.681925, cheap_prepass_lb=0, cheap_sources=gamma_floor, lb_source=gamma_floor, lb_sources=gamma_floor|inventory_route_gini_relaxation|branch_price_tree|branch_price_tree, complete_or_fathomed=false, open_nodes=1, pricing_closed=false, certificate_basis=unresolved, requires_pricing_closure=false, pricing_closure_available=false, interval_bound_valid=true; frontier_interval_ledger: interval_id=9, range=[0.486979,0.515625], status=unresolved, interval_lb=0.710571, cheap_prepass_lb=0, cheap_sources=gamma_floor, lb_source=inventory_route_gini_relaxation, lb_sources=gamma_floor|inventory_route_gini_relaxation, complete_or_fathomed=false, open_nodes=1, pricing_closed=false, certificate_basis=unresolved, requires_pricing_closure=false, pricing_closure_available=false, interval_bound_valid=true; frontier certification summary: closed_intervals=0, bound_certified_intervals=4, skipped_intervals=0, relevant_intervals=7, frontier_min_interval_lower_bound=0.681925, frontier_lower_bound_source=gamma_floor, unresolved_intervals=3, invalid_bound_intervals=0, final_full_objective_range=true, frontier_range_certificate_scope=original_full_improving_range, relevant_gini_upper_for_improvement=0.916667, covered_gini_upper_bound=0.916667; periodic progress log written to results\optimization_update_round15\raw\progress_v12_m2_full_relaxed_cg_300s.csv, checkpoints=18, interval_seconds=30.000000"
"regen_candidate_V12_M1_average.txt","v12_m1_full_exact_300s","gcap_frontier_not_closed","0.386764365884","0.3259809019","0.386764365884","0.157158904349","306.9251577","True","False","","elementary-only","elementary","13662898","2","0","0","0","0","0","0","0","0","0","0","0","0","False","","False","0","0","0","0","0","","0","0","0","0","False","0","0","False","0","","0","0","0","3","0","3","0.3259809019","gamma_floor","0",,,"13978193","2334","0.00133895874023","212.1806381","212.1806381","41.4782373","53.2178922","0","2","1168","results\optimization_update_round15\raw\progress_v12_m1_full_exact_300s.csv","results\optimization_update_round15\raw\v12_m1_full_exact_300s.json","logs\optimization_update_round15\v12_m1_full_exact_300s.log","parsed Hybrid GA text format; distances rebuilt from points at speed factor 1.5; Gamma-frontier diagnostic covers Gini intervals with fixed-Gini interval branch-price trees. It reports optimal only if every relevant interval is closed or bound-fathomed and the aggregated lower bound reaches the incumbent. Each interval also uses the valid trivial bound objective>=G>=interval_floor and a final-inventory pickup/route/Gini relaxation bound when it solves.; Optimization flags: column_dominance=true, column_dominance_mode=exact, projection_bound=true, penalty_domain_tightening=true, movement_domain_tightening=true, movement_bound_audit=false, frontier_best_bound_scheduling=true, frontier_relaxation_cache=true, frontier_focused_min_lb_retry=true, frontier_focused_intensification=true, frontier_focused_reserve_fraction=0.250000, frontier_focused_relax_seconds=5.000000, frontier_focused_max_passes=2, frontier_adaptive_split=true, frontier_adaptive_max_depth=3, frontier_adaptive_min_width=0.000100, frontier_adaptive_split_factor=2, route_pool_incumbent=true, route_pool_max_columns_per_vehicle=5000, pickup_drop_compat_flow=true, pickup_drop_transfer_cap_flow=true, vehicle_indexed_operation_relaxation=true, vehicle_indexed_relaxation_audit=false, vehicle_indexed_transfer_flow=true, support_duration_pruning=true, route_mask_support_duration_pruning=true, route_mask_operation_budget_cuts=true, support_duration_min_pickup_rule=ceil_half_support, support_duration_max_subset_size=5, support_feasibility_oracle=false, gcap_pricing_columns=1, frontier_column_cache=false, frontier_iterative_closure=false, frontier_iterative_max_rounds=2, frontier_iterative_round_time=60.000000, pricing_final_verifier=false, pricing_verifier_mode=auto, column_tracks=elementary-only, rmp_column_space=elementary, relaxed_columns_in_rmp=false, large_relaxed_rmp=false; BPC thread policy: requested_threads=1, bpc_workers=1, pricing_threads=1, parallel_frontier=false, parallel_nodes=false, hardware_concurrency=20; restricted-master CPLEX and inventory-bound CPLEX calls use one internal thread each; route-pool collected routes from initial empty incumbent: kept_before=0, kept_after=0, raw=0, removed_by_projection_dominance=0, dropped_by_cap=0; BPC-owned incumbent generator disabled; route-pool collected routes from verified incumbent after seed stage: kept_before=0, kept_after=0, raw=0, removed_by_projection_dominance=0, dropped_by_cap=0; frontier cover range=[0,0.493696], intervals=4, incumbent_objective=0.493696, incumbent_G=0.327623, gini_max_possible=0.916667, relevant_gini_upper_for_improvement=0.493696, frontier_covers_all_improving_gini_values=true, range_scope=original_full_improving_range; interval 0 inventory relaxation: inventory-route-Gini cutoff relaxation infeasible; no incumbent-improving solution exists in this interval: interval=[0,0.123424], pickup_limit=30, route_visit_cuts=singletons+subsets_up_to_12, integer_inventory_relaxation=true, station_flow_conservation=true, depot_return_capacity=true, station_operation_capacity=true, station_operation_mode_cuts=true, nonzero_visit_operation_cuts=true, route_mask_duration_load_relaxation=true, route_mask_max_v=12, route_mask_support_duration_pruning=true, route_mask_count_before_support_duration=4095, route_mask_count_after_support_duration=4095, route_masks_removed_by_support_duration=0, route_mask_support_duration_max_removed_subset_size=0, route_mask_operation_budget_cuts=true, route_mask_operation_budget_cuts_added=1, route_mask_operation_budget_min=14, route_mask_operation_budget_avg=19.0239, route_mask_operation_budget_max=29, route_mask_operation_budget_tightened_masks=4095, route_mask_operation_budget_zero_masks=0, operation_budget_example={vehicle=0, mask=1, popcount=1, cycle_lb=547.658, pickup_budget=25, route_limit=3600}, operation_budget_example={vehicle=0, mask=2, popcount=1, cycle_lb=446.486, pickup_budget=26, route_limit=3600}, operation_budget_example={vehicle=0, mask=3, popcount=2, cycle_lb=833.916, pickup_budget=23, route_limit=3600}, operation_budget_example={vehicle=0, mask=4, popcount=1, cycle_lb=364.254, pickup_budget=26, route_limit=3600}, operation_budget_example={vehicle=0, mask=5, popcount=2, cycle_lb=595.476, pickup_budget=25, route_limit=3600}, operation_budget_example={vehicle=0, mask=6, popcount=2, cycle_lb=742.036, pickup_budget=23, route_limit=3600}, operation_budget_example={vehicle=0, mask=7, popcount=3, cycle_lb=881.735, pickup_budget=22, route_limit=3600}, operation_budget_example={vehicle=0, mask=8, popcount=1, cycle_lb=247.228, pickup_budget=27, route_limit=3600}, pickup_drop_compat_flow=true, pickup_drop_pairs_total=132, pickup_drop_pairs_compatible=132, pickup_drop_pairs_incompatible=0, pickup_drop_pairs_capacity_limited=45, pickup_drop_transfer_cap_min=5, pickup_drop_transfer_cap_avg=14.8712, pickup_drop_transfer_cap_max=27, pickup_drop_transfer_cap_variables=132, pickup_drop_transfer_cap_constraints=132, pickup_drop_compat_flow_variables=144, pickup_drop_compat_flow_constraints=24, vehicle_indexed_operation_relaxation=true, vehicle_indexed_y_variables=12, vehicle_indexed_pickup_variables=12, vehicle_indexed_drop_variables=12, vehicle_indexed_linking_constraints=48, vehicle_indexed_balance_constraints=2, vehicle_indexed_operation_budget_constraints=1, vehicle_indexed_transfer_flow=true, vehicle_transfer_flow_variables=132, vehicle_transfer_depot_unload_variables=12, vehicle_transfer_flow_balance_constraints=24, vehicle_transfer_mask_linking_constraints=144, vehicle_transfer_pairs_total=132, vehicle_transfer_pairs_zero_cap=0, vehicle_transfer_pairs_capacity_limited=45, vehicle_transfer_cap_min=5, vehicle_transfer_cap_avg=14.8712, vehicle_transfer_cap_max=27, incompatible_pair_example={capacity_limited_pair={pickup=1, drop=3, cap=25, loose_cap=26, path_lb=595.476, route_limit=3600}}, incompatible_pair_example={capacity_limited_pair={pickup=1, drop=4, cap=24, loose_cap=30, path_lb=635.186, route_limit=3600}}, incompatible_pair_example={capacity_limited_pair={pickup=1, drop=6, cap=21, loose_cap=30, path_lb=987.856, route_limit=3600}}, incompatible_pair_example={capacity_limited_pair={pickup=1, drop=10, cap=23, loose_cap=30, path_lb=720.951, route_limit=3600}}, incompatible_pair_example={capacity_limited_pair={pickup=1, drop=11, cap=21, loose_cap=26, path_lb=1074.92, route_limit=3600}}, incompatible_pair_example={capacity_limited_pair={pickup=1, drop=12, cap=21, loose_cap=30, path_lb=1006.74, route_limit=3600}}, incompatible_pair_example={capacity_limited_pair={pickup=2, drop=3, cap=23, loose_cap=26, path_lb=742.036, route_limit=3600}}, incompatible_pair_example={capacity_limited_pair={pickup=2, drop=4, cap=26, loose_cap=30, path_lb=469.01, route_limit=3600}}, incompatible_pair_example={vehicle_capacity_limited_pair={vehicle=0, pickup=1, drop=3, cap=25, loose_cap=26, path_lb=595.476, route_limit=3600}}, incompatible_pair_example={vehicle_capacity_limited_pair={vehicle=0, pickup=1, drop=4, cap=24, loose_cap=30, path_lb=635.186, route_limit=3600}}, incompatible_pair_example={vehicle_capacity_limited_pair={vehicle=0, pickup=1, drop=6, cap=21, loose_cap=30, path_lb=987.856, route_limit=3600}}, incompatible_pair_example={vehicle_capacity_limited_pair={vehicle=0, pickup=1, drop=10, cap=23, loose_cap=30, path_lb=720.951, route_limit=3600}}, incompatible_pair_example={vehicle_capacity_limited_pair={vehicle=0, pickup=1, drop=11, cap=21, loose_cap=26, path_lb=1074.92, route_limit=3600}}, incompatible_pair_example={vehicle_capacity_limited_pair={vehicle=0, pickup=1, drop=12, cap=21, loose_cap=30, path_lb=1006.74, route_limit=3600}}, incompatible_pair_example={vehicle_capacity_limited_pair={vehicle=0, pickup=2, drop=3, cap=23, loose_cap=26, path_lb=742.036, route_limit=3600}}, incompatible_pair_example={vehicle_capacity_limited_pair={vehicle=0, pickup=2, drop=4, cap=26, loose_cap=30, path_lb=469.01, route_limit=3600}}, incumbent_cutoff_bound=true, penalty_budget=3.29130702575, min_station_bikes=330, objective_lb=0.493696, lp=results\bound_work\regen_candidate_V12_M1_average_1782142223541652500_15729502191765196471\inventory_gini_bound.lp, pickup_drop_compat_flow_audit_selected=compat, compat_lb=0.493696, no_compat_lb=0.493696, bound_time=29.043082; interval 0 bound-fathomed by final-inventory relaxation before branch-price tree; interval 1 inventory relaxation: inventory-route-Gini integer relaxation time-limited; using valid CPLEX MIP best bound: interval=[0.123424,0.246848], pickup_limit=30, route_visit_cuts=singletons+subsets_up_to_12, integer_inventory_relaxation=true, station_flow_conservation=true, depot_return_capacity=true, station_operation_capacity=true, station_operation_mode_cuts=true, nonzero_visit_operation_cuts=true, route_mask_duration_load_relaxation=true, route_mask_max_v=12, route_mask_support_duration_pruning=true, route_mask_count_before_support_duration=4095, route_mask_count_after_support_duration=4095, route_masks_removed_by_support_duration=0, route_mask_support_duration_max_removed_subset_size=0, route_mask_operation_budget_cuts=true, route_mask_operation_budget_cuts_added=1, route_mask_operation_budget_min=14, route_mask_operation_budget_avg=19.0239, route_mask_operation_budget_max=29, route_mask_operation_budget_tightened_masks=4095, route_mask_operation_budget_zero_masks=0, operation_budget_example={vehicle=0, mask=1, popcount=1, cycle_lb=547.658, pickup_budget=25, route_limit=3600}, operation_budget_example={vehicle=0, mask=2, popcount=1, cycle_lb=446.486, pickup_budget=26, route_limit=3600}, operation_budget_example={vehicle=0, mask=3, popcount=2, cycle_lb=833.916, pickup_budget=23, route_limit=3600}, operation_budget_example={vehicle=0, mask=4, popcount=1, cycle_lb=364.254, pickup_budget=26, route_limit=3600}, operation_budget_example={vehicle=0, mask=5, popcount=2, cycle_lb=595.476, pickup_budget=25, route_limit=3600}, operation_budget_example={vehicle=0, mask=6, popcount=2, cycle_lb=742.036, pickup_budget=23, route_limit=3600}, operation_budget_example={vehicle=0, mask=7, popcount=3, cycle_lb=881.735, pickup_budget=22, route_limit=3600}, operation_budget_example={vehicle=0, mask=8, popcount=1, cycle_lb=247.228, pickup_budget=27, route_limit=3600}, pickup_drop_compat_flow=false, pickup_drop_pairs_total=0, pickup_drop_pairs_compatible=0, pickup_drop_pairs_incompatible=0, pickup_drop_pairs_capacity_limited=0, pickup_drop_transfer_cap_min=0, pickup_drop_transfer_cap_avg=0, pickup_drop_transfer_cap_max=0, pickup_drop_transfer_cap_variables=0, pickup_drop_transfer_cap_constraints=0, pickup_drop_compat_flow_variables=0, pickup_drop_compat_flow_constraints=0, vehicle_indexed_operation_relaxation=true, vehicle_indexed_y_variables=12, vehicle_indexed_pickup_variables=12, vehicle_indexed_drop_variables=12, vehicle_indexed_linking_constraints=48, vehicle_indexed_balance_constraints=2, vehicle_indexed_operation_budget_constraints=1, vehicle_indexed_transfer_flow=false, vehicle_transfer_flow_variables=0, vehicle_transfer_depot_unload_variables=0, vehicle_transfer_flow_balance_constraints=0, vehicle_transfer_mask_linking_constraints=0, vehicle_transfer_pairs_total=0, vehicle_transfer_pairs_zero_cap=0, vehicle_transfer_pairs_capacity_limited=0, vehicle_transfer_cap_min=0, vehicle_transfer_cap_avg=0, vehicle_transfer_cap_max=0, incumbent_cutoff_bound=true, penalty_budget=2.46848026931, penalty_domain_tightening=true, domains_tightened=0, domain_width_before=479, domain_width_after=479, projection_bound_enabled=true, projection_bound_valid=true, projection_bound_lb=0.127862, projection_bound_scope=global, min_station_bikes=330, s_upper=24.9745, objective_lb=0.260427, status=time limit exceeded, lp=results\bound_work\regen_candidate_V12_M1_average_1782142271560325400_15729502191765196471\inventory_gini_bound.lp, pickup_drop_compat_flow_audit_selected=no_compat, compat_lb=0.253255, no_compat_lb=0.260427, bound_time=37.878300; route-pool collected BPC columns from initial interval 1: exported_tree=1167, exported_pricing=584, exported_warmstart=583, exported_integer_leaves=0, kept_before=0, kept_after=584, raw=1167, removed_by_projection_dominance=583, dropped_by_cap=0; route-pool incumbent master after_initial_interval_1 found verified incumbent objective=0.386764, states=586, time=0.000325; UB only, no lower-bound certificate; accepted route-pool incumbent master incumbent for frontier cutoff only: objective=0.386764, G=0.286104, P=0.671072; route-pool collected routes from route-pool incumbent master: kept_before=584, kept_after=585, raw=1168, removed_by_projection_dominance=583, dropped_by_cap=0; interval 1 [0.123424,0.246848] complete=false, lower_bound_valid=true, certified_by_bound=false, empty_interval=false, has_incumbent=false, tree_lb=0.127862, interval_lb=0.260427, inventory_relax_lb=0.260427, resource_lb=0.0727378, incumbent_metric=inf, incumbent_cutoff=0.386764, nodes=1, columns=584, pricing_calls=2, pricing_time=24.8739, master_time=27.68, bound_time=37.8783, cuts_added=0, open_nodes=1; interval 2 inventory relaxation: inventory-route-Gini relaxation lower bound: interval=[0.246848,0.370272], pickup_limit=30, route_visit_cuts=singletons+subsets_up_to_12, integer_inventory_relaxation=true, station_flow_conservation=true, depot_return_capacity=true, station_operation_capacity=true, station_operation_mode_cuts=true, nonzero_visit_operation_cuts=true, route_mask_duration_load_relaxation=true, route_mask_max_v=12, route_mask_support_duration_pruning=true, route_mask_count_before_support_duration=4095, route_mask_count_after_support_duration=4095, route_masks_removed_by_support_duration=0, route_mask_support_duration_max_removed_subset_size=0, route_mask_operation_budget_cuts=true, route_mask_operation_budget_cuts_added=1, route_mask_operation_budget_min=14, route_mask_operation_budget_avg=19.0239, route_mask_operation_budget_max=29, route_mask_operation_budget_tightened_masks=4095, route_mask_operation_budget_zero_masks=0, operation_budget_example={vehicle=0, mask=1, popcount=1, cycle_lb=547.658, pickup_budget=25, route_limit=3600}, operation_budget_example={vehicle=0, mask=2, popcount=1, cycle_lb=446.486, pickup_budget=26, route_limit=3600}, operation_budget_example={vehicle=0, mask=3, popcount=2, cycle_lb=833.916, pickup_budget=23, route_limit=3600}, operation_budget_example={vehicle=0, mask=4, popcount=1, cycle_lb=364.254, pickup_budget=26, route_limit=3600}, operation_budget_example={vehicle=0, mask=5, popcount=2, cycle_lb=595.476, pickup_budget=25, route_limit=3600}, operation_budget_example={vehicle=0, mask=6, popcount=2, cycle_lb=742.036, pickup_budget=23, route_limit=3600}, operation_budget_example={vehicle=0, mask=7, popcount=3, cycle_lb=881.735, pickup_budget=22, route_limit=3600}, operation_budget_example={vehicle=0, mask=8, popcount=1, cycle_lb=247.228, pickup_budget=27, route_limit=3600}, pickup_drop_compat_flow=true, pickup_drop_pairs_total=132, pickup_drop_pairs_compatible=132, pickup_drop_pairs_incompatible=0, pickup_drop_pairs_capacity_limited=45, pickup_drop_transfer_cap_min=5, pickup_drop_transfer_cap_avg=14.8712, pickup_drop_transfer_cap_max=27, pickup_drop_transfer_cap_variables=132, pickup_drop_transfer_cap_constraints=132, pickup_drop_compat_flow_variables=144, pickup_drop_compat_flow_constraints=24, vehicle_indexed_operation_relaxation=true, vehicle_indexed_y_variables=12, vehicle_indexed_pickup_variables=12, vehicle_indexed_drop_variables=12, vehicle_indexed_linking_constraints=48, vehicle_indexed_balance_constraints=2, vehicle_indexed_operation_budget_constraints=1, vehicle_indexed_transfer_flow=true, vehicle_transfer_flow_variables=132, vehicle_transfer_depot_unload_variables=12, vehicle_transfer_flow_balance_constraints=24, vehicle_transfer_mask_linking_constraints=144, vehicle_transfer_pairs_total=132, vehicle_transfer_pairs_zero_cap=0, vehicle_transfer_pairs_capacity_limited=45, vehicle_transfer_cap_min=5, vehicle_transfer_cap_avg=14.8712, vehicle_transfer_cap_max=27, incompatible_pair_example={capacity_limited_pair={pickup=1, drop=3, cap=25, loose_cap=26, path_lb=595.476, route_limit=3600}}, incompatible_pair_example={capacity_limited_pair={pickup=1, drop=4, cap=24, loose_cap=30, path_lb=635.186, route_limit=3600}}, incompatible_pair_example={capacity_limited_pair={pickup=1, drop=6, cap=21, loose_cap=30, path_lb=987.856, route_limit=3600}}, incompatible_pair_example={capacity_limited_pair={pickup=1, drop=10, cap=23, loose_cap=30, path_lb=720.951, route_limit=3600}}, incompatible_pair_example={capacity_limited_pair={pickup=1, drop=11, cap=21, loose_cap=26, path_lb=1074.92, route_limit=3600}}, incompatible_pair_example={capacity_limited_pair={pickup=1, drop=12, cap=21, loose_cap=30, path_lb=1006.74, route_limit=3600}}, incompatible_pair_example={capacity_limited_pair={pickup=2, drop=3, cap=23, loose_cap=26, path_lb=742.036, route_limit=3600}}, incompatible_pair_example={capacity_limited_pair={pickup=2, drop=4, cap=26, loose_cap=30, path_lb=469.01, route_limit=3600}}, incompatible_pair_example={vehicle_capacity_limited_pair={vehicle=0, pickup=1, drop=3, cap=25, loose_cap=26, path_lb=595.476, route_limit=3600}}, incompatible_pair_example={vehicle_capacity_limited_pair={vehicle=0, pickup=1, drop=4, cap=24, loose_cap=30, path_lb=635.186, route_limit=3600}}, incompatible_pair_example={vehicle_capacity_limited_pair={vehicle=0, pickup=1, drop=6, cap=21, loose_cap=30, path_lb=987.856, route_limit=3600}}, incompatible_pair_example={vehicle_capacity_limited_pair={vehicle=0, pickup=1, drop=10, cap=23, loose_cap=30, path_lb=720.951, route_limit=3600}}, incompatible_pair_example={vehicle_capacity_limited_pair={vehicle=0, pickup=1, drop=11, cap=21, loose_cap=26, path_lb=1074.92, route_limit=3600}}, incompatible_pair_example={vehicle_capacity_limited_pair={vehicle=0, pickup=1, drop=12, cap=21, loose_cap=30, path_lb=1006.74, route_limit=3600}}, incompatible_pair_example={vehicle_capacity_limited_pair={vehicle=0, pickup=2, drop=3, cap=23, loose_cap=26, path_lb=742.036, route_limit=3600}}, incompatible_pair_example={vehicle_capacity_limited_pair={vehicle=0, pickup=2, drop=4, cap=26, loose_cap=30, path_lb=469.01, route_limit=3600}}, incumbent_cutoff_bound=true, penalty_budget=0.932775593015, penalty_domain_tightening=true, domains_tightened=0, domain_width_before=479, domain_width_after=479, projection_bound_enabled=true, projection_bound_valid=true, projection_bound_lb=0.251286, projection_bound_scope=global, min_station_bikes=330, s_upper=22.1228, objective_lb=0.340011, status=integer optimal solution, lp=results\bound_work\regen_candidate_V12_M1_average_1782142343041299900_15729502191765196471\inventory_gini_bound.lp, pickup_drop_compat_flow_audit_selected=compat, compat_lb=0.340011, no_compat_lb=0.340011, bound_time=15.574859; route-pool collected BPC columns from initial interval 2: exported_tree=1167, exported_pricing=584, exported_warmstart=583, exported_integer_leaves=0, kept_before=585, kept_after=586, raw=2335, removed_by_projection_dominance=1749, dropped_by_cap=0; route-pool incumbent master after_initial_interval_2 found verified incumbent objective=0.386764, states=588, time=0.000319; UB only, no lower-bound certificate; interval candidate audit source=initial interval 2, candidate_true_G=0.286104, candidate_true_P=0.671072, candidate_true_objective=0.386764, candidate_surrogate_metric=0.347509, candidate_interval_membership=true, candidate_verifier_passed=true, candidate_rejection_reason=rejected_true_objective_not_improving; route-pool incumbent master after_initial_interval_2 found verified incumbent objective=0.386764, states=588, time=0.000316; UB only, no lower-bound certificate; interval 2 [0.246848,0.370272] complete=false, lower_bound_valid=true, certified_by_bound=false, empty_interval=false, has_incumbent=true, tree_lb=0.251286, interval_lb=0.340011, inventory_relax_lb=0.340011, resource_lb=0.0727378, incumbent_metric=0.347509, incumbent_cutoff=0.386764, nodes=1, columns=584, pricing_calls=2, pricing_time=28.344, master_time=13.7983, bound_time=15.5749, cuts_added=0, open_nodes=1; interval 3 inventory relaxation: inventory-route-Gini cutoff relaxation infeasible; no incumbent-improving solution exists in this interval: interval=[0.370272,0.493696], pickup_limit=30, route_visit_cuts=singletons+subsets_up_to_12, integer_inventory_relaxation=true, station_flow_conservation=true, depot_return_capacity=true, station_operation_capacity=true, station_operation_mode_cuts=true, nonzero_visit_operation_cuts=true, route_mask_duration_load_relaxation=true, route_mask_max_v=12, route_mask_support_duration_pruning=true, route_mask_count_before_support_duration=4095, route_mask_count_after_support_duration=4095, route_masks_removed_by_support_duration=0, route_mask_support_duration_max_removed_subset_size=0, route_mask_operation_budget_cuts=true, route_mask_operation_budget_cuts_added=1, route_mask_operation_budget_min=14, route_mask_operation_budget_avg=19.0239, route_mask_operation_budget_max=29, route_mask_operation_budget_tightened_masks=4095, route_mask_operation_budget_zero_masks=0, operation_budget_example={vehicle=0, mask=1, popcount=1, cycle_lb=547.658, pickup_budget=25, route_limit=3600}, operation_budget_example={vehicle=0, mask=2, popcount=1, cycle_lb=446.486, pickup_budget=26, route_limit=3600}, operation_budget_example={vehicle=0, mask=3, popcount=2, cycle_lb=833.916, pickup_budget=23, route_limit=3600}, operation_budget_example={vehicle=0, mask=4, popcount=1, cycle_lb=364.254, pickup_budget=26, route_limit=3600}, operation_budget_example={vehicle=0, mask=5, popcount=2, cycle_lb=595.476, pickup_budget=25, route_limit=3600}, operation_budget_example={vehicle=0, mask=6, popcount=2, cycle_lb=742.036, pickup_budget=23, route_limit=3600}, operation_budget_example={vehicle=0, mask=7, popcount=3, cycle_lb=881.735, pickup_budget=22, route_limit=3600}, operation_budget_example={vehicle=0, mask=8, popcount=1, cycle_lb=247.228, pickup_budget=27, route_limit=3600}, pickup_drop_compat_flow=true, pickup_drop_pairs_total=132, pickup_drop_pairs_compatible=132, pickup_drop_pairs_incompatible=0, pickup_drop_pairs_capacity_limited=45, pickup_drop_transfer_cap_min=5, pickup_drop_transfer_cap_avg=14.8712, pickup_drop_transfer_cap_max=27, pickup_drop_transfer_cap_variables=132, pickup_drop_transfer_cap_constraints=132, pickup_drop_compat_flow_variables=144, pickup_drop_compat_flow_constraints=24, vehicle_indexed_operation_relaxation=true, vehicle_indexed_y_variables=12, vehicle_indexed_pickup_variables=12, vehicle_indexed_drop_variables=12, vehicle_indexed_linking_constraints=48, vehicle_indexed_balance_constraints=2, vehicle_indexed_operation_budget_constraints=1, vehicle_indexed_transfer_flow=true, vehicle_transfer_flow_variables=132, vehicle_transfer_depot_unload_variables=12, vehicle_transfer_flow_balance_constraints=24, vehicle_transfer_mask_linking_constraints=144, vehicle_transfer_pairs_total=132, vehicle_transfer_pairs_zero_cap=0, vehicle_transfer_pairs_capacity_limited=45, vehicle_transfer_cap_min=5, vehicle_transfer_cap_avg=14.8712, vehicle_transfer_cap_max=27, incompatible_pair_example={capacity_limited_pair={pickup=1, drop=3, cap=25, loose_cap=26, path_lb=595.476, route_limit=3600}}, incompatible_pair_example={capacity_limited_pair={pickup=1, drop=4, cap=24, loose_cap=30, path_lb=635.186, route_limit=3600}}, incompatible_pair_example={capacity_limited_pair={pickup=1, drop=6, cap=21, loose_cap=30, path_lb=987.856, route_limit=3600}}, incompatible_pair_example={capacity_limited_pair={pickup=1, drop=10, cap=23, loose_cap=30, path_lb=720.951, route_limit=3600}}, incompatible_pair_example={capacity_limited_pair={pickup=1, drop=11, cap=21, loose_cap=26, path_lb=1074.92, route_limit=3600}}, incompatible_pair_example={capacity_limited_pair={pickup=1, drop=12, cap=21, loose_cap=26, path_lb=1006.74, route_limit=3600}}, incompatible_pair_example={capacity_limited_pair={pickup=2, drop=3, cap=23, loose_cap=26, path_lb=742.036, route_limit=3600}}, incompatible_pair_example={capacity_limited_pair={pickup=2, drop=4, cap=26, loose_cap=30, path_lb=469.01, route_limit=3600}}, incompatible_pair_example={vehicle_capacity_limited_pair={vehicle=0, pickup=1, drop=3, cap=25, loose_cap=26, path_lb=595.476, route_limit=3600}}, incompatible_pair_example={vehicle_capacity_limited_pair={vehicle=0, pickup=1, drop=4, cap=24, loose_cap=30, path_lb=635.186, route_limit=3600}}, incompatible_pair_example={vehicle_capacity_limited_pair={vehicle=0, pickup=1, drop=6, cap=21, loose_cap=30, path_lb=987.856, route_limit=3600}}, incompatible_pair_example={vehicle_capacity_limited_pair={vehicle=0, pickup=1, drop=10, cap=23, loose_cap=30, path_lb=720.951, route_limit=3600}}, incompatible_pair_example={vehicle_capacity_limited_pair={vehicle=0, pickup=1, drop=11, cap=21, loose_cap=26, path_lb=1074.92, route_limit=3600}}, incompatible_pair_example={vehicle_capacity_limited_pair={vehicle=0, pickup=1, drop=12, cap=21, loose_cap=26, path_lb=1006.74, route_limit=3600}}, incompatible_pair_example={vehicle_capacity_limited_pair={vehicle=0, pickup=2, drop=3, cap=23, loose_cap=26, path_lb=742.036, route_limit=3600}}, incompatible_pair_example={vehicle_capacity_limited_pair={vehicle=0, pickup=2, drop=4, cap=26, loose_cap=30, path_lb=469.01, route_limit=3600}}, incumbent_cutoff_bound=true, penalty_budget=0.109948836578, min_station_bikes=330, objective_lb=0.386764, lp=results\bound_work\regen_candidate_V12_M1_average_1782142400781212600_15729502191765196471\inventory_gini_bound.lp, pickup_drop_compat_flow_audit_selected=compat, compat_lb=0.386764, no_compat_lb=0.386764, bound_time=0.465802; interval 3 bound-fathomed by final-inventory relaxation before branch-price tree; adaptive frontier split pass 1 splitting 1 of 2 unresolved interval(s) by lowest current lower bound, split_batch=all; adaptive split pass 1 child interval 4 inventory relaxation: inventory-route-Gini cutoff relaxation infeasible; no incumbent-improving solution exists in this interval: interval=[0.123424,0.185136], pickup_limit=30, route_visit_cuts=singletons+subsets_up_to_12, integer_inventory_relaxation=true, station_flow_conservation=true, depot_return_capacity=true, station_operation_capacity=true, station_operation_mode_cuts=true, nonzero_visit_operation_cuts=true, route_mask_duration_load_relaxation=true, route_mask_max_v=12, route_mask_support_duration_pruning=true, route_mask_count_before_support_duration=4095, route_mask_count_after_support_duration=4095, route_masks_removed_by_support_duration=0, route_mask_support_duration_max_removed_subset_size=0, route_mask_operation_budget_cuts=true, route_mask_operation_budget_cuts_added=1, route_mask_operation_budget_min=14, route_mask_operation_budget_avg=19.0239, route_mask_operation_budget_max=29, route_mask_operation_budget_tightened_masks=4095, route_mask_operation_budget_zero_masks=0, operation_budget_example={vehicle=0, mask=1, popcount=1, cycle_lb=547.658, pickup_budget=25, route_limit=3600}, operation_budget_example={vehicle=0, mask=2, popcount=1, cycle_lb=446.486, pickup_budget=26, route_limit=3600}, operation_budget_example={vehicle=0, mask=3, popcount=2, cycle_lb=833.916, pickup_budget=23, route_limit=3600}, operation_budget_example={vehicle=0, mask=4, popcount=1, cycle_lb=364.254, pickup_budget=26, route_limit=3600}, operation_budget_example={vehicle=0, mask=5, popcount=2, cycle_lb=595.476, pickup_budget=25, route_limit=3600}, operation_budget_example={vehicle=0, mask=6, popcount=2, cycle_lb=742.036, pickup_budget=23, route_limit=3600}, operation_budget_example={vehicle=0, mask=7, popcount=3, cycle_lb=881.735, pickup_budget=22, route_limit=3600}, operation_budget_example={vehicle=0, mask=8, popcount=1, cycle_lb=247.228, pickup_budget=27, route_limit=3600}, pickup_drop_compat_flow=true, pickup_drop_pairs_total=132, pickup_drop_pairs_compatible=132, pickup_drop_pairs_incompatible=0, pickup_drop_pairs_capacity_limited=45, pickup_drop_transfer_cap_min=5, pickup_drop_transfer_cap_avg=14.8712, pickup_drop_transfer_cap_max=27, pickup_drop_transfer_cap_variables=132, pickup_drop_transfer_cap_constraints=132, pickup_drop_compat_flow_variables=144, pickup_drop_compat_flow_constraints=24, vehicle_indexed_operation_relaxation=true, vehicle_indexed_y_variables=12, vehicle_indexed_pickup_variables=12, vehicle_indexed_drop_variables=12, vehicle_indexed_linking_constraints=48, vehicle_indexed_balance_constraints=2, vehicle_indexed_operation_budget_constraints=1, vehicle_indexed_transfer_flow=true, vehicle_transfer_flow_variables=132, vehicle_transfer_depot_unload_variables=12, vehicle_transfer_flow_balance_constraints=24, vehicle_transfer_mask_linking_constraints=144, vehicle_transfer_pairs_total=132, vehicle_transfer_pairs_zero_cap=0, vehicle_transfer_pairs_capacity_limited=45, vehicle_transfer_cap_min=5, vehicle_transfer_cap_avg=14.8712, vehicle_transfer_cap_max=27, incompatible_pair_example={capacity_limited_pair={pickup=1, drop=3, cap=25, loose_cap=26, path_lb=595.476, route_limit=3600}}, incompatible_pair_example={capacity_limited_pair={pickup=1, drop=4, cap=24, loose_cap=30, path_lb=635.186, route_limit=3600}}, incompatible_pair_example={capacity_limited_pair={pickup=1, drop=6, cap=21, loose_cap=30, path_lb=987.856, route_limit=3600}}, incompatible_pair_example={capacity_limited_pair={pickup=1, drop=10, cap=23, loose_cap=30, path_lb=720.951, route_limit=3600}}, incompatible_pair_example={capacity_limited_pair={pickup=1, drop=11, cap=21, loose_cap=26, path_lb=1074.92, route_limit=3600}}, incompatible_pair_example={capacity_limited_pair={pickup=1, drop=12, cap=21, loose_cap=30, path_lb=1006.74, route_limit=3600}}, incompatible_pair_example={capacity_limited_pair={pickup=2, drop=3, cap=23, loose_cap=26, path_lb=742.036, route_limit=3600}}, incompatible_pair_example={capacity_limited_pair={pickup=2, drop=4, cap=26, loose_cap=30, path_lb=469.01, route_limit=3600}}, incompatible_pair_example={vehicle_capacity_limited_pair={vehicle=0, pickup=1, drop=3, cap=25, loose_cap=26, path_lb=595.476, route_limit=3600}}, incompatible_pair_example={vehicle_capacity_limited_pair={vehicle=0, pickup=1, drop=4, cap=24, loose_cap=30, path_lb=635.186, route_limit=3600}}, incompatible_pair_example={vehicle_capacity_limited_pair={vehicle=0, pickup=1, drop=6, cap=21, loose_cap=30, path_lb=987.856, route_limit=3600}}, incompatible_pair_example={vehicle_capacity_limited_pair={vehicle=0, pickup=1, drop=10, cap=23, loose_cap=30, path_lb=720.951, route_limit=3600}}, incompatible_pair_example={vehicle_capacity_limited_pair={vehicle=0, pickup=1, drop=11, cap=21, loose_cap=26, path_lb=1074.92, route_limit=3600}}, incompatible_pair_example={vehicle_capacity_limited_pair={vehicle=0, pickup=1, drop=12, cap=21, loose_cap=30, path_lb=1006.74, route_limit=3600}}, incompatible_pair_example={vehicle_capacity_limited_pair={vehicle=0, pickup=2, drop=3, cap=23, loose_cap=26, path_lb=742.036, route_limit=3600}}, incompatible_pair_example={vehicle_capacity_limited_pair={vehicle=0, pickup=2, drop=4, cap=26, loose_cap=30, path_lb=469.01, route_limit=3600}}, incumbent_cutoff_bound=true, penalty_budget=1.75560234945, min_station_bikes=330, objective_lb=0.386764, lp=results\bound_work\regen_candidate_V12_M1_average_1782142401247067700_15729502191765196471\inventory_gini_bound.lp, pickup_drop_compat_flow_audit_selected=compat, compat_lb=0.386764, no_compat_lb=0.386764, bound_time=24.521491; adaptive split pass 1 child interval 4 bound-fathomed by inherited/relaxation lower bound; adaptive split pass 1 child interval 5 inventory relaxation: inventory-route-Gini integer relaxation time-limited; using valid CPLEX MIP best bound: interval=[0.185136,0.246848], pickup_limit=30, route_visit_cuts=singletons+subsets_up_to_12, integer_inventory_relaxation=true, station_flow_conservation=true, depot_return_capacity=true, station_operation_capacity=true, station_operation_mode_cuts=true, nonzero_visit_operation_cuts=true, route_mask_duration_load_relaxation=true, route_mask_max_v=12, route_mask_support_duration_pruning=true, route_mask_count_before_support_duration=4095, route_mask_count_after_support_duration=4095, route_masks_removed_by_support_duration=0, route_mask_support_duration_max_removed_subset_size=0, route_mask_operation_budget_cuts=true, route_mask_operation_budget_cuts_added=1, route_mask_operation_budget_min=14, route_mask_operation_budget_avg=19.0239, route_mask_operation_budget_max=29, route_mask_operation_budget_tightened_masks=4095, route_mask_operation_budget_zero_masks=0, operation_budget_example={vehicle=0, mask=1, popcount=1, cycle_lb=547.658, pickup_budget=25, route_limit=3600}, operation_budget_example={vehicle=0, mask=2, popcount=1, cycle_lb=446.486, pickup_budget=26, route_limit=3600}, operation_budget_example={vehicle=0, mask=3, popcount=2, cycle_lb=833.916, pickup_budget=23, route_limit=3600}, operation_budget_example={vehicle=0, mask=4, popcount=1, cycle_lb=364.254, pickup_budget=26, route_limit=3600}, operation_budget_example={vehicle=0, mask=5, popcount=2, cycle_lb=595.476, pickup_budget=25, route_limit=3600}, operation_budget_example={vehicle=0, mask=6, popcount=2, cycle_lb=742.036, pickup_budget=23, route_limit=3600}, operation_budget_example={vehicle=0, mask=7, popcount=3, cycle_lb=881.735, pickup_budget=22, route_limit=3600}, operation_budget_example={vehicle=0, mask=8, popcount=1, cycle_lb=247.228, pickup_budget=27, route_limit=3600}, pickup_drop_compat_flow=false, pickup_drop_pairs_total=0, pickup_drop_pairs_compatible=0, pickup_drop_pairs_incompatible=0, pickup_drop_pairs_capacity_limited=0, pickup_drop_transfer_cap_min=0, pickup_drop_transfer_cap_avg=0, pickup_drop_transfer_cap_max=0, pickup_drop_transfer_cap_variables=0, pickup_drop_transfer_cap_constraints=0, pickup_drop_compat_flow_variables=0, pickup_drop_compat_flow_constraints=0, vehicle_indexed_operation_relaxation=true, vehicle_indexed_y_variables=12, vehicle_indexed_pickup_variables=12, vehicle_indexed_drop_variables=12, vehicle_indexed_linking_constraints=48, vehicle_indexed_balance_constraints=2, vehicle_indexed_operation_budget_constraints=1, vehicle_indexed_transfer_flow=false, vehicle_transfer_flow_variables=0, vehicle_transfer_depot_unload_variables=0, vehicle_transfer_flow_balance_constraints=0, vehicle_transfer_mask_linking_constraints=0, vehicle_transfer_pairs_total=0, vehicle_transfer_pairs_zero_cap=0, vehicle_transfer_pairs_capacity_limited=0, vehicle_transfer_cap_min=0, vehicle_transfer_cap_avg=0, vehicle_transfer_cap_max=0, incumbent_cutoff_bound=true, penalty_budget=1.34418897123, penalty_domain_tightening=true, domains_tightened=0, domain_width_before=479, domain_width_after=479, projection_bound_enabled=true, projection_bound_valid=true, projection_bound_lb=0.189574, projection_bound_scope=global, min_station_bikes=330, s_upper=23.0472, objective_lb=0.295525, status=time limit exceeded, lp=results\bound_work\regen_candidate_V12_M1_average_1782142440811136900_15729502191765196471\inventory_gini_bound.lp, pickup_drop_compat_flow_audit_selected=no_compat, compat_lb=0.294173, no_compat_lb=0.295525, bound_time=30.081466; adaptive frontier split pass 2 splitting 1 of 2 unresolved interval(s) by lowest current lower bound, split_batch=all; adaptive split pass 2 child interval 6 inventory relaxation: inventory-route-Gini cutoff relaxation infeasible; no incumbent-improving solution exists in this interval: interval=[0.185136,0.215992], pickup_limit=30, route_visit_cuts=singletons+subsets_up_to_12, integer_inventory_relaxation=true, station_flow_conservation=true, depot_return_capacity=true, station_operation_capacity=true, station_operation_mode_cuts=true, nonzero_visit_operation_cuts=true, route_mask_duration_load_relaxation=true, route_mask_max_v=12, route_mask_support_duration_pruning=true, route_mask_count_before_support_duration=4095, route_mask_count_after_support_duration=4095, route_masks_removed_by_support_duration=0, route_mask_support_duration_max_removed_subset_size=0, route_mask_operation_budget_cuts=true, route_mask_operation_budget_cuts_added=1, route_mask_operation_budget_min=14, route_mask_operation_budget_avg=19.0239, route_mask_operation_budget_max=29, route_mask_operation_budget_tightened_masks=4095, route_mask_operation_budget_zero_masks=0, operation_budget_example={vehicle=0, mask=1, popcount=1, cycle_lb=547.658, pickup_budget=25, route_limit=3600}, operation_budget_example={vehicle=0, mask=2, popcount=1, cycle_lb=446.486, pickup_budget=26, route_limit=3600}, operation_budget_example={vehicle=0, mask=3, popcount=2, cycle_lb=833.916, pickup_budget=23, route_limit=3600}, operation_budget_example={vehicle=0, mask=4, popcount=1, cycle_lb=364.254, pickup_budget=26, route_limit=3600}, operation_budget_example={vehicle=0, mask=5, popcount=2, cycle_lb=595.476, pickup_budget=25, route_limit=3600}, operation_budget_example={vehicle=0, mask=6, popcount=2, cycle_lb=742.036, pickup_budget=23, route_limit=3600}, operation_budget_example={vehicle=0, mask=7, popcount=3, cycle_lb=881.735, pickup_budget=22, route_limit=3600}, operation_budget_example={vehicle=0, mask=8, popcount=1, cycle_lb=247.228, pickup_budget=27, route_limit=3600}, pickup_drop_compat_flow=true, pickup_drop_pairs_total=132, pickup_drop_pairs_compatible=132, pickup_drop_pairs_incompatible=0, pickup_drop_pairs_capacity_limited=45, pickup_drop_transfer_cap_min=5, pickup_drop_transfer_cap_avg=14.8712, pickup_drop_transfer_cap_max=27, pickup_drop_transfer_cap_variables=132, pickup_drop_transfer_cap_constraints=132, pickup_drop_compat_flow_variables=144, pickup_drop_compat_flow_constraints=24, vehicle_indexed_operation_relaxation=true, vehicle_indexed_y_variables=12, vehicle_indexed_pickup_variables=12, vehicle_indexed_drop_variables=12, vehicle_indexed_linking_constraints=48, vehicle_indexed_balance_constraints=2, vehicle_indexed_operation_budget_constraints=1, vehicle_indexed_transfer_flow=true, vehicle_transfer_flow_variables=132, vehicle_transfer_depot_unload_variables=12, vehicle_transfer_flow_balance_constraints=24, vehicle_transfer_mask_linking_constraints=144, vehicle_transfer_pairs_total=132, vehicle_transfer_pairs_zero_cap=0, vehicle_transfer_pairs_capacity_limited=45, vehicle_transfer_cap_min=5, vehicle_transfer_cap_avg=14.8712, vehicle_transfer_cap_max=27, incompatible_pair_example={capacity_limited_pair={pickup=1, drop=3, cap=25, loose_cap=26, path_lb=595.476, route_limit=3600}}, incompatible_pair_example={capacity_limited_pair={pickup=1, drop=4, cap=24, loose_cap=30, path_lb=635.186, route_limit=3600}}, incompatible_pair_example={capacity_limited_pair={pickup=1, drop=6, cap=21, loose_cap=30, path_lb=987.856, route_limit=3600}}, incompatible_pair_example={capacity_limited_pair={pickup=1, drop=10, cap=23, loose_cap=30, path_lb=720.951, route_limit=3600}}, incompatible_pair_example={capacity_limited_pair={pickup=1, drop=11, cap=21, loose_cap=26, path_lb=1074.92, route_limit=3600}}, incompatible_pair_example={capacity_limited_pair={pickup=1, drop=12, cap=21, loose_cap=30, path_lb=1006.74, route_limit=3600}}, incompatible_pair_example={capacity_limited_pair={pickup=2, drop=3, cap=23, loose_cap=26, path_lb=742.036, route_limit=3600}}, incompatible_pair_example={capacity_limited_pair={pickup=2, drop=4, cap=26, loose_cap=30, path_lb=469.01, route_limit=3600}}, incompatible_pair_example={vehicle_capacity_limited_pair={vehicle=0, pickup=1, drop=3, cap=25, loose_cap=26, path_lb=595.476, route_limit=3600}}, incompatible_pair_example={vehicle_capacity_limited_pair={vehicle=0, pickup=1, drop=4, cap=24, loose_cap=30, path_lb=635.186, route_limit=3600}}, incompatible_pair_example={vehicle_capacity_limited_pair={vehicle=0, pickup=1, drop=6, cap=21, loose_cap=30, path_lb=987.856, route_limit=3600}}, incompatible_pair_example={vehicle_capacity_limited_pair={vehicle=0, pickup=1, drop=10, cap=23, loose_cap=30, path_lb=720.951, route_limit=3600}}, incompatible_pair_example={vehicle_capacity_limited_pair={vehicle=0, pickup=1, drop=11, cap=21, loose_cap=26, path_lb=1074.92, route_limit=3600}}, incompatible_pair_example={vehicle_capacity_limited_pair={vehicle=0, pickup=1, drop=12, cap=21, loose_cap=30, path_lb=1006.74, route_limit=3600}}, incompatible_pair_example={vehicle_capacity_limited_pair={vehicle=0, pickup=2, drop=3, cap=23, loose_cap=26, path_lb=742.036, route_limit=3600}}, incompatible_pair_example={vehicle_capacity_limited_pair={vehicle=0, pickup=2, drop=4, cap=26, loose_cap=30, path_lb=469.01, route_limit=3600}}, incumbent_cutoff_bound=true, penalty_budget=1.34418897123, min_station_bikes=330, objective_lb=0.386764, lp=results\bound_work\regen_candidate_V12_M1_average_1782142455850118400_15729502191765196471\inventory_gini_bound.lp, pickup_drop_compat_flow_audit_selected=compat, compat_lb=0.386764, no_compat_lb=0.386764, bound_time=29.972143; adaptive split pass 2 child interval 6 bound-fathomed by inherited/relaxation lower bound; adaptive split pass 2 child interval 7 inventory relaxation: inventory-route-Gini integer relaxation time-limited; using valid CPLEX MIP best bound: interval=[0.215992,0.246848], pickup_limit=30, route_visit_cuts=singletons+subsets_up_to_12, integer_inventory_relaxation=true, station_flow_conservation=true, depot_return_capacity=true, station_operation_capacity=true, station_operation_mode_cuts=true, nonzero_visit_operation_cuts=true, route_mask_duration_load_relaxation=true, route_mask_max_v=12, route_mask_support_duration_pruning=true, route_mask_count_before_support_duration=4095, route_mask_count_after_support_duration=4095, route_masks_removed_by_support_duration=0, route_mask_support_duration_max_removed_subset_size=0, route_mask_operation_budget_cuts=true, route_mask_operation_budget_cuts_added=1, route_mask_operation_budget_min=14, route_mask_operation_budget_avg=19.0239, route_mask_operation_budget_max=29, route_mask_operation_budget_tightened_masks=4095, route_mask_operation_budget_zero_masks=0, operation_budget_example={vehicle=0, mask=1, popcount=1, cycle_lb=547.658, pickup_budget=25, route_limit=3600}, operation_budget_example={vehicle=0, mask=2, popcount=1, cycle_lb=446.486, pickup_budget=26, route_limit=3600}, operation_budget_example={vehicle=0, mask=3, popcount=2, cycle_lb=833.916, pickup_budget=23, route_limit=3600}, operation_budget_example={vehicle=0, mask=4, popcount=1, cycle_lb=364.254, pickup_budget=26, route_limit=3600}, operation_budget_example={vehicle=0, mask=5, popcount=2, cycle_lb=595.476, pickup_budget=25, route_limit=3600}, operation_budget_example={vehicle=0, mask=6, popcount=2, cycle_lb=742.036, pickup_budget=23, route_limit=3600}, operation_budget_example={vehicle=0, mask=7, popcount=3, cycle_lb=881.735, pickup_budget=22, route_limit=3600}, operation_budget_example={vehicle=0, mask=8, popcount=1, cycle_lb=247.228, pickup_budget=27, route_limit=3600}, pickup_drop_compat_flow=false, pickup_drop_pairs_total=0, pickup_drop_pairs_compatible=0, pickup_drop_pairs_incompatible=0, pickup_drop_pairs_capacity_limited=0, pickup_drop_transfer_cap_min=0, pickup_drop_transfer_cap_avg=0, pickup_drop_transfer_cap_max=0, pickup_drop_transfer_cap_variables=0, pickup_drop_transfer_cap_constraints=0, pickup_drop_compat_flow_variables=0, pickup_drop_compat_flow_constraints=0, vehicle_indexed_operation_relaxation=true, vehicle_indexed_y_variables=12, vehicle_indexed_pickup_variables=12, vehicle_indexed_drop_variables=12, vehicle_indexed_linking_constraints=48, vehicle_indexed_balance_constraints=2, vehicle_indexed_operation_budget_constraints=1, vehicle_indexed_transfer_flow=false, vehicle_transfer_flow_variables=0, vehicle_transfer_depot_unload_variables=0, vehicle_transfer_flow_balance_constraints=0, vehicle_transfer_mask_linking_constraints=0, vehicle_transfer_pairs_total=0, vehicle_transfer_pairs_zero_cap=0, vehicle_transfer_pairs_capacity_limited=0, vehicle_transfer_cap_min=0, vehicle_transfer_cap_avg=0, vehicle_transfer_cap_max=0, incumbent_cutoff_bound=true, penalty_budget=1.13848228212, penalty_domain_tightening=true, domains_tightened=0, domain_width_before=479, domain_width_after=479, projection_bound_enabled=true, projection_bound_valid=true, projection_bound_lb=0.22043, projection_bound_scope=global, min_station_bikes=330, s_upper=22.5835, objective_lb=0.325981, status=time limit exceeded, lp=results\bound_work\regen_candidate_V12_M1_average_1782142498267597000_15729502191765196471\inventory_gini_bound.lp, pickup_drop_compat_flow_audit_selected=no_compat, compat_lb=0.323273, no_compat_lb=0.325981, bound_time=24.817288; adaptive frontier split pass 3 splitting 1 of 2 unresolved interval(s) by lowest current lower bound, split_batch=all; adaptive split pass 3 child interval 8 inventory relaxation: inventory-route-Gini integer relaxation time-limited; using valid CPLEX MIP best bound: interval=[0.215992,0.23142], pickup_limit=30, route_visit_cuts=singletons+subsets_up_to_12, integer_inventory_relaxation=true, station_flow_conservation=true, depot_return_capacity=true, station_operation_capacity=true, station_operation_mode_cuts=true, nonzero_visit_operation_cuts=true, route_mask_duration_load_relaxation=true, route_mask_max_v=12, route_mask_support_duration_pruning=true, route_mask_count_before_support_duration=4095, route_mask_count_after_support_duration=4095, route_masks_removed_by_support_duration=0, route_mask_support_duration_max_removed_subset_size=0, route_mask_operation_budget_cuts=true, route_mask_operation_budget_cuts_added=1, route_mask_operation_budget_min=14, route_mask_operation_budget_avg=19.0239, route_mask_operation_budget_max=29, route_mask_operation_budget_tightened_masks=4095, route_mask_operation_budget_zero_masks=0, operation_budget_example={vehicle=0, mask=1, popcount=1, cycle_lb=547.658, pickup_budget=25, route_limit=3600}, operation_budget_example={vehicle=0, mask=2, popcount=1, cycle_lb=446.486, pickup_budget=26, route_limit=3600}, operation_budget_example={vehicle=0, mask=3, popcount=2, cycle_lb=833.916, pickup_budget=23, route_limit=3600}, operation_budget_example={vehicle=0, mask=4, popcount=1, cycle_lb=364.254, pickup_budget=26, route_limit=3600}, operation_budget_example={vehicle=0, mask=5, popcount=2, cycle_lb=595.476, pickup_budget=25, route_limit=3600}, operation_budget_example={vehicle=0, mask=6, popcount=2, cycle_lb=742.036, pickup_budget=23, route_limit=3600}, operation_budget_example={vehicle=0, mask=7, popcount=3, cycle_lb=881.735, pickup_budget=22, route_limit=3600}, operation_budget_example={vehicle=0, mask=8, popcount=1, cycle_lb=247.228, pickup_budget=27, route_limit=3600}, pickup_drop_compat_flow=false, pickup_drop_pairs_total=0, pickup_drop_pairs_compatible=0, pickup_drop_pairs_incompatible=0, pickup_drop_pairs_capacity_limited=0, pickup_drop_transfer_cap_min=0, pickup_drop_transfer_cap_avg=0, pickup_drop_transfer_cap_max=0, pickup_drop_transfer_cap_variables=0, pickup_drop_transfer_cap_constraints=0, pickup_drop_compat_flow_variables=0, pickup_drop_compat_flow_constraints=0, vehicle_indexed_operation_relaxation=true, vehicle_indexed_y_variables=12, vehicle_indexed_pickup_variables=12, vehicle_indexed_drop_variables=12, vehicle_indexed_linking_constraints=48, vehicle_indexed_balance_constraints=2, vehicle_indexed_operation_budget_constraints=1, vehicle_indexed_transfer_flow=false, vehicle_transfer_flow_variables=0, vehicle_transfer_depot_unload_variables=0, vehicle_transfer_flow_balance_constraints=0, vehicle_transfer_mask_linking_constraints=0, vehicle_transfer_pairs_total=0, vehicle_transfer_pairs_zero_cap=0, vehicle_transfer_pairs_capacity_limited=0, vehicle_transfer_cap_min=0, vehicle_transfer_cap_avg=0, vehicle_transfer_cap_max=0, incumbent_cutoff_bound=true, penalty_budget=1.13848228212, penalty_domain_tightening=true, domains_tightened=0, domain_width_before=479, domain_width_after=479, projection_bound_enabled=true, projection_bound_valid=true, projection_bound_lb=0.22043, projection_bound_scope=global, min_station_bikes=330, s_upper=22.5835, objective_lb=0.327428, status=time limit exceeded, lp=results\bound_work\regen_candidate_V12_M1_average_1782142520598066700_15729502191765196471\inventory_gini_bound.lp, pickup_drop_compat_flow_audit_selected=no_compat, compat_lb=0.326899, no_compat_lb=0.327428, bound_time=19.826208; adaptive split pass 3 child interval 9 inherited parent lower bound without relaxation because time expired; route-pool incumbent master before_final_frontier_summary found verified incumbent objective=0.386764, states=588, time=0.000330; UB only, no lower-bound certificate; frontier_interval_ledger: interval_id=0, range=[0,0.123424], status=bound_fathomed, interval_lb=0.493696, cheap_prepass_lb=0.00515451, cheap_sources=gamma_floor|movement_domain|penalty_domain|projection_bound, lb_source=inventory_route_gini_relaxation, lb_sources=gamma_floor|cheap_projection_bound|inventory_route_gini_relaxation, complete_or_fathomed=true, open_nodes=0, pricing_closed=false, certificate_basis=inventory_route_gini_relaxation_fathomed, requires_pricing_closure=false, pricing_closure_available=false, interval_bound_valid=true; frontier_interval_ledger: interval_id=2, range=[0.246848,0.370272], status=unresolved, interval_lb=0.340011, cheap_prepass_lb=0.251286, cheap_sources=gamma_floor|movement_domain|penalty_domain|projection_bound, lb_source=inventory_route_gini_relaxation, lb_sources=gamma_floor|cheap_projection_bound|inventory_route_gini_relaxation|branch_price_tree, complete_or_fathomed=false, open_nodes=1, pricing_closed=false, certificate_basis=unresolved, requires_pricing_closure=false, pricing_closure_available=false, interval_bound_valid=true; frontier_interval_ledger: interval_id=3, range=[0.370272,0.493696], status=bound_fathomed, interval_lb=0.386764, cheap_prepass_lb=0.37471, cheap_sources=gamma_floor|movement_domain|penalty_domain|projection_bound, lb_source=inventory_route_gini_relaxation, lb_sources=gamma_floor|cheap_projection_bound|inventory_route_gini_relaxation, complete_or_fathomed=true, open_nodes=0, pricing_closed=false, certificate_basis=inventory_route_gini_relaxation_fathomed, requires_pricing_closure=false, pricing_closure_available=false, interval_bound_valid=true; frontier_interval_ledger: interval_id=4, range=[0.123424,0.185136], status=bound_fathomed, interval_lb=0.386764, cheap_prepass_lb=0, cheap_sources=gamma_floor, lb_source=inventory_route_gini_relaxation, lb_sources=gamma_floor|inventory_route_gini_relaxation, complete_or_fathomed=true, open_nodes=0, pricing_closed=false, certificate_basis=inventory_route_gini_relaxation_fathomed, requires_pricing_closure=false, pricing_closure_available=false, interval_bound_valid=true; frontier_interval_ledger: interval_id=6, range=[0.185136,0.215992], status=bound_fathomed, interval_lb=0.386764, cheap_prepass_lb=0, cheap_sources=gamma_floor, lb_source=inventory_route_gini_relaxation, lb_sources=gamma_floor|inventory_route_gini_relaxation, complete_or_fathomed=true, open_nodes=0, pricing_closed=false, certificate_basis=inventory_route_gini_relaxation_fathomed, requires_pricing_closure=false, pricing_closure_available=false, interval_bound_valid=true; frontier_interval_ledger: interval_id=8, range=[0.215992,0.23142], status=unresolved, interval_lb=0.327428, cheap_prepass_lb=0, cheap_sources=gamma_floor, lb_source=inventory_route_gini_relaxation, lb_sources=gamma_floor|inventory_route_gini_relaxation, complete_or_fathomed=false, open_nodes=1, pricing_closed=false, certificate_basis=unresolved, requires_pricing_closure=false, pricing_closure_available=false, interval_bound_valid=true; frontier_interval_ledger: interval_id=9, range=[0.23142,0.246848], status=unresolved, interval_lb=0.325981, cheap_prepass_lb=0, cheap_sources=gamma_floor, lb_source=gamma_floor, lb_sources=gamma_floor, complete_or_fathomed=false, open_nodes=1, pricing_closed=false, certificate_basis=unresolved, requires_pricing_closure=false, pricing_closure_available=false, interval_bound_valid=true; frontier certification summary: closed_intervals=0, bound_certified_intervals=4, skipped_intervals=0, relevant_intervals=7, frontier_min_interval_lower_bound=0.325981, frontier_lower_bound_source=gamma_floor, unresolved_intervals=3, invalid_bound_intervals=0, final_full_objective_range=true, frontier_range_certificate_scope=original_full_improving_range, relevant_gini_upper_for_improvement=0.493696, covered_gini_upper_bound=0.493696; periodic progress log written to results\optimization_update_round15\raw\progress_v12_m1_full_exact_300s.csv, checkpoints=17, interval_seconds=30.000000"
"regen_candidate_V12_M1_average.txt","v12_m1_full_relaxed_cg_300s","gcap_frontier_not_closed","0.386764365884","0.3259809019","0.386764365884","0.157158904349","305.6490825","True","False","","two-track","two-track","13663186","5","17","0","9","8","20","16","0","2","0","0","0","-0.00351373262153","False","ng_relaxed_pricing_incomplete_or_negative_reduced_cost","False","-0.120730713682","9","8","20","0","","2","0","0","0","False","0","0","False","0","","0","0","0","3","0","3","0.3259809019","gamma_floor","0",,,"13665527","2339","0.00133895874023","212.7461553","212.7461553","41.3194458","51.543436","0","2","1171","results\optimization_update_round15\raw\progress_v12_m1_full_relaxed_cg_300s.csv","results\optimization_update_round15\raw\v12_m1_full_relaxed_cg_300s.json","logs\optimization_update_round15\v12_m1_full_relaxed_cg_300s.log","parsed Hybrid GA text format; distances rebuilt from points at speed factor 1.5; Gamma-frontier diagnostic covers Gini intervals with fixed-Gini interval branch-price trees. It reports optimal only if every relevant interval is closed or bound-fathomed and the aggregated lower bound reaches the incumbent. Each interval also uses the valid trivial bound objective>=G>=interval_floor and a final-inventory pickup/route/Gini relaxation bound when it solves.; Optimization flags: column_dominance=true, column_dominance_mode=exact, projection_bound=true, penalty_domain_tightening=true, movement_domain_tightening=true, movement_bound_audit=false, frontier_best_bound_scheduling=true, frontier_relaxation_cache=true, frontier_focused_min_lb_retry=true, frontier_focused_intensification=true, frontier_focused_reserve_fraction=0.250000, frontier_focused_relax_seconds=5.000000, frontier_focused_max_passes=2, frontier_adaptive_split=true, frontier_adaptive_max_depth=3, frontier_adaptive_min_width=0.000100, frontier_adaptive_split_factor=2, route_pool_incumbent=true, route_pool_max_columns_per_vehicle=5000, pickup_drop_compat_flow=true, pickup_drop_transfer_cap_flow=true, vehicle_indexed_operation_relaxation=true, vehicle_indexed_relaxation_audit=false, vehicle_indexed_transfer_flow=true, support_duration_pruning=true, route_mask_support_duration_pruning=true, route_mask_operation_budget_cuts=true, support_duration_min_pickup_rule=ceil_half_support, support_duration_max_subset_size=5, support_feasibility_oracle=false, gcap_pricing_columns=4, frontier_column_cache=false, frontier_iterative_closure=false, frontier_iterative_max_rounds=2, frontier_iterative_round_time=60.000000, pricing_final_verifier=false, pricing_verifier_mode=auto, column_tracks=elementary-only, rmp_column_space=elementary, relaxed_columns_in_rmp=false, large_relaxed_rmp=false; BPC thread policy: requested_threads=1, bpc_workers=1, pricing_threads=1, parallel_frontier=false, parallel_nodes=false, hardware_concurrency=20; restricted-master CPLEX and inventory-bound CPLEX calls use one internal thread each; route-pool collected routes from initial empty incumbent: kept_before=0, kept_after=0, raw=0, removed_by_projection_dominance=0, dropped_by_cap=0; BPC-owned incumbent generator disabled; route-pool collected routes from verified incumbent after seed stage: kept_before=0, kept_after=0, raw=0, removed_by_projection_dominance=0, dropped_by_cap=0; frontier cover range=[0,0.493696], intervals=4, incumbent_objective=0.493696, incumbent_G=0.327623, gini_max_possible=0.916667, relevant_gini_upper_for_improvement=0.493696, frontier_covers_all_improving_gini_values=true, range_scope=original_full_improving_range; interval 0 inventory relaxation: inventory-route-Gini cutoff relaxation infeasible; no incumbent-improving solution exists in this interval: interval=[0,0.123424], pickup_limit=30, route_visit_cuts=singletons+subsets_up_to_12, integer_inventory_relaxation=true, station_flow_conservation=true, depot_return_capacity=true, station_operation_capacity=true, station_operation_mode_cuts=true, nonzero_visit_operation_cuts=true, route_mask_duration_load_relaxation=true, route_mask_max_v=12, route_mask_support_duration_pruning=true, route_mask_count_before_support_duration=4095, route_mask_count_after_support_duration=4095, route_masks_removed_by_support_duration=0, route_mask_support_duration_max_removed_subset_size=0, route_mask_operation_budget_cuts=true, route_mask_operation_budget_cuts_added=1, route_mask_operation_budget_min=14, route_mask_operation_budget_avg=19.0239, route_mask_operation_budget_max=29, route_mask_operation_budget_tightened_masks=4095, route_mask_operation_budget_zero_masks=0, operation_budget_example={vehicle=0, mask=1, popcount=1, cycle_lb=547.658, pickup_budget=25, route_limit=3600}, operation_budget_example={vehicle=0, mask=2, popcount=1, cycle_lb=446.486, pickup_budget=26, route_limit=3600}, operation_budget_example={vehicle=0, mask=3, popcount=2, cycle_lb=833.916, pickup_budget=23, route_limit=3600}, operation_budget_example={vehicle=0, mask=4, popcount=1, cycle_lb=364.254, pickup_budget=26, route_limit=3600}, operation_budget_example={vehicle=0, mask=5, popcount=2, cycle_lb=595.476, pickup_budget=25, route_limit=3600}, operation_budget_example={vehicle=0, mask=6, popcount=2, cycle_lb=742.036, pickup_budget=23, route_limit=3600}, operation_budget_example={vehicle=0, mask=7, popcount=3, cycle_lb=881.735, pickup_budget=22, route_limit=3600}, operation_budget_example={vehicle=0, mask=8, popcount=1, cycle_lb=247.228, pickup_budget=27, route_limit=3600}, pickup_drop_compat_flow=true, pickup_drop_pairs_total=132, pickup_drop_pairs_compatible=132, pickup_drop_pairs_incompatible=0, pickup_drop_pairs_capacity_limited=45, pickup_drop_transfer_cap_min=5, pickup_drop_transfer_cap_avg=14.8712, pickup_drop_transfer_cap_max=27, pickup_drop_transfer_cap_variables=132, pickup_drop_transfer_cap_constraints=132, pickup_drop_compat_flow_variables=144, pickup_drop_compat_flow_constraints=24, vehicle_indexed_operation_relaxation=true, vehicle_indexed_y_variables=12, vehicle_indexed_pickup_variables=12, vehicle_indexed_drop_variables=12, vehicle_indexed_linking_constraints=48, vehicle_indexed_balance_constraints=2, vehicle_indexed_operation_budget_constraints=1, vehicle_indexed_transfer_flow=true, vehicle_transfer_flow_variables=132, vehicle_transfer_depot_unload_variables=12, vehicle_transfer_flow_balance_constraints=24, vehicle_transfer_mask_linking_constraints=144, vehicle_transfer_pairs_total=132, vehicle_transfer_pairs_zero_cap=0, vehicle_transfer_pairs_capacity_limited=45, vehicle_transfer_cap_min=5, vehicle_transfer_cap_avg=14.8712, vehicle_transfer_cap_max=27, incompatible_pair_example={capacity_limited_pair={pickup=1, drop=3, cap=25, loose_cap=26, path_lb=595.476, route_limit=3600}}, incompatible_pair_example={capacity_limited_pair={pickup=1, drop=4, cap=24, loose_cap=30, path_lb=635.186, route_limit=3600}}, incompatible_pair_example={capacity_limited_pair={pickup=1, drop=6, cap=21, loose_cap=30, path_lb=987.856, route_limit=3600}}, incompatible_pair_example={capacity_limited_pair={pickup=1, drop=10, cap=23, loose_cap=30, path_lb=720.951, route_limit=3600}}, incompatible_pair_example={capacity_limited_pair={pickup=1, drop=11, cap=21, loose_cap=26, path_lb=1074.92, route_limit=3600}}, incompatible_pair_example={capacity_limited_pair={pickup=1, drop=12, cap=21, loose_cap=30, path_lb=1006.74, route_limit=3600}}, incompatible_pair_example={capacity_limited_pair={pickup=2, drop=3, cap=23, loose_cap=26, path_lb=742.036, route_limit=3600}}, incompatible_pair_example={capacity_limited_pair={pickup=2, drop=4, cap=26, loose_cap=30, path_lb=469.01, route_limit=3600}}, incompatible_pair_example={vehicle_capacity_limited_pair={vehicle=0, pickup=1, drop=3, cap=25, loose_cap=26, path_lb=595.476, route_limit=3600}}, incompatible_pair_example={vehicle_capacity_limited_pair={vehicle=0, pickup=1, drop=4, cap=24, loose_cap=30, path_lb=635.186, route_limit=3600}}, incompatible_pair_example={vehicle_capacity_limited_pair={vehicle=0, pickup=1, drop=6, cap=21, loose_cap=30, path_lb=987.856, route_limit=3600}}, incompatible_pair_example={vehicle_capacity_limited_pair={vehicle=0, pickup=1, drop=10, cap=23, loose_cap=30, path_lb=720.951, route_limit=3600}}, incompatible_pair_example={vehicle_capacity_limited_pair={vehicle=0, pickup=1, drop=11, cap=21, loose_cap=26, path_lb=1074.92, route_limit=3600}}, incompatible_pair_example={vehicle_capacity_limited_pair={vehicle=0, pickup=1, drop=12, cap=21, loose_cap=30, path_lb=1006.74, route_limit=3600}}, incompatible_pair_example={vehicle_capacity_limited_pair={vehicle=0, pickup=2, drop=3, cap=23, loose_cap=26, path_lb=742.036, route_limit=3600}}, incompatible_pair_example={vehicle_capacity_limited_pair={vehicle=0, pickup=2, drop=4, cap=26, loose_cap=30, path_lb=469.01, route_limit=3600}}, incumbent_cutoff_bound=true, penalty_budget=3.29130702575, min_station_bikes=330, objective_lb=0.493696, lp=results\bound_work\regen_candidate_V12_M1_average_1782142530493461000_15729502191765196471\inventory_gini_bound.lp, pickup_drop_compat_flow_audit_selected=compat, compat_lb=0.493696, no_compat_lb=0.493696, bound_time=29.086873; interval 0 bound-fathomed by final-inventory relaxation before branch-price tree; interval 1 inventory relaxation: inventory-route-Gini integer relaxation time-limited; using valid CPLEX MIP best bound: interval=[0.123424,0.246848], pickup_limit=30, route_visit_cuts=singletons+subsets_up_to_12, integer_inventory_relaxation=true, station_flow_conservation=true, depot_return_capacity=true, station_operation_capacity=true, station_operation_mode_cuts=true, nonzero_visit_operation_cuts=true, route_mask_duration_load_relaxation=true, route_mask_max_v=12, route_mask_support_duration_pruning=true, route_mask_count_before_support_duration=4095, route_mask_count_after_support_duration=4095, route_masks_removed_by_support_duration=0, route_mask_support_duration_max_removed_subset_size=0, route_mask_operation_budget_cuts=true, route_mask_operation_budget_cuts_added=1, route_mask_operation_budget_min=14, route_mask_operation_budget_avg=19.0239, route_mask_operation_budget_max=29, route_mask_operation_budget_tightened_masks=4095, route_mask_operation_budget_zero_masks=0, operation_budget_example={vehicle=0, mask=1, popcount=1, cycle_lb=547.658, pickup_budget=25, route_limit=3600}, operation_budget_example={vehicle=0, mask=2, popcount=1, cycle_lb=446.486, pickup_budget=26, route_limit=3600}, operation_budget_example={vehicle=0, mask=3, popcount=2, cycle_lb=833.916, pickup_budget=23, route_limit=3600}, operation_budget_example={vehicle=0, mask=4, popcount=1, cycle_lb=364.254, pickup_budget=26, route_limit=3600}, operation_budget_example={vehicle=0, mask=5, popcount=2, cycle_lb=595.476, pickup_budget=25, route_limit=3600}, operation_budget_example={vehicle=0, mask=6, popcount=2, cycle_lb=742.036, pickup_budget=23, route_limit=3600}, operation_budget_example={vehicle=0, mask=7, popcount=3, cycle_lb=881.735, pickup_budget=22, route_limit=3600}, operation_budget_example={vehicle=0, mask=8, popcount=1, cycle_lb=247.228, pickup_budget=27, route_limit=3600}, pickup_drop_compat_flow=false, pickup_drop_pairs_total=0, pickup_drop_pairs_compatible=0, pickup_drop_pairs_incompatible=0, pickup_drop_pairs_capacity_limited=0, pickup_drop_transfer_cap_min=0, pickup_drop_transfer_cap_avg=0, pickup_drop_transfer_cap_max=0, pickup_drop_transfer_cap_variables=0, pickup_drop_transfer_cap_constraints=0, pickup_drop_compat_flow_variables=0, pickup_drop_compat_flow_constraints=0, vehicle_indexed_operation_relaxation=true, vehicle_indexed_y_variables=12, vehicle_indexed_pickup_variables=12, vehicle_indexed_drop_variables=12, vehicle_indexed_linking_constraints=48, vehicle_indexed_balance_constraints=2, vehicle_indexed_operation_budget_constraints=1, vehicle_indexed_transfer_flow=false, vehicle_transfer_flow_variables=0, vehicle_transfer_depot_unload_variables=0, vehicle_transfer_flow_balance_constraints=0, vehicle_transfer_mask_linking_constraints=0, vehicle_transfer_pairs_total=0, vehicle_transfer_pairs_zero_cap=0, vehicle_transfer_pairs_capacity_limited=0, vehicle_transfer_cap_min=0, vehicle_transfer_cap_avg=0, vehicle_transfer_cap_max=0, incumbent_cutoff_bound=true, penalty_budget=2.46848026931, penalty_domain_tightening=true, domains_tightened=0, domain_width_before=479, domain_width_after=479, projection_bound_enabled=true, projection_bound_valid=true, projection_bound_lb=0.127862, projection_bound_scope=global, min_station_bikes=330, s_upper=24.9745, objective_lb=0.260427, status=time limit exceeded, lp=results\bound_work\regen_candidate_V12_M1_average_1782142578592160100_15729502191765196471\inventory_gini_bound.lp, pickup_drop_compat_flow_audit_selected=no_compat, compat_lb=0.253255, no_compat_lb=0.260427, bound_time=37.914966; route-pool collected BPC columns from initial interval 1: exported_tree=1168, exported_pricing=585, exported_warmstart=583, exported_integer_leaves=0, kept_before=0, kept_after=585, raw=1168, removed_by_projection_dominance=583, dropped_by_cap=0; route-pool incumbent master after_initial_interval_1 found verified incumbent objective=0.386764, states=587, time=0.000321; UB only, no lower-bound certificate; accepted route-pool incumbent master incumbent for frontier cutoff only: objective=0.386764, G=0.286104, P=0.671072; route-pool collected routes from route-pool incumbent master: kept_before=585, kept_after=586, raw=1169, removed_by_projection_dominance=583, dropped_by_cap=0; interval 1 [0.123424,0.246848] complete=false, lower_bound_valid=true, certified_by_bound=false, empty_interval=false, has_incumbent=false, tree_lb=0.127862, interval_lb=0.260427, inventory_relax_lb=0.260427, resource_lb=0.0727378, incumbent_metric=inf, incumbent_cutoff=0.386764, nodes=1, columns=585, pricing_calls=2, pricing_time=24.9439, master_time=27.5357, bound_time=37.915, cuts_added=0, open_nodes=1; interval 2 inventory relaxation: inventory-route-Gini relaxation lower bound: interval=[0.246848,0.370272], pickup_limit=30, route_visit_cuts=singletons+subsets_up_to_12, integer_inventory_relaxation=true, station_flow_conservation=true, depot_return_capacity=true, station_operation_capacity=true, station_operation_mode_cuts=true, nonzero_visit_operation_cuts=true, route_mask_duration_load_relaxation=true, route_mask_max_v=12, route_mask_support_duration_pruning=true, route_mask_count_before_support_duration=4095, route_mask_count_after_support_duration=4095, route_masks_removed_by_support_duration=0, route_mask_support_duration_max_removed_subset_size=0, route_mask_operation_budget_cuts=true, route_mask_operation_budget_cuts_added=1, route_mask_operation_budget_min=14, route_mask_operation_budget_avg=19.0239, route_mask_operation_budget_max=29, route_mask_operation_budget_tightened_masks=4095, route_mask_operation_budget_zero_masks=0, operation_budget_example={vehicle=0, mask=1, popcount=1, cycle_lb=547.658, pickup_budget=25, route_limit=3600}, operation_budget_example={vehicle=0, mask=2, popcount=1, cycle_lb=446.486, pickup_budget=26, route_limit=3600}, operation_budget_example={vehicle=0, mask=3, popcount=2, cycle_lb=833.916, pickup_budget=23, route_limit=3600}, operation_budget_example={vehicle=0, mask=4, popcount=1, cycle_lb=364.254, pickup_budget=26, route_limit=3600}, operation_budget_example={vehicle=0, mask=5, popcount=2, cycle_lb=595.476, pickup_budget=25, route_limit=3600}, operation_budget_example={vehicle=0, mask=6, popcount=2, cycle_lb=742.036, pickup_budget=23, route_limit=3600}, operation_budget_example={vehicle=0, mask=7, popcount=3, cycle_lb=881.735, pickup_budget=22, route_limit=3600}, operation_budget_example={vehicle=0, mask=8, popcount=1, cycle_lb=247.228, pickup_budget=27, route_limit=3600}, pickup_drop_compat_flow=true, pickup_drop_pairs_total=132, pickup_drop_pairs_compatible=132, pickup_drop_pairs_incompatible=0, pickup_drop_pairs_capacity_limited=45, pickup_drop_transfer_cap_min=5, pickup_drop_transfer_cap_avg=14.8712, pickup_drop_transfer_cap_max=27, pickup_drop_transfer_cap_variables=132, pickup_drop_transfer_cap_constraints=132, pickup_drop_compat_flow_variables=144, pickup_drop_compat_flow_constraints=24, vehicle_indexed_operation_relaxation=true, vehicle_indexed_y_variables=12, vehicle_indexed_pickup_variables=12, vehicle_indexed_drop_variables=12, vehicle_indexed_linking_constraints=48, vehicle_indexed_balance_constraints=2, vehicle_indexed_operation_budget_constraints=1, vehicle_indexed_transfer_flow=true, vehicle_transfer_flow_variables=132, vehicle_transfer_depot_unload_variables=12, vehicle_transfer_flow_balance_constraints=24, vehicle_transfer_mask_linking_constraints=144, vehicle_transfer_pairs_total=132, vehicle_transfer_pairs_zero_cap=0, vehicle_transfer_pairs_capacity_limited=45, vehicle_transfer_cap_min=5, vehicle_transfer_cap_avg=14.8712, vehicle_transfer_cap_max=27, incompatible_pair_example={capacity_limited_pair={pickup=1, drop=3, cap=25, loose_cap=26, path_lb=595.476, route_limit=3600}}, incompatible_pair_example={capacity_limited_pair={pickup=1, drop=4, cap=24, loose_cap=30, path_lb=635.186, route_limit=3600}}, incompatible_pair_example={capacity_limited_pair={pickup=1, drop=6, cap=21, loose_cap=30, path_lb=987.856, route_limit=3600}}, incompatible_pair_example={capacity_limited_pair={pickup=1, drop=10, cap=23, loose_cap=30, path_lb=720.951, route_limit=3600}}, incompatible_pair_example={capacity_limited_pair={pickup=1, drop=11, cap=21, loose_cap=26, path_lb=1074.92, route_limit=3600}}, incompatible_pair_example={capacity_limited_pair={pickup=1, drop=12, cap=21, loose_cap=30, path_lb=1006.74, route_limit=3600}}, incompatible_pair_example={capacity_limited_pair={pickup=2, drop=3, cap=23, loose_cap=26, path_lb=742.036, route_limit=3600}}, incompatible_pair_example={capacity_limited_pair={pickup=2, drop=4, cap=26, loose_cap=30, path_lb=469.01, route_limit=3600}}, incompatible_pair_example={vehicle_capacity_limited_pair={vehicle=0, pickup=1, drop=3, cap=25, loose_cap=26, path_lb=595.476, route_limit=3600}}, incompatible_pair_example={vehicle_capacity_limited_pair={vehicle=0, pickup=1, drop=4, cap=24, loose_cap=30, path_lb=635.186, route_limit=3600}}, incompatible_pair_example={vehicle_capacity_limited_pair={vehicle=0, pickup=1, drop=6, cap=21, loose_cap=30, path_lb=987.856, route_limit=3600}}, incompatible_pair_example={vehicle_capacity_limited_pair={vehicle=0, pickup=1, drop=10, cap=23, loose_cap=30, path_lb=720.951, route_limit=3600}}, incompatible_pair_example={vehicle_capacity_limited_pair={vehicle=0, pickup=1, drop=11, cap=21, loose_cap=26, path_lb=1074.92, route_limit=3600}}, incompatible_pair_example={vehicle_capacity_limited_pair={vehicle=0, pickup=1, drop=12, cap=21, loose_cap=30, path_lb=1006.74, route_limit=3600}}, incompatible_pair_example={vehicle_capacity_limited_pair={vehicle=0, pickup=2, drop=3, cap=23, loose_cap=26, path_lb=742.036, route_limit=3600}}, incompatible_pair_example={vehicle_capacity_limited_pair={vehicle=0, pickup=2, drop=4, cap=26, loose_cap=30, path_lb=469.01, route_limit=3600}}, incumbent_cutoff_bound=true, penalty_budget=0.932775593015, penalty_domain_tightening=true, domains_tightened=0, domain_width_before=479, domain_width_after=479, projection_bound_enabled=true, projection_bound_valid=true, projection_bound_lb=0.251286, projection_bound_scope=global, min_station_bikes=330, s_upper=22.1228, objective_lb=0.340011, status=integer optimal solution, lp=results\bound_work\regen_candidate_V12_M1_average_1782142649991723100_15729502191765196471\inventory_gini_bound.lp, pickup_drop_compat_flow_audit_selected=compat, compat_lb=0.340011, no_compat_lb=0.340011, bound_time=15.572876; route-pool collected BPC columns from initial interval 2: exported_tree=1169, exported_pricing=586, exported_warmstart=583, exported_integer_leaves=0, kept_before=586, kept_after=589, raw=2338, removed_by_projection_dominance=1749, dropped_by_cap=0; route-pool incumbent master after_initial_interval_2 found verified incumbent objective=0.386764, states=591, time=0.000326; UB only, no lower-bound certificate; interval candidate audit source=initial interval 2, candidate_true_G=0.286104, candidate_true_P=0.671072, candidate_true_objective=0.386764, candidate_surrogate_metric=0.347509, candidate_interval_membership=true, candidate_verifier_passed=true, candidate_rejection_reason=rejected_true_objective_not_improving; route-pool incumbent master after_initial_interval_2 found verified incumbent objective=0.386764, states=591, time=0.000320; UB only, no lower-bound certificate; interval 2 [0.246848,0.370272] complete=false, lower_bound_valid=true, certified_by_bound=false, empty_interval=false, has_incumbent=true, tree_lb=0.251286, interval_lb=0.340011, inventory_relax_lb=0.340011, resource_lb=0.0727378, incumbent_metric=0.347509, incumbent_cutoff=0.386764, nodes=1, columns=586, pricing_calls=2, pricing_time=26.5995, master_time=13.7837, bound_time=15.5729, cuts_added=0, open_nodes=1; interval 3 inventory relaxation: inventory-route-Gini cutoff relaxation infeasible; no incumbent-improving solution exists in this interval: interval=[0.370272,0.493696], pickup_limit=30, route_visit_cuts=singletons+subsets_up_to_12, integer_inventory_relaxation=true, station_flow_conservation=true, depot_return_capacity=true, station_operation_capacity=true, station_operation_mode_cuts=true, nonzero_visit_operation_cuts=true, route_mask_duration_load_relaxation=true, route_mask_max_v=12, route_mask_support_duration_pruning=true, route_mask_count_before_support_duration=4095, route_mask_count_after_support_duration=4095, route_masks_removed_by_support_duration=0, route_mask_support_duration_max_removed_subset_size=0, route_mask_operation_budget_cuts=true, route_mask_operation_budget_cuts_added=1, route_mask_operation_budget_min=14, route_mask_operation_budget_avg=19.0239, route_mask_operation_budget_max=29, route_mask_operation_budget_tightened_masks=4095, route_mask_operation_budget_zero_masks=0, operation_budget_example={vehicle=0, mask=1, popcount=1, cycle_lb=547.658, pickup_budget=25, route_limit=3600}, operation_budget_example={vehicle=0, mask=2, popcount=1, cycle_lb=446.486, pickup_budget=26, route_limit=3600}, operation_budget_example={vehicle=0, mask=3, popcount=2, cycle_lb=833.916, pickup_budget=23, route_limit=3600}, operation_budget_example={vehicle=0, mask=4, popcount=1, cycle_lb=364.254, pickup_budget=26, route_limit=3600}, operation_budget_example={vehicle=0, mask=5, popcount=2, cycle_lb=595.476, pickup_budget=25, route_limit=3600}, operation_budget_example={vehicle=0, mask=6, popcount=2, cycle_lb=742.036, pickup_budget=23, route_limit=3600}, operation_budget_example={vehicle=0, mask=7, popcount=3, cycle_lb=881.735, pickup_budget=22, route_limit=3600}, operation_budget_example={vehicle=0, mask=8, popcount=1, cycle_lb=247.228, pickup_budget=27, route_limit=3600}, pickup_drop_compat_flow=true, pickup_drop_pairs_total=132, pickup_drop_pairs_compatible=132, pickup_drop_pairs_incompatible=0, pickup_drop_pairs_capacity_limited=45, pickup_drop_transfer_cap_min=5, pickup_drop_transfer_cap_avg=14.8712, pickup_drop_transfer_cap_max=27, pickup_drop_transfer_cap_variables=132, pickup_drop_transfer_cap_constraints=132, pickup_drop_compat_flow_variables=144, pickup_drop_compat_flow_constraints=24, vehicle_indexed_operation_relaxation=true, vehicle_indexed_y_variables=12, vehicle_indexed_pickup_variables=12, vehicle_indexed_drop_variables=12, vehicle_indexed_linking_constraints=48, vehicle_indexed_balance_constraints=2, vehicle_indexed_operation_budget_constraints=1, vehicle_indexed_transfer_flow=true, vehicle_transfer_flow_variables=132, vehicle_transfer_depot_unload_variables=12, vehicle_transfer_flow_balance_constraints=24, vehicle_transfer_mask_linking_constraints=144, vehicle_transfer_pairs_total=132, vehicle_transfer_pairs_zero_cap=0, vehicle_transfer_pairs_capacity_limited=45, vehicle_transfer_cap_min=5, vehicle_transfer_cap_avg=14.8712, vehicle_transfer_cap_max=27, incompatible_pair_example={capacity_limited_pair={pickup=1, drop=3, cap=25, loose_cap=26, path_lb=595.476, route_limit=3600}}, incompatible_pair_example={capacity_limited_pair={pickup=1, drop=4, cap=24, loose_cap=30, path_lb=635.186, route_limit=3600}}, incompatible_pair_example={capacity_limited_pair={pickup=1, drop=6, cap=21, loose_cap=30, path_lb=987.856, route_limit=3600}}, incompatible_pair_example={capacity_limited_pair={pickup=1, drop=10, cap=23, loose_cap=30, path_lb=720.951, route_limit=3600}}, incompatible_pair_example={capacity_limited_pair={pickup=1, drop=11, cap=21, loose_cap=26, path_lb=1074.92, route_limit=3600}}, incompatible_pair_example={capacity_limited_pair={pickup=1, drop=12, cap=21, loose_cap=26, path_lb=1006.74, route_limit=3600}}, incompatible_pair_example={capacity_limited_pair={pickup=2, drop=3, cap=23, loose_cap=26, path_lb=742.036, route_limit=3600}}, incompatible_pair_example={capacity_limited_pair={pickup=2, drop=4, cap=26, loose_cap=30, path_lb=469.01, route_limit=3600}}, incompatible_pair_example={vehicle_capacity_limited_pair={vehicle=0, pickup=1, drop=3, cap=25, loose_cap=26, path_lb=595.476, route_limit=3600}}, incompatible_pair_example={vehicle_capacity_limited_pair={vehicle=0, pickup=1, drop=4, cap=24, loose_cap=30, path_lb=635.186, route_limit=3600}}, incompatible_pair_example={vehicle_capacity_limited_pair={vehicle=0, pickup=1, drop=6, cap=21, loose_cap=30, path_lb=987.856, route_limit=3600}}, incompatible_pair_example={vehicle_capacity_limited_pair={vehicle=0, pickup=1, drop=10, cap=23, loose_cap=30, path_lb=720.951, route_limit=3600}}, incompatible_pair_example={vehicle_capacity_limited_pair={vehicle=0, pickup=1, drop=11, cap=21, loose_cap=26, path_lb=1074.92, route_limit=3600}}, incompatible_pair_example={vehicle_capacity_limited_pair={vehicle=0, pickup=1, drop=12, cap=21, loose_cap=26, path_lb=1006.74, route_limit=3600}}, incompatible_pair_example={vehicle_capacity_limited_pair={vehicle=0, pickup=2, drop=3, cap=23, loose_cap=26, path_lb=742.036, route_limit=3600}}, incompatible_pair_example={vehicle_capacity_limited_pair={vehicle=0, pickup=2, drop=4, cap=26, loose_cap=30, path_lb=469.01, route_limit=3600}}, incumbent_cutoff_bound=true, penalty_budget=0.109948836578, min_station_bikes=330, objective_lb=0.386764, lp=results\bound_work\regen_candidate_V12_M1_average_1782142705969799000_15729502191765196471\inventory_gini_bound.lp, pickup_drop_compat_flow_audit_selected=compat, compat_lb=0.386764, no_compat_lb=0.386764, bound_time=0.472546; interval 3 bound-fathomed by final-inventory relaxation before branch-price tree; adaptive frontier split pass 1 splitting 1 of 2 unresolved interval(s) by lowest current lower bound, split_batch=all; adaptive split pass 1 child interval 4 inventory relaxation: inventory-route-Gini cutoff relaxation infeasible; no incumbent-improving solution exists in this interval: interval=[0.123424,0.185136], pickup_limit=30, route_visit_cuts=singletons+subsets_up_to_12, integer_inventory_relaxation=true, station_flow_conservation=true, depot_return_capacity=true, station_operation_capacity=true, station_operation_mode_cuts=true, nonzero_visit_operation_cuts=true, route_mask_duration_load_relaxation=true, route_mask_max_v=12, route_mask_support_duration_pruning=true, route_mask_count_before_support_duration=4095, route_mask_count_after_support_duration=4095, route_masks_removed_by_support_duration=0, route_mask_support_duration_max_removed_subset_size=0, route_mask_operation_budget_cuts=true, route_mask_operation_budget_cuts_added=1, route_mask_operation_budget_min=14, route_mask_operation_budget_avg=19.0239, route_mask_operation_budget_max=29, route_mask_operation_budget_tightened_masks=4095, route_mask_operation_budget_zero_masks=0, operation_budget_example={vehicle=0, mask=1, popcount=1, cycle_lb=547.658, pickup_budget=25, route_limit=3600}, operation_budget_example={vehicle=0, mask=2, popcount=1, cycle_lb=446.486, pickup_budget=26, route_limit=3600}, operation_budget_example={vehicle=0, mask=3, popcount=2, cycle_lb=833.916, pickup_budget=23, route_limit=3600}, operation_budget_example={vehicle=0, mask=4, popcount=1, cycle_lb=364.254, pickup_budget=26, route_limit=3600}, operation_budget_example={vehicle=0, mask=5, popcount=2, cycle_lb=595.476, pickup_budget=25, route_limit=3600}, operation_budget_example={vehicle=0, mask=6, popcount=2, cycle_lb=742.036, pickup_budget=23, route_limit=3600}, operation_budget_example={vehicle=0, mask=7, popcount=3, cycle_lb=881.735, pickup_budget=22, route_limit=3600}, operation_budget_example={vehicle=0, mask=8, popcount=1, cycle_lb=247.228, pickup_budget=27, route_limit=3600}, pickup_drop_compat_flow=true, pickup_drop_pairs_total=132, pickup_drop_pairs_compatible=132, pickup_drop_pairs_incompatible=0, pickup_drop_pairs_capacity_limited=45, pickup_drop_transfer_cap_min=5, pickup_drop_transfer_cap_avg=14.8712, pickup_drop_transfer_cap_max=27, pickup_drop_transfer_cap_variables=132, pickup_drop_transfer_cap_constraints=132, pickup_drop_compat_flow_variables=144, pickup_drop_compat_flow_constraints=24, vehicle_indexed_operation_relaxation=true, vehicle_indexed_y_variables=12, vehicle_indexed_pickup_variables=12, vehicle_indexed_drop_variables=12, vehicle_indexed_linking_constraints=48, vehicle_indexed_balance_constraints=2, vehicle_indexed_operation_budget_constraints=1, vehicle_indexed_transfer_flow=true, vehicle_transfer_flow_variables=132, vehicle_transfer_depot_unload_variables=12, vehicle_transfer_flow_balance_constraints=24, vehicle_transfer_mask_linking_constraints=144, vehicle_transfer_pairs_total=132, vehicle_transfer_pairs_zero_cap=0, vehicle_transfer_pairs_capacity_limited=45, vehicle_transfer_cap_min=5, vehicle_transfer_cap_avg=14.8712, vehicle_transfer_cap_max=27, incompatible_pair_example={capacity_limited_pair={pickup=1, drop=3, cap=25, loose_cap=26, path_lb=595.476, route_limit=3600}}, incompatible_pair_example={capacity_limited_pair={pickup=1, drop=4, cap=24, loose_cap=30, path_lb=635.186, route_limit=3600}}, incompatible_pair_example={capacity_limited_pair={pickup=1, drop=6, cap=21, loose_cap=30, path_lb=987.856, route_limit=3600}}, incompatible_pair_example={capacity_limited_pair={pickup=1, drop=10, cap=23, loose_cap=30, path_lb=720.951, route_limit=3600}}, incompatible_pair_example={capacity_limited_pair={pickup=1, drop=11, cap=21, loose_cap=26, path_lb=1074.92, route_limit=3600}}, incompatible_pair_example={capacity_limited_pair={pickup=1, drop=12, cap=21, loose_cap=30, path_lb=1006.74, route_limit=3600}}, incompatible_pair_example={capacity_limited_pair={pickup=2, drop=3, cap=23, loose_cap=26, path_lb=742.036, route_limit=3600}}, incompatible_pair_example={capacity_limited_pair={pickup=2, drop=4, cap=26, loose_cap=30, path_lb=469.01, route_limit=3600}}, incompatible_pair_example={vehicle_capacity_limited_pair={vehicle=0, pickup=1, drop=3, cap=25, loose_cap=26, path_lb=595.476, route_limit=3600}}, incompatible_pair_example={vehicle_capacity_limited_pair={vehicle=0, pickup=1, drop=4, cap=24, loose_cap=30, path_lb=635.186, route_limit=3600}}, incompatible_pair_example={vehicle_capacity_limited_pair={vehicle=0, pickup=1, drop=6, cap=21, loose_cap=30, path_lb=987.856, route_limit=3600}}, incompatible_pair_example={vehicle_capacity_limited_pair={vehicle=0, pickup=1, drop=10, cap=23, loose_cap=30, path_lb=720.951, route_limit=3600}}, incompatible_pair_example={vehicle_capacity_limited_pair={vehicle=0, pickup=1, drop=11, cap=21, loose_cap=26, path_lb=1074.92, route_limit=3600}}, incompatible_pair_example={vehicle_capacity_limited_pair={vehicle=0, pickup=1, drop=12, cap=21, loose_cap=30, path_lb=1006.74, route_limit=3600}}, incompatible_pair_example={vehicle_capacity_limited_pair={vehicle=0, pickup=2, drop=3, cap=23, loose_cap=26, path_lb=742.036, route_limit=3600}}, incompatible_pair_example={vehicle_capacity_limited_pair={vehicle=0, pickup=2, drop=4, cap=26, loose_cap=30, path_lb=469.01, route_limit=3600}}, incumbent_cutoff_bound=true, penalty_budget=1.75560234945, min_station_bikes=330, objective_lb=0.386764, lp=results\bound_work\regen_candidate_V12_M1_average_1782142706442408900_15729502191765196471\inventory_gini_bound.lp, pickup_drop_compat_flow_audit_selected=compat, compat_lb=0.386764, no_compat_lb=0.386764, bound_time=24.619181; adaptive split pass 1 child interval 4 bound-fathomed by inherited/relaxation lower bound; adaptive split pass 1 child interval 5 inventory relaxation: inventory-route-Gini integer relaxation time-limited; using valid CPLEX MIP best bound: interval=[0.185136,0.246848], pickup_limit=30, route_visit_cuts=singletons+subsets_up_to_12, integer_inventory_relaxation=true, station_flow_conservation=true, depot_return_capacity=true, station_operation_capacity=true, station_operation_mode_cuts=true, nonzero_visit_operation_cuts=true, route_mask_duration_load_relaxation=true, route_mask_max_v=12, route_mask_support_duration_pruning=true, route_mask_count_before_support_duration=4095, route_mask_count_after_support_duration=4095, route_masks_removed_by_support_duration=0, route_mask_support_duration_max_removed_subset_size=0, route_mask_operation_budget_cuts=true, route_mask_operation_budget_cuts_added=1, route_mask_operation_budget_min=14, route_mask_operation_budget_avg=19.0239, route_mask_operation_budget_max=29, route_mask_operation_budget_tightened_masks=4095, route_mask_operation_budget_zero_masks=0, operation_budget_example={vehicle=0, mask=1, popcount=1, cycle_lb=547.658, pickup_budget=25, route_limit=3600}, operation_budget_example={vehicle=0, mask=2, popcount=1, cycle_lb=446.486, pickup_budget=26, route_limit=3600}, operation_budget_example={vehicle=0, mask=3, popcount=2, cycle_lb=833.916, pickup_budget=23, route_limit=3600}, operation_budget_example={vehicle=0, mask=4, popcount=1, cycle_lb=364.254, pickup_budget=26, route_limit=3600}, operation_budget_example={vehicle=0, mask=5, popcount=2, cycle_lb=595.476, pickup_budget=25, route_limit=3600}, operation_budget_example={vehicle=0, mask=6, popcount=2, cycle_lb=742.036, pickup_budget=23, route_limit=3600}, operation_budget_example={vehicle=0, mask=7, popcount=3, cycle_lb=881.735, pickup_budget=22, route_limit=3600}, operation_budget_example={vehicle=0, mask=8, popcount=1, cycle_lb=247.228, pickup_budget=27, route_limit=3600}, pickup_drop_compat_flow=false, pickup_drop_pairs_total=0, pickup_drop_pairs_compatible=0, pickup_drop_pairs_incompatible=0, pickup_drop_pairs_capacity_limited=0, pickup_drop_transfer_cap_min=0, pickup_drop_transfer_cap_avg=0, pickup_drop_transfer_cap_max=0, pickup_drop_transfer_cap_variables=0, pickup_drop_transfer_cap_constraints=0, pickup_drop_compat_flow_variables=0, pickup_drop_compat_flow_constraints=0, vehicle_indexed_operation_relaxation=true, vehicle_indexed_y_variables=12, vehicle_indexed_pickup_variables=12, vehicle_indexed_drop_variables=12, vehicle_indexed_linking_constraints=48, vehicle_indexed_balance_constraints=2, vehicle_indexed_operation_budget_constraints=1, vehicle_indexed_transfer_flow=false, vehicle_transfer_flow_variables=0, vehicle_transfer_depot_unload_variables=0, vehicle_transfer_flow_balance_constraints=0, vehicle_transfer_mask_linking_constraints=0, vehicle_transfer_pairs_total=0, vehicle_transfer_pairs_zero_cap=0, vehicle_transfer_pairs_capacity_limited=0, vehicle_transfer_cap_min=0, vehicle_transfer_cap_avg=0, vehicle_transfer_cap_max=0, incumbent_cutoff_bound=true, penalty_budget=1.34418897123, penalty_domain_tightening=true, domains_tightened=0, domain_width_before=479, domain_width_after=479, projection_bound_enabled=true, projection_bound_valid=true, projection_bound_lb=0.189574, projection_bound_scope=global, min_station_bikes=330, s_upper=23.0472, objective_lb=0.295525, status=time limit exceeded, lp=results\bound_work\regen_candidate_V12_M1_average_1782142746097742200_15729502191765196471\inventory_gini_bound.lp, pickup_drop_compat_flow_audit_selected=no_compat, compat_lb=0.294173, no_compat_lb=0.295525, bound_time=30.034186; adaptive frontier split pass 2 splitting 1 of 2 unresolved interval(s) by lowest current lower bound, split_batch=all; adaptive split pass 2 child interval 6 inventory relaxation: inventory-route-Gini cutoff relaxation infeasible; no incumbent-improving solution exists in this interval: interval=[0.185136,0.215992], pickup_limit=30, route_visit_cuts=singletons+subsets_up_to_12, integer_inventory_relaxation=true, station_flow_conservation=true, depot_return_capacity=true, station_operation_capacity=true, station_operation_mode_cuts=true, nonzero_visit_operation_cuts=true, route_mask_duration_load_relaxation=true, route_mask_max_v=12, route_mask_support_duration_pruning=true, route_mask_count_before_support_duration=4095, route_mask_count_after_support_duration=4095, route_masks_removed_by_support_duration=0, route_mask_support_duration_max_removed_subset_size=0, route_mask_operation_budget_cuts=true, route_mask_operation_budget_cuts_added=1, route_mask_operation_budget_min=14, route_mask_operation_budget_avg=19.0239, route_mask_operation_budget_max=29, route_mask_operation_budget_tightened_masks=4095, route_mask_operation_budget_zero_masks=0, operation_budget_example={vehicle=0, mask=1, popcount=1, cycle_lb=547.658, pickup_budget=25, route_limit=3600}, operation_budget_example={vehicle=0, mask=2, popcount=1, cycle_lb=446.486, pickup_budget=26, route_limit=3600}, operation_budget_example={vehicle=0, mask=3, popcount=2, cycle_lb=833.916, pickup_budget=23, route_limit=3600}, operation_budget_example={vehicle=0, mask=4, popcount=1, cycle_lb=364.254, pickup_budget=26, route_limit=3600}, operation_budget_example={vehicle=0, mask=5, popcount=2, cycle_lb=595.476, pickup_budget=25, route_limit=3600}, operation_budget_example={vehicle=0, mask=6, popcount=2, cycle_lb=742.036, pickup_budget=23, route_limit=3600}, operation_budget_example={vehicle=0, mask=7, popcount=3, cycle_lb=881.735, pickup_budget=22, route_limit=3600}, operation_budget_example={vehicle=0, mask=8, popcount=1, cycle_lb=247.228, pickup_budget=27, route_limit=3600}, pickup_drop_compat_flow=true, pickup_drop_pairs_total=132, pickup_drop_pairs_compatible=132, pickup_drop_pairs_incompatible=0, pickup_drop_pairs_capacity_limited=45, pickup_drop_transfer_cap_min=5, pickup_drop_transfer_cap_avg=14.8712, pickup_drop_transfer_cap_max=27, pickup_drop_transfer_cap_variables=132, pickup_drop_transfer_cap_constraints=132, pickup_drop_compat_flow_variables=144, pickup_drop_compat_flow_constraints=24, vehicle_indexed_operation_relaxation=true, vehicle_indexed_y_variables=12, vehicle_indexed_pickup_variables=12, vehicle_indexed_drop_variables=12, vehicle_indexed_linking_constraints=48, vehicle_indexed_balance_constraints=2, vehicle_indexed_operation_budget_constraints=1, vehicle_indexed_transfer_flow=true, vehicle_transfer_flow_variables=132, vehicle_transfer_depot_unload_variables=12, vehicle_transfer_flow_balance_constraints=24, vehicle_transfer_mask_linking_constraints=144, vehicle_transfer_pairs_total=132, vehicle_transfer_pairs_zero_cap=0, vehicle_transfer_pairs_capacity_limited=45, vehicle_transfer_cap_min=5, vehicle_transfer_cap_avg=14.8712, vehicle_transfer_cap_max=27, incompatible_pair_example={capacity_limited_pair={pickup=1, drop=3, cap=25, loose_cap=26, path_lb=595.476, route_limit=3600}}, incompatible_pair_example={capacity_limited_pair={pickup=1, drop=4, cap=24, loose_cap=30, path_lb=635.186, route_limit=3600}}, incompatible_pair_example={capacity_limited_pair={pickup=1, drop=6, cap=21, loose_cap=30, path_lb=987.856, route_limit=3600}}, incompatible_pair_example={capacity_limited_pair={pickup=1, drop=10, cap=23, loose_cap=30, path_lb=720.951, route_limit=3600}}, incompatible_pair_example={capacity_limited_pair={pickup=1, drop=11, cap=21, loose_cap=26, path_lb=1074.92, route_limit=3600}}, incompatible_pair_example={capacity_limited_pair={pickup=1, drop=12, cap=21, loose_cap=30, path_lb=1006.74, route_limit=3600}}, incompatible_pair_example={capacity_limited_pair={pickup=2, drop=3, cap=23, loose_cap=26, path_lb=742.036, route_limit=3600}}, incompatible_pair_example={capacity_limited_pair={pickup=2, drop=4, cap=26, loose_cap=30, path_lb=469.01, route_limit=3600}}, incompatible_pair_example={vehicle_capacity_limited_pair={vehicle=0, pickup=1, drop=3, cap=25, loose_cap=26, path_lb=595.476, route_limit=3600}}, incompatible_pair_example={vehicle_capacity_limited_pair={vehicle=0, pickup=1, drop=4, cap=24, loose_cap=30, path_lb=635.186, route_limit=3600}}, incompatible_pair_example={vehicle_capacity_limited_pair={vehicle=0, pickup=1, drop=6, cap=21, loose_cap=30, path_lb=987.856, route_limit=3600}}, incompatible_pair_example={vehicle_capacity_limited_pair={vehicle=0, pickup=1, drop=10, cap=23, loose_cap=30, path_lb=720.951, route_limit=3600}}, incompatible_pair_example={vehicle_capacity_limited_pair={vehicle=0, pickup=1, drop=11, cap=21, loose_cap=26, path_lb=1074.92, route_limit=3600}}, incompatible_pair_example={vehicle_capacity_limited_pair={vehicle=0, pickup=1, drop=12, cap=21, loose_cap=30, path_lb=1006.74, route_limit=3600}}, incompatible_pair_example={vehicle_capacity_limited_pair={vehicle=0, pickup=2, drop=3, cap=23, loose_cap=26, path_lb=742.036, route_limit=3600}}, incompatible_pair_example={vehicle_capacity_limited_pair={vehicle=0, pickup=2, drop=4, cap=26, loose_cap=30, path_lb=469.01, route_limit=3600}}, incumbent_cutoff_bound=true, penalty_budget=1.34418897123, min_station_bikes=330, objective_lb=0.386764, lp=results\bound_work\regen_candidate_V12_M1_average_1782142761095944300_15729502191765196471\inventory_gini_bound.lp, pickup_drop_compat_flow_audit_selected=compat, compat_lb=0.386764, no_compat_lb=0.386764, bound_time=30.028738; adaptive split pass 2 child interval 6 bound-fathomed by inherited/relaxation lower bound; adaptive split pass 2 child interval 7 inventory relaxation: inventory-route-Gini integer relaxation time-limited; using valid CPLEX MIP best bound: interval=[0.215992,0.246848], pickup_limit=30, route_visit_cuts=singletons+subsets_up_to_12, integer_inventory_relaxation=true, station_flow_conservation=true, depot_return_capacity=true, station_operation_capacity=true, station_operation_mode_cuts=true, nonzero_visit_operation_cuts=true, route_mask_duration_load_relaxation=true, route_mask_max_v=12, route_mask_support_duration_pruning=true, route_mask_count_before_support_duration=4095, route_mask_count_after_support_duration=4095, route_masks_removed_by_support_duration=0, route_mask_support_duration_max_removed_subset_size=0, route_mask_operation_budget_cuts=true, route_mask_operation_budget_cuts_added=1, route_mask_operation_budget_min=14, route_mask_operation_budget_avg=19.0239, route_mask_operation_budget_max=29, route_mask_operation_budget_tightened_masks=4095, route_mask_operation_budget_zero_masks=0, operation_budget_example={vehicle=0, mask=1, popcount=1, cycle_lb=547.658, pickup_budget=25, route_limit=3600}, operation_budget_example={vehicle=0, mask=2, popcount=1, cycle_lb=446.486, pickup_budget=26, route_limit=3600}, operation_budget_example={vehicle=0, mask=3, popcount=2, cycle_lb=833.916, pickup_budget=23, route_limit=3600}, operation_budget_example={vehicle=0, mask=4, popcount=1, cycle_lb=364.254, pickup_budget=26, route_limit=3600}, operation_budget_example={vehicle=0, mask=5, popcount=2, cycle_lb=595.476, pickup_budget=25, route_limit=3600}, operation_budget_example={vehicle=0, mask=6, popcount=2, cycle_lb=742.036, pickup_budget=23, route_limit=3600}, operation_budget_example={vehicle=0, mask=7, popcount=3, cycle_lb=881.735, pickup_budget=22, route_limit=3600}, operation_budget_example={vehicle=0, mask=8, popcount=1, cycle_lb=247.228, pickup_budget=27, route_limit=3600}, pickup_drop_compat_flow=false, pickup_drop_pairs_total=0, pickup_drop_pairs_compatible=0, pickup_drop_pairs_incompatible=0, pickup_drop_pairs_capacity_limited=0, pickup_drop_transfer_cap_min=0, pickup_drop_transfer_cap_avg=0, pickup_drop_transfer_cap_max=0, pickup_drop_transfer_cap_variables=0, pickup_drop_transfer_cap_constraints=0, pickup_drop_compat_flow_variables=0, pickup_drop_compat_flow_constraints=0, vehicle_indexed_operation_relaxation=true, vehicle_indexed_y_variables=12, vehicle_indexed_pickup_variables=12, vehicle_indexed_drop_variables=12, vehicle_indexed_linking_constraints=48, vehicle_indexed_balance_constraints=2, vehicle_indexed_operation_budget_constraints=1, vehicle_indexed_transfer_flow=false, vehicle_transfer_flow_variables=0, vehicle_transfer_depot_unload_variables=0, vehicle_transfer_flow_balance_constraints=0, vehicle_transfer_mask_linking_constraints=0, vehicle_transfer_pairs_total=0, vehicle_transfer_pairs_zero_cap=0, vehicle_transfer_pairs_capacity_limited=0, vehicle_transfer_cap_min=0, vehicle_transfer_cap_avg=0, vehicle_transfer_cap_max=0, incumbent_cutoff_bound=true, penalty_budget=1.13848228212, penalty_domain_tightening=true, domains_tightened=0, domain_width_before=479, domain_width_after=479, projection_bound_enabled=true, projection_bound_valid=true, projection_bound_lb=0.22043, projection_bound_scope=global, min_station_bikes=330, s_upper=22.5835, objective_lb=0.325981, status=time limit exceeded, lp=results\bound_work\regen_candidate_V12_M1_average_1782142803686709700_15729502191765196471\inventory_gini_bound.lp, pickup_drop_compat_flow_audit_selected=no_compat, compat_lb=0.323273, no_compat_lb=0.325981, bound_time=25.015000; adaptive frontier split pass 3 splitting 1 of 2 unresolved interval(s) by lowest current lower bound, split_batch=all; adaptive split pass 3 child interval 8 inventory relaxation: inventory-route-Gini integer relaxation time-limited; using valid CPLEX MIP best bound: interval=[0.215992,0.23142], pickup_limit=30, route_visit_cuts=singletons+subsets_up_to_12, integer_inventory_relaxation=true, station_flow_conservation=true, depot_return_capacity=true, station_operation_capacity=true, station_operation_mode_cuts=true, nonzero_visit_operation_cuts=true, route_mask_duration_load_relaxation=true, route_mask_max_v=12, route_mask_support_duration_pruning=true, route_mask_count_before_support_duration=4095, route_mask_count_after_support_duration=4095, route_masks_removed_by_support_duration=0, route_mask_support_duration_max_removed_subset_size=0, route_mask_operation_budget_cuts=true, route_mask_operation_budget_cuts_added=1, route_mask_operation_budget_min=14, route_mask_operation_budget_avg=19.0239, route_mask_operation_budget_max=29, route_mask_operation_budget_tightened_masks=4095, route_mask_operation_budget_zero_masks=0, operation_budget_example={vehicle=0, mask=1, popcount=1, cycle_lb=547.658, pickup_budget=25, route_limit=3600}, operation_budget_example={vehicle=0, mask=2, popcount=1, cycle_lb=446.486, pickup_budget=26, route_limit=3600}, operation_budget_example={vehicle=0, mask=3, popcount=2, cycle_lb=833.916, pickup_budget=23, route_limit=3600}, operation_budget_example={vehicle=0, mask=4, popcount=1, cycle_lb=364.254, pickup_budget=26, route_limit=3600}, operation_budget_example={vehicle=0, mask=5, popcount=2, cycle_lb=595.476, pickup_budget=25, route_limit=3600}, operation_budget_example={vehicle=0, mask=6, popcount=2, cycle_lb=742.036, pickup_budget=23, route_limit=3600}, operation_budget_example={vehicle=0, mask=7, popcount=3, cycle_lb=881.735, pickup_budget=22, route_limit=3600}, operation_budget_example={vehicle=0, mask=8, popcount=1, cycle_lb=247.228, pickup_budget=27, route_limit=3600}, pickup_drop_compat_flow=false, pickup_drop_pairs_total=0, pickup_drop_pairs_compatible=0, pickup_drop_pairs_incompatible=0, pickup_drop_pairs_capacity_limited=0, pickup_drop_transfer_cap_min=0, pickup_drop_transfer_cap_avg=0, pickup_drop_transfer_cap_max=0, pickup_drop_transfer_cap_variables=0, pickup_drop_transfer_cap_constraints=0, pickup_drop_compat_flow_variables=0, pickup_drop_compat_flow_constraints=0, vehicle_indexed_operation_relaxation=true, vehicle_indexed_y_variables=12, vehicle_indexed_pickup_variables=12, vehicle_indexed_drop_variables=12, vehicle_indexed_linking_constraints=48, vehicle_indexed_balance_constraints=2, vehicle_indexed_operation_budget_constraints=1, vehicle_indexed_transfer_flow=false, vehicle_transfer_flow_variables=0, vehicle_transfer_depot_unload_variables=0, vehicle_transfer_flow_balance_constraints=0, vehicle_transfer_mask_linking_constraints=0, vehicle_transfer_pairs_total=0, vehicle_transfer_pairs_zero_cap=0, vehicle_transfer_pairs_capacity_limited=0, vehicle_transfer_cap_min=0, vehicle_transfer_cap_avg=0, vehicle_transfer_cap_max=0, incumbent_cutoff_bound=true, penalty_budget=1.13848228212, penalty_domain_tightening=true, domains_tightened=0, domain_width_before=479, domain_width_after=479, projection_bound_enabled=true, projection_bound_valid=true, projection_bound_lb=0.22043, projection_bound_scope=global, min_station_bikes=330, s_upper=22.5835, objective_lb=0.327428, status=time limit exceeded, lp=results\bound_work\regen_candidate_V12_M1_average_1782142826179351000_15729502191765196471\inventory_gini_bound.lp, pickup_drop_compat_flow_audit_selected=no_compat, compat_lb=0.326899, no_compat_lb=0.327428, bound_time=20.001790; adaptive split pass 3 child interval 9 inherited parent lower bound without relaxation because time expired; route-pool incumbent master before_final_frontier_summary found verified incumbent objective=0.386764, states=591, time=0.000335; UB only, no lower-bound certificate; frontier_interval_ledger: interval_id=0, range=[0,0.123424], status=bound_fathomed, interval_lb=0.493696, cheap_prepass_lb=0.00515451, cheap_sources=gamma_floor|movement_domain|penalty_domain|projection_bound, lb_source=inventory_route_gini_relaxation, lb_sources=gamma_floor|cheap_projection_bound|inventory_route_gini_relaxation, complete_or_fathomed=true, open_nodes=0, pricing_closed=false, certificate_basis=inventory_route_gini_relaxation_fathomed, requires_pricing_closure=false, pricing_closure_available=false, interval_bound_valid=true; frontier_interval_ledger: interval_id=2, range=[0.246848,0.370272], status=unresolved, interval_lb=0.340011, cheap_prepass_lb=0.251286, cheap_sources=gamma_floor|movement_domain|penalty_domain|projection_bound, lb_source=inventory_route_gini_relaxation, lb_sources=gamma_floor|cheap_projection_bound|inventory_route_gini_relaxation|branch_price_tree, complete_or_fathomed=false, open_nodes=1, pricing_closed=false, certificate_basis=unresolved, requires_pricing_closure=false, pricing_closure_available=false, interval_bound_valid=true; frontier_interval_ledger: interval_id=3, range=[0.370272,0.493696], status=bound_fathomed, interval_lb=0.386764, cheap_prepass_lb=0.37471, cheap_sources=gamma_floor|movement_domain|penalty_domain|projection_bound, lb_source=inventory_route_gini_relaxation, lb_sources=gamma_floor|cheap_projection_bound|inventory_route_gini_relaxation, complete_or_fathomed=true, open_nodes=0, pricing_closed=false, certificate_basis=inventory_route_gini_relaxation_fathomed, requires_pricing_closure=false, pricing_closure_available=false, interval_bound_valid=true; frontier_interval_ledger: interval_id=4, range=[0.123424,0.185136], status=bound_fathomed, interval_lb=0.386764, cheap_prepass_lb=0, cheap_sources=gamma_floor, lb_source=inventory_route_gini_relaxation, lb_sources=gamma_floor|inventory_route_gini_relaxation, complete_or_fathomed=true, open_nodes=0, pricing_closed=false, certificate_basis=inventory_route_gini_relaxation_fathomed, requires_pricing_closure=false, pricing_closure_available=false, interval_bound_valid=true; frontier_interval_ledger: interval_id=6, range=[0.185136,0.215992], status=bound_fathomed, interval_lb=0.386764, cheap_prepass_lb=0, cheap_sources=gamma_floor, lb_source=inventory_route_gini_relaxation, lb_sources=gamma_floor|inventory_route_gini_relaxation, complete_or_fathomed=true, open_nodes=0, pricing_closed=false, certificate_basis=inventory_route_gini_relaxation_fathomed, requires_pricing_closure=false, pricing_closure_available=false, interval_bound_valid=true; frontier_interval_ledger: interval_id=8, range=[0.215992,0.23142], status=unresolved, interval_lb=0.327428, cheap_prepass_lb=0, cheap_sources=gamma_floor, lb_source=inventory_route_gini_relaxation, lb_sources=gamma_floor|inventory_route_gini_relaxation, complete_or_fathomed=false, open_nodes=1, pricing_closed=false, certificate_basis=unresolved, requires_pricing_closure=false, pricing_closure_available=false, interval_bound_valid=true; frontier_interval_ledger: interval_id=9, range=[0.23142,0.246848], status=unresolved, interval_lb=0.325981, cheap_prepass_lb=0, cheap_sources=gamma_floor, lb_source=gamma_floor, lb_sources=gamma_floor, complete_or_fathomed=false, open_nodes=1, pricing_closed=false, certificate_basis=unresolved, requires_pricing_closure=false, pricing_closure_available=false, interval_bound_valid=true; frontier certification summary: closed_intervals=0, bound_certified_intervals=4, skipped_intervals=0, relevant_intervals=7, frontier_min_interval_lower_bound=0.325981, frontier_lower_bound_source=gamma_floor, unresolved_intervals=3, invalid_bound_intervals=0, final_full_objective_range=true, frontier_range_certificate_scope=original_full_improving_range, relevant_gini_upper_for_improvement=0.493696, covered_gini_upper_bound=0.493696; periodic progress log written to results\optimization_update_round15\raw\progress_v12_m1_full_relaxed_cg_300s.csv, checkpoints=17, interval_seconds=30.000000"
"regen_V20_M2_average.txt","v20_relaxed_cg_300s","gcap_frontier_not_closed","1.13623075045","0.359195534786","1.13623075045","0.683870961382","304.6471577","True","False","","two-track","two-track","1120","0","32","0","16","16","240","32","0","0","0","0","0","0","False","","False","-0.407459130431","16","16","240","0","","0","0","0","0","False","0","0","False","0","","0","0","0","5","0","5","0.359195534786","gamma_floor","0",,,"26240","25104","0.00352478027344","225.7598632","0","62.9808161","0.0008155","0","4","12552","results\optimization_update_round15\raw\progress_v20_relaxed_cg_300s.csv","results\optimization_update_round15\raw\v20_relaxed_cg_300s.json","logs\optimization_update_round15\v20_relaxed_cg_300s.log","parsed Hybrid GA text format; distances rebuilt from points at speed factor 1.5; Gamma-frontier diagnostic covers Gini intervals with fixed-Gini interval branch-price trees. It reports optimal only if every relevant interval is closed or bound-fathomed and the aggregated lower bound reaches the incumbent. Each interval also uses the valid trivial bound objective>=G>=interval_floor and a final-inventory pickup/route/Gini relaxation bound when it solves.; Optimization flags: column_dominance=true, column_dominance_mode=exact, projection_bound=true, penalty_domain_tightening=true, movement_domain_tightening=true, movement_bound_audit=false, frontier_best_bound_scheduling=true, frontier_relaxation_cache=true, frontier_focused_min_lb_retry=true, frontier_focused_intensification=true, frontier_focused_reserve_fraction=0.250000, frontier_focused_relax_seconds=5.000000, frontier_focused_max_passes=2, frontier_adaptive_split=true, frontier_adaptive_max_depth=3, frontier_adaptive_min_width=0.000100, frontier_adaptive_split_factor=2, route_pool_incumbent=true, route_pool_max_columns_per_vehicle=5000, pickup_drop_compat_flow=true, pickup_drop_transfer_cap_flow=true, vehicle_indexed_operation_relaxation=true, vehicle_indexed_relaxation_audit=false, vehicle_indexed_transfer_flow=true, support_duration_pruning=true, route_mask_support_duration_pruning=true, route_mask_operation_budget_cuts=true, support_duration_min_pickup_rule=ceil_half_support, support_duration_max_subset_size=5, support_feasibility_oracle=false, gcap_pricing_columns=4, frontier_column_cache=false, frontier_iterative_closure=false, frontier_iterative_max_rounds=2, frontier_iterative_round_time=60.000000, pricing_final_verifier=false, pricing_verifier_mode=auto, column_tracks=elementary-only, rmp_column_space=elementary, relaxed_columns_in_rmp=false, large_relaxed_rmp=false; BPC thread policy: requested_threads=1, bpc_workers=1, pricing_threads=1, parallel_frontier=false, parallel_nodes=false, hardware_concurrency=20; restricted-master CPLEX and inventory-bound CPLEX calls use one internal thread each; route-pool collected routes from initial empty incumbent: kept_before=0, kept_after=0, raw=0, removed_by_projection_dominance=0, dropped_by_cap=0; BPC-owned incumbent generator disabled; route-pool collected routes from verified incumbent after seed stage: kept_before=0, kept_after=0, raw=0, removed_by_projection_dominance=0, dropped_by_cap=0; frontier cover range=[0,0.95], intervals=4, incumbent_objective=1.72942, incumbent_G=0.364298, gini_max_possible=0.95, relevant_gini_upper_for_improvement=0.95, frontier_covers_all_improving_gini_values=true, range_scope=original_full_improving_range; interval 0 inventory relaxation: inventory-route-Gini relaxation lower bound: interval=[0,0.2375], pickup_limit=60, route_visit_cuts=singletons+subsets_up_to_5, integer_inventory_relaxation=false, station_flow_conservation=true, depot_return_capacity=true, station_operation_capacity=true, station_operation_mode_cuts=true, nonzero_visit_operation_cuts=true, route_mask_duration_load_relaxation=false, route_mask_max_v=12, route_mask_support_duration_pruning=true, route_mask_count_before_support_duration=0, route_mask_count_after_support_duration=0, route_masks_removed_by_support_duration=0, route_mask_support_duration_max_removed_subset_size=0, route_mask_operation_budget_cuts=true, route_mask_operation_budget_cuts_added=0, route_mask_operation_budget_min=0, route_mask_operation_budget_avg=0, route_mask_operation_budget_max=0, route_mask_operation_budget_tightened_masks=0, route_mask_operation_budget_zero_masks=0, pickup_drop_compat_flow=true, pickup_drop_pairs_total=380, pickup_drop_pairs_compatible=380, pickup_drop_pairs_incompatible=0, pickup_drop_pairs_capacity_limited=48, pickup_drop_transfer_cap_min=1, pickup_drop_transfer_cap_avg=10.7105, pickup_drop_transfer_cap_max=27, pickup_drop_transfer_cap_variables=380, pickup_drop_transfer_cap_constraints=380, pickup_drop_compat_flow_variables=400, pickup_drop_compat_flow_constraints=40, vehicle_indexed_operation_relaxation=false, vehicle_indexed_y_variables=0, vehicle_indexed_pickup_variables=0, vehicle_indexed_drop_variables=0, vehicle_indexed_linking_constraints=0, vehicle_indexed_balance_constraints=0, vehicle_indexed_operation_budget_constraints=0, vehicle_indexed_transfer_flow=false, vehicle_transfer_flow_variables=0, vehicle_transfer_depot_unload_variables=0, vehicle_transfer_flow_balance_constraints=0, vehicle_transfer_mask_linking_constraints=0, vehicle_transfer_pairs_total=0, vehicle_transfer_pairs_zero_cap=0, vehicle_transfer_pairs_capacity_limited=0, vehicle_transfer_cap_min=0, vehicle_transfer_cap_avg=0, vehicle_transfer_cap_max=0, incompatible_pair_example={capacity_limited_pair={pickup=1, drop=2, cap=26, loose_cap=27, path_lb=424.333, route_limit=3600}}, incompatible_pair_example={capacity_limited_pair={pickup=1, drop=8, cap=24, loose_cap=30, path_lb=651.281, route_limit=3600}}, incompatible_pair_example={capacity_limited_pair={pickup=1, drop=9, cap=27, loose_cap=30, path_lb=327.947, route_limit=3600}}, incompatible_pair_example={capacity_limited_pair={pickup=1, drop=11, cap=24, loose_cap=30, path_lb=651.634, route_limit=3600}}, incompatible_pair_example={capacity_limited_pair={pickup=1, drop=14, cap=24, loose_cap=30, path_lb=626.744, route_limit=3600}}, incompatible_pair_example={capacity_limited_pair={pickup=1, drop=16, cap=25, loose_cap=30, path_lb=580.237, route_limit=3600}}, incompatible_pair_example={capacity_limited_pair={pickup=3, drop=2, cap=25, loose_cap=27, path_lb=551.957, route_limit=3600}}, incompatible_pair_example={capacity_limited_pair={pickup=3, drop=8, cap=22, loose_cap=30, path_lb=848.855, route_limit=3600}}, incumbent_cutoff_bound=true, penalty_budget=11.5294595116, penalty_domain_tightening=true, domains_tightened=0, domain_width_before=654, domain_width_after=654, projection_bound_enabled=true, projection_bound_valid=true, projection_bound_lb=0, projection_bound_scope=global, min_station_bikes=355, s_upper=28.3398, objective_lb=0.359196, status=optimal, lp=results\bound_work\regen_V20_M2_average_1782142836177155400_15729502191765196471\inventory_gini_bound.lp, pickup_drop_compat_flow_audit_selected=compat, compat_lb=0.359196, no_compat_lb=0.359196, bound_time=69.735745; route-pool collected BPC columns from initial interval 0: exported_tree=6276, exported_pricing=3138, exported_warmstart=3138, exported_integer_leaves=0, kept_before=0, kept_after=3138, raw=6276, removed_by_projection_dominance=3138, dropped_by_cap=0; route-pool incumbent master after_initial_interval_0 found verified incumbent objective=1.136231, states=1990800, time=5.065054; UB only, no lower-bound certificate; accepted route-pool incumbent master incumbent for frontier cutoff only: objective=1.136231, G=0.283529, P=5.684677; route-pool collected routes from route-pool incumbent master: kept_before=3138, kept_after=3140, raw=6278, removed_by_projection_dominance=3138, dropped_by_cap=0; interval 0 [0,0.2375] complete=false, lower_bound_valid=true, certified_by_bound=false, empty_interval=false, has_incumbent=false, tree_lb=0.268801, interval_lb=0.359196, inventory_relax_lb=0.359196, resource_lb=0.268801, incumbent_metric=inf, incumbent_cutoff=1.13623, nodes=1, columns=3138, pricing_calls=1, pricing_time=0.0002674, master_time=29.3933, bound_time=69.7357, cuts_added=0, open_nodes=1; interval 1 inventory relaxation: inventory-route-Gini relaxation lower bound: interval=[0.2375,0.475], pickup_limit=60, route_visit_cuts=singletons+subsets_up_to_5, integer_inventory_relaxation=false, station_flow_conservation=true, depot_return_capacity=true, station_operation_capacity=true, station_operation_mode_cuts=true, nonzero_visit_operation_cuts=true, route_mask_duration_load_relaxation=false, route_mask_max_v=12, route_mask_support_duration_pruning=true, route_mask_count_before_support_duration=0, route_mask_count_after_support_duration=0, route_masks_removed_by_support_duration=0, route_mask_support_duration_max_removed_subset_size=0, route_mask_operation_budget_cuts=true, route_mask_operation_budget_cuts_added=0, route_mask_operation_budget_min=0, route_mask_operation_budget_avg=0, route_mask_operation_budget_max=0, route_mask_operation_budget_tightened_masks=0, route_mask_operation_budget_zero_masks=0, pickup_drop_compat_flow=true, pickup_drop_pairs_total=380, pickup_drop_pairs_compatible=380, pickup_drop_pairs_incompatible=0, pickup_drop_pairs_capacity_limited=48, pickup_drop_transfer_cap_min=1, pickup_drop_transfer_cap_avg=10.7105, pickup_drop_transfer_cap_max=27, pickup_drop_transfer_cap_variables=380, pickup_drop_transfer_cap_constraints=380, pickup_drop_compat_flow_variables=400, pickup_drop_compat_flow_constraints=40, vehicle_indexed_operation_relaxation=false, vehicle_indexed_y_variables=0, vehicle_indexed_pickup_variables=0, vehicle_indexed_drop_variables=0, vehicle_indexed_linking_constraints=0, vehicle_indexed_balance_constraints=0, vehicle_indexed_operation_budget_constraints=0, vehicle_indexed_transfer_flow=false, vehicle_transfer_flow_variables=0, vehicle_transfer_depot_unload_variables=0, vehicle_transfer_flow_balance_constraints=0, vehicle_transfer_mask_linking_constraints=0, vehicle_transfer_pairs_total=0, vehicle_transfer_pairs_zero_cap=0, vehicle_transfer_pairs_capacity_limited=0, vehicle_transfer_cap_min=0, vehicle_transfer_cap_avg=0, vehicle_transfer_cap_max=0, incompatible_pair_example={capacity_limited_pair={pickup=1, drop=2, cap=26, loose_cap=27, path_lb=424.333, route_limit=3600}}, incompatible_pair_example={capacity_limited_pair={pickup=1, drop=8, cap=24, loose_cap=30, path_lb=651.281, route_limit=3600}}, incompatible_pair_example={capacity_limited_pair={pickup=1, drop=9, cap=27, loose_cap=30, path_lb=327.947, route_limit=3600}}, incompatible_pair_example={capacity_limited_pair={pickup=1, drop=11, cap=24, loose_cap=30, path_lb=651.634, route_limit=3600}}, incompatible_pair_example={capacity_limited_pair={pickup=1, drop=14, cap=24, loose_cap=30, path_lb=626.744, route_limit=3600}}, incompatible_pair_example={capacity_limited_pair={pickup=1, drop=16, cap=25, loose_cap=30, path_lb=580.237, route_limit=3600}}, incompatible_pair_example={capacity_limited_pair={pickup=3, drop=2, cap=25, loose_cap=27, path_lb=551.957, route_limit=3600}}, incompatible_pair_example={capacity_limited_pair={pickup=3, drop=8, cap=22, loose_cap=30, path_lb=848.855, route_limit=3600}}, incumbent_cutoff_bound=true, penalty_budget=5.99153833631, penalty_domain_tightening=true, domains_tightened=0, domain_width_before=654, domain_width_after=654, projection_bound_enabled=true, projection_bound_valid=true, projection_bound_lb=0.2375, projection_bound_scope=global, min_station_bikes=355, s_upper=25.1065, objective_lb=0.506301, status=optimal, lp=results\bound_work\regen_V20_M2_average_1782142940592747900_15729502191765196471\inventory_gini_bound.lp, pickup_drop_compat_flow_audit_selected=compat, compat_lb=0.506301, no_compat_lb=0.506301, bound_time=45.364918; route-pool collected BPC columns from initial interval 1: exported_tree=6276, exported_pricing=3138, exported_warmstart=3138, exported_integer_leaves=0, kept_before=3140, kept_after=3140, raw=12554, removed_by_projection_dominance=9414, dropped_by_cap=0; route-pool incumbent master after_initial_interval_1 found verified incumbent objective=1.136231, states=1993401, time=1.988555; UB only, no lower-bound certificate; interval candidate audit source=initial interval 1, candidate_true_G=0.283529, candidate_true_P=5.68468, candidate_true_objective=1.13623, candidate_surrogate_metric=1.0902, candidate_interval_membership=true, candidate_verifier_passed=true, candidate_rejection_reason=rejected_true_objective_not_improving; route-pool incumbent master after_initial_interval_1 found verified incumbent objective=1.136231, states=1993401, time=1.989734; UB only, no lower-bound certificate; interval 1 [0.2375,0.475] complete=false, lower_bound_valid=true, certified_by_bound=false, empty_interval=false, has_incumbent=true, tree_lb=0.268801, interval_lb=0.506301, inventory_relax_lb=0.506301, resource_lb=0.268801, incumbent_metric=1.0902, incumbent_cutoff=1.13623, nodes=1, columns=3138, pricing_calls=1, pricing_time=0.0001822, master_time=17.1195, bound_time=45.3649, cuts_added=0, open_nodes=1; interval 2 inventory relaxation: inventory-route-Gini relaxation lower bound: interval=[0.475,0.7125], pickup_limit=60, route_visit_cuts=singletons+subsets_up_to_5, integer_inventory_relaxation=false, station_flow_conservation=true, depot_return_capacity=true, station_operation_capacity=true, station_operation_mode_cuts=true, nonzero_visit_operation_cuts=true, route_mask_duration_load_relaxation=false, route_mask_max_v=12, route_mask_support_duration_pruning=true, route_mask_count_before_support_duration=0, route_mask_count_after_support_duration=0, route_masks_removed_by_support_duration=0, route_mask_support_duration_max_removed_subset_size=0, route_mask_operation_budget_cuts=true, route_mask_operation_budget_cuts_added=0, route_mask_operation_budget_min=0, route_mask_operation_budget_avg=0, route_mask_operation_budget_max=0, route_mask_operation_budget_tightened_masks=0, route_mask_operation_budget_zero_masks=0, pickup_drop_compat_flow=true, pickup_drop_pairs_total=380, pickup_drop_pairs_compatible=380, pickup_drop_pairs_incompatible=0, pickup_drop_pairs_capacity_limited=48, pickup_drop_transfer_cap_min=1, pickup_drop_transfer_cap_avg=10.7105, pickup_drop_transfer_cap_max=27, pickup_drop_transfer_cap_variables=380, pickup_drop_transfer_cap_constraints=380, pickup_drop_compat_flow_variables=400, pickup_drop_compat_flow_constraints=40, vehicle_indexed_operation_relaxation=false, vehicle_indexed_y_variables=0, vehicle_indexed_pickup_variables=0, vehicle_indexed_drop_variables=0, vehicle_indexed_linking_constraints=0, vehicle_indexed_balance_constraints=0, vehicle_indexed_operation_budget_constraints=0, vehicle_indexed_transfer_flow=false, vehicle_transfer_flow_variables=0, vehicle_transfer_depot_unload_variables=0, vehicle_transfer_flow_balance_constraints=0, vehicle_transfer_mask_linking_constraints=0, vehicle_transfer_pairs_total=0, vehicle_transfer_pairs_zero_cap=0, vehicle_transfer_pairs_capacity_limited=0, vehicle_transfer_cap_min=0, vehicle_transfer_cap_avg=0, vehicle_transfer_cap_max=0, incompatible_pair_example={capacity_limited_pair={pickup=1, drop=2, cap=26, loose_cap=27, path_lb=424.333, route_limit=3600}}, incompatible_pair_example={capacity_limited_pair={pickup=1, drop=8, cap=24, loose_cap=30, path_lb=651.281, route_limit=3600}}, incompatible_pair_example={capacity_limited_pair={pickup=1, drop=9, cap=27, loose_cap=30, path_lb=327.947, route_limit=3600}}, incompatible_pair_example={capacity_limited_pair={pickup=1, drop=11, cap=24, loose_cap=30, path_lb=651.634, route_limit=3600}}, incompatible_pair_example={capacity_limited_pair={pickup=1, drop=14, cap=24, loose_cap=30, path_lb=626.744, route_limit=3600}}, incompatible_pair_example={capacity_limited_pair={pickup=1, drop=16, cap=25, loose_cap=30, path_lb=580.237, route_limit=3600}}, incompatible_pair_example={capacity_limited_pair={pickup=3, drop=2, cap=25, loose_cap=27, path_lb=551.957, route_limit=3600}}, incompatible_pair_example={capacity_limited_pair={pickup=3, drop=8, cap=22, loose_cap=30, path_lb=848.855, route_limit=3600}}, incumbent_cutoff_bound=true, penalty_budget=4.40820500297, penalty_domain_tightening=true, domains_tightened=0, domain_width_before=654, domain_width_after=654, projection_bound_enabled=true, projection_bound_valid=true, projection_bound_lb=0.475, projection_bound_scope=global, min_station_bikes=355, s_upper=24.0717, objective_lb=0.743801, status=optimal, lp=results\bound_work\regen_V20_M2_average_1782143007269590900_15729502191765196471\inventory_gini_bound.lp, pickup_drop_compat_flow_audit_selected=compat, compat_lb=0.743801, no_compat_lb=0.743801, bound_time=33.797204; route-pool collected BPC columns from initial interval 2: exported_tree=6276, exported_pricing=3138, exported_warmstart=3138, exported_integer_leaves=0, kept_before=3140, kept_after=3140, raw=18830, removed_by_projection_dominance=15690, dropped_by_cap=0; route-pool incumbent master after_initial_interval_2 found verified incumbent objective=1.136231, states=1993401, time=2.013540; UB only, no lower-bound certificate; interval 2 [0.475,0.7125] complete=false, lower_bound_valid=true, certified_by_bound=false, empty_interval=false, has_incumbent=false, tree_lb=0.475, interval_lb=0.743801, inventory_relax_lb=0.743801, resource_lb=0.268801, incumbent_metric=inf, incumbent_cutoff=1.13623, nodes=1, columns=3138, pricing_calls=1, pricing_time=0.0001818, master_time=11.1924, bound_time=33.7972, cuts_added=0, open_nodes=1; interval 3 inventory relaxation: inventory-route-Gini relaxation lower bound: interval=[0.7125,0.95], pickup_limit=60, route_visit_cuts=singletons+subsets_up_to_5, integer_inventory_relaxation=false, station_flow_conservation=true, depot_return_capacity=true, station_operation_capacity=true, station_operation_mode_cuts=true, nonzero_visit_operation_cuts=true, route_mask_duration_load_relaxation=false, route_mask_max_v=12, route_mask_support_duration_pruning=true, route_mask_count_before_support_duration=0, route_mask_count_after_support_duration=0, route_masks_removed_by_support_duration=0, route_mask_support_duration_max_removed_subset_size=0, route_mask_operation_budget_cuts=true, route_mask_operation_budget_cuts_added=0, route_mask_operation_budget_min=0, route_mask_operation_budget_avg=0, route_mask_operation_budget_max=0, route_mask_operation_budget_tightened_masks=0, route_mask_operation_budget_zero_masks=0, pickup_drop_compat_flow=true, pickup_drop_pairs_total=380, pickup_drop_pairs_compatible=380, pickup_drop_pairs_incompatible=0, pickup_drop_pairs_capacity_limited=48, pickup_drop_transfer_cap_min=1, pickup_drop_transfer_cap_avg=10.7105, pickup_drop_transfer_cap_max=27, pickup_drop_transfer_cap_variables=380, pickup_drop_transfer_cap_constraints=380, pickup_drop_compat_flow_variables=400, pickup_drop_compat_flow_constraints=40, vehicle_indexed_operation_relaxation=false, vehicle_indexed_y_variables=0, vehicle_indexed_pickup_variables=0, vehicle_indexed_drop_variables=0, vehicle_indexed_linking_constraints=0, vehicle_indexed_balance_constraints=0, vehicle_indexed_operation_budget_constraints=0, vehicle_indexed_transfer_flow=false, vehicle_transfer_flow_variables=0, vehicle_transfer_depot_unload_variables=0, vehicle_transfer_flow_balance_constraints=0, vehicle_transfer_mask_linking_constraints=0, vehicle_transfer_pairs_total=0, vehicle_transfer_pairs_zero_cap=0, vehicle_transfer_pairs_capacity_limited=0, vehicle_transfer_cap_min=0, vehicle_transfer_cap_avg=0, vehicle_transfer_cap_max=0, incompatible_pair_example={capacity_limited_pair={pickup=1, drop=2, cap=26, loose_cap=27, path_lb=424.333, route_limit=3600}}, incompatible_pair_example={capacity_limited_pair={pickup=1, drop=8, cap=24, loose_cap=30, path_lb=651.281, route_limit=3600}}, incompatible_pair_example={capacity_limited_pair={pickup=1, drop=9, cap=27, loose_cap=30, path_lb=327.947, route_limit=3600}}, incompatible_pair_example={capacity_limited_pair={pickup=1, drop=11, cap=24, loose_cap=30, path_lb=651.634, route_limit=3600}}, incompatible_pair_example={capacity_limited_pair={pickup=1, drop=14, cap=24, loose_cap=30, path_lb=626.744, route_limit=3600}}, incompatible_pair_example={capacity_limited_pair={pickup=1, drop=16, cap=25, loose_cap=30, path_lb=580.237, route_limit=3600}}, incompatible_pair_example={capacity_limited_pair={pickup=3, drop=2, cap=25, loose_cap=27, path_lb=551.957, route_limit=3600}}, incompatible_pair_example={capacity_limited_pair={pickup=3, drop=8, cap=22, loose_cap=30, path_lb=848.855, route_limit=3600}}, incumbent_cutoff_bound=true, penalty_budget=2.82487166964, penalty_domain_tightening=true, domains_tightened=0, domain_width_before=654, domain_width_after=654, projection_bound_enabled=true, projection_bound_valid=true, projection_bound_lb=0.7125, projection_bound_scope=global, min_station_bikes=355, s_upper=22.9508, objective_lb=0.981301, status=optimal, lp=results\bound_work\regen_V20_M2_average_1782143054490660100_15729502191765196471\inventory_gini_bound.lp, pickup_drop_compat_flow_audit_selected=compat, compat_lb=0.981301, no_compat_lb=0.981301, bound_time=21.604989; route-pool collected BPC columns from initial interval 3: exported_tree=6276, exported_pricing=3138, exported_warmstart=3138, exported_integer_leaves=0, kept_before=3140, kept_after=3140, raw=25106, removed_by_projection_dominance=21966, dropped_by_cap=0; route-pool incumbent master after_initial_interval_3 found verified incumbent objective=1.136231, states=1993401, time=2.000528; UB only, no lower-bound certificate; interval 3 [0.7125,0.95] complete=false, lower_bound_valid=true, certified_by_bound=false, empty_interval=false, has_incumbent=false, tree_lb=0.7125, interval_lb=0.981301, inventory_relax_lb=0.981301, resource_lb=0.268801, incumbent_metric=inf, incumbent_cutoff=1.13623, nodes=1, columns=3138, pricing_calls=1, pricing_time=0.0001841, master_time=5.27556, bound_time=21.605, cuts_added=0, open_nodes=1; adaptive frontier split pass 1 splitting 1 of 4 unresolved interval(s) by lowest current lower bound, split_batch=all; adaptive split pass 1 child interval 4 inventory relaxation: inventory-route-Gini relaxation lower bound: interval=[0,0.11875], pickup_limit=60, route_visit_cuts=singletons+subsets_up_to_5, integer_inventory_relaxation=false, station_flow_conservation=true, depot_return_capacity=true, station_operation_capacity=true, station_operation_mode_cuts=true, nonzero_visit_operation_cuts=true, route_mask_duration_load_relaxation=false, route_mask_max_v=12, route_mask_support_duration_pruning=true, route_mask_count_before_support_duration=0, route_mask_count_after_support_duration=0, route_masks_removed_by_support_duration=0, route_mask_support_duration_max_removed_subset_size=0, route_mask_operation_budget_cuts=true, route_mask_operation_budget_cuts_added=0, route_mask_operation_budget_min=0, route_mask_operation_budget_avg=0, route_mask_operation_budget_max=0, route_mask_operation_budget_tightened_masks=0, route_mask_operation_budget_zero_masks=0, pickup_drop_compat_flow=true, pickup_drop_pairs_total=380, pickup_drop_pairs_compatible=380, pickup_drop_pairs_incompatible=0, pickup_drop_pairs_capacity_limited=48, pickup_drop_transfer_cap_min=1, pickup_drop_transfer_cap_avg=10.7105, pickup_drop_transfer_cap_max=27, pickup_drop_transfer_cap_variables=380, pickup_drop_transfer_cap_constraints=380, pickup_drop_compat_flow_variables=400, pickup_drop_compat_flow_constraints=40, vehicle_indexed_operation_relaxation=false, vehicle_indexed_y_variables=0, vehicle_indexed_pickup_variables=0, vehicle_indexed_drop_variables=0, vehicle_indexed_linking_constraints=0, vehicle_indexed_balance_constraints=0, vehicle_indexed_operation_budget_constraints=0, vehicle_indexed_transfer_flow=false, vehicle_transfer_flow_variables=0, vehicle_transfer_depot_unload_variables=0, vehicle_transfer_flow_balance_constraints=0, vehicle_transfer_mask_linking_constraints=0, vehicle_transfer_pairs_total=0, vehicle_transfer_pairs_zero_cap=0, vehicle_transfer_pairs_capacity_limited=0, vehicle_transfer_cap_min=0, vehicle_transfer_cap_avg=0, vehicle_transfer_cap_max=0, incompatible_pair_example={capacity_limited_pair={pickup=1, drop=2, cap=26, loose_cap=27, path_lb=424.333, route_limit=3600}}, incompatible_pair_example={capacity_limited_pair={pickup=1, drop=8, cap=24, loose_cap=30, path_lb=651.281, route_limit=3600}}, incompatible_pair_example={capacity_limited_pair={pickup=1, drop=9, cap=27, loose_cap=30, path_lb=327.947, route_limit=3600}}, incompatible_pair_example={capacity_limited_pair={pickup=1, drop=11, cap=24, loose_cap=30, path_lb=651.634, route_limit=3600}}, incompatible_pair_example={capacity_limited_pair={pickup=1, drop=14, cap=24, loose_cap=30, path_lb=626.744, route_limit=3600}}, incompatible_pair_example={capacity_limited_pair={pickup=1, drop=16, cap=25, loose_cap=30, path_lb=580.237, route_limit=3600}}, incompatible_pair_example={capacity_limited_pair={pickup=3, drop=2, cap=25, loose_cap=27, path_lb=551.957, route_limit=3600}}, incompatible_pair_example={capacity_limited_pair={pickup=3, drop=8, cap=22, loose_cap=30, path_lb=848.855, route_limit=3600}}, incumbent_cutoff_bound=true, penalty_budget=7.57487166964, penalty_domain_tightening=true, domains_tightened=0, domain_width_before=654, domain_width_after=654, projection_bound_enabled=true, projection_bound_valid=true, projection_bound_lb=0, projection_bound_scope=global, min_station_bikes=355, s_upper=26.1287, objective_lb=0.380133, status=optimal, lp=results\bound_work\regen_V20_M2_average_1782143083587411500_15729502191765196471\inventory_gini_bound.lp, pickup_drop_compat_flow_audit_selected=compat, compat_lb=0.380133, no_compat_lb=0.380133, bound_time=55.257007; adaptive split pass 1 child interval 5 inherited parent lower bound without relaxation because time expired; route-pool incumbent master before_final_frontier_summary found verified incumbent objective=1.136231, states=1993401, time=1.979160; UB only, no lower-bound certificate; frontier_interval_ledger: interval_id=1, range=[0.2375,0.475], status=unresolved, interval_lb=0.506301, cheap_prepass_lb=0.2375, cheap_sources=gamma_floor|movement_domain|penalty_domain|projection_bound, lb_source=inventory_route_gini_relaxation, lb_sources=gamma_floor|inventory_route_gini_relaxation|branch_price_tree, complete_or_fathomed=false, open_nodes=1, pricing_closed=false, certificate_basis=unresolved, requires_pricing_closure=false, pricing_closure_available=false, interval_bound_valid=true; frontier_interval_ledger: interval_id=2, range=[0.475,0.7125], status=unresolved, interval_lb=0.743801, cheap_prepass_lb=0.475, cheap_sources=gamma_floor|movement_domain|penalty_domain|projection_bound, lb_source=inventory_route_gini_relaxation, lb_sources=gamma_floor|inventory_route_gini_relaxation|branch_price_tree, complete_or_fathomed=false, open_nodes=1, pricing_closed=false, certificate_basis=unresolved, requires_pricing_closure=false, pricing_closure_available=false, interval_bound_valid=true; frontier_interval_ledger: interval_id=3, range=[0.7125,0.95], status=unresolved, interval_lb=0.981301, cheap_prepass_lb=0.7125, cheap_sources=gamma_floor|movement_domain|penalty_domain|projection_bound, lb_source=inventory_route_gini_relaxation, lb_sources=gamma_floor|inventory_route_gini_relaxation|branch_price_tree, complete_or_fathomed=false, open_nodes=1, pricing_closed=false, certificate_basis=unresolved, requires_pricing_closure=false, pricing_closure_available=false, interval_bound_valid=true; frontier_interval_ledger: interval_id=4, range=[0,0.11875], status=unresolved, interval_lb=0.380133, cheap_prepass_lb=0, cheap_sources=gamma_floor, lb_source=inventory_route_gini_relaxation, lb_sources=gamma_floor|inventory_route_gini_relaxation, complete_or_fathomed=false, open_nodes=1, pricing_closed=false, certificate_basis=unresolved, requires_pricing_closure=false, pricing_closure_available=false, interval_bound_valid=true; frontier_interval_ledger: interval_id=5, range=[0.11875,0.2375], status=unresolved, interval_lb=0.359196, cheap_prepass_lb=0, cheap_sources=gamma_floor, lb_source=gamma_floor, lb_sources=gamma_floor, complete_or_fathomed=false, open_nodes=1, pricing_closed=false, certificate_basis=unresolved, requires_pricing_closure=false, pricing_closure_available=false, interval_bound_valid=true; frontier certification summary: closed_intervals=0, bound_certified_intervals=0, skipped_intervals=0, relevant_intervals=5, frontier_min_interval_lower_bound=0.359196, frontier_lower_bound_source=gamma_floor, unresolved_intervals=5, invalid_bound_intervals=0, final_full_objective_range=true, frontier_range_certificate_scope=original_full_improving_range, relevant_gini_upper_for_improvement=0.95, covered_gini_upper_bound=0.95; periodic progress log written to results\optimization_update_round15\raw\progress_v20_relaxed_cg_300s.csv, checkpoints=15, interval_seconds=30.000000"
"regen_V50_M3_average.txt","v50_relaxed_cg_300s","diagnostic_complete","3.25947584043","0","3.25947584043","1","0.0110399","True","False","large_relaxed_rmp_diagnostic","two-track","two-track","6048","0","972","0","972","0","4644","0","0","12","0","0","0","337.944378217","False","","False","0","972","0","4644","0","","0","0","0","0","True","0","0","False","0","no_valid_relaxed_columns","0","0","0","0","0","0","0","","6048",,,"7020","7020","0.0204277038574","0","0","0","0","0","6048","7020","results\optimization_update_round15\raw\progress_v50_relaxed_cg_300s.csv","results\optimization_update_round15\raw\v50_relaxed_cg_300s.json","logs\optimization_update_round15\v50_relaxed_cg_300s.log","parsed Hybrid GA text format; distances rebuilt from points at speed factor 1.5; Pricing diagnostic minimizes route duration over one route-load column with nonnegative reduced-cost pruning; relaxed ng-DSSR pricing is diagnostic unless exact final verification completes.; vehicle 0 pricing_complete=false, engine=hybrid, dssr_rounds=4, columns=2340, route_states=2016, operation_states=0, support_duration_cuts=0, support_duration_pruned_labels=0, best_reduced_cost=337.944; vehicle 1 pricing_complete=false, engine=hybrid, dssr_rounds=4, columns=2340, route_states=2016, operation_states=0, support_duration_cuts=0, support_duration_pruned_labels=0, best_reduced_cost=337.944; vehicle 2 pricing_complete=false, engine=hybrid, dssr_rounds=4, columns=2340, route_states=2016, operation_states=0, support_duration_cuts=0, support_duration_pruned_labels=0, best_reduced_cost=337.944; large-relaxed-rmp-test: all-subset mask relaxations remain disabled for large V; relaxed RMP rows are diagnostic unless ng-relaxed pricing closes"
"regen_V100_M5_average.txt","v100_relaxed_cg_300s","diagnostic_complete","6.62899864046","0","6.62899864046","1","0.0124503","True","False","large_relaxed_rmp_diagnostic","two-track","two-track","10080","0","520","0","520","0","8840","0","0","20","0","0","0","270.875838714","False","","False","0","520","0","8840","0","","0","0","0","0","True","0","0","False","0","no_valid_relaxed_columns","0","0","0","0","0","0","0","","10080",,,"10600","10600","0.0797538757324","0","0","0","0","0","10080","10600","results\optimization_update_round15\raw\progress_v100_relaxed_cg_300s.csv","results\optimization_update_round15\raw\v100_relaxed_cg_300s.json","logs\optimization_update_round15\v100_relaxed_cg_300s.log","parsed Hybrid GA text format; distances rebuilt from points at speed factor 1.5; Pricing diagnostic minimizes route duration over one route-load column with nonnegative reduced-cost pruning; relaxed ng-DSSR pricing is diagnostic unless exact final verification completes.; vehicle 0 pricing_complete=false, engine=hybrid, dssr_rounds=4, columns=2120, route_states=2016, operation_states=0, support_duration_cuts=0, support_duration_pruned_labels=0, best_reduced_cost=270.876; vehicle 1 pricing_complete=false, engine=hybrid, dssr_rounds=4, columns=2120, route_states=2016, operation_states=0, support_duration_cuts=0, support_duration_pruned_labels=0, best_reduced_cost=270.876; vehicle 2 pricing_complete=false, engine=hybrid, dssr_rounds=4, columns=2120, route_states=2016, operation_states=0, support_duration_cuts=0, support_duration_pruned_labels=0, best_reduced_cost=270.876; vehicle 3 pricing_complete=false, engine=hybrid, dssr_rounds=4, columns=2120, route_states=2016, operation_states=0, support_duration_cuts=0, support_duration_pruned_labels=0, best_reduced_cost=270.876; vehicle 4 pricing_complete=false, engine=hybrid, dssr_rounds=4, columns=2120, route_states=2016, operation_states=0, support_duration_cuts=0, support_duration_pruned_labels=0, best_reduced_cost=270.876; large-relaxed-rmp-test: all-subset mask relaxations remain disabled for large V; relaxed RMP rows are diagnostic unless ng-relaxed pricing closes"
