50 4 [30, 30, 30, 30]
capacities = [100000, 50, 32, 23, 39, 27, 28, 21, 29, 42, 29, 50, 36, 21, 20, 35, 31, 26, 20, 41, 41, 37, 31, 28, 49, 36, 24, 42, 38, 46, 36, 28, 38, 47, 42, 42, 50, 26, 24, 33, 30, 21, 50, 31, 26, 23, 50, 20, 23, 45, 31]
initial     = [50000, 30, 22, 4, 12, 9, 9, 2, 23, 21, 22, 23, 8, 8, 16, 8, 8, 16, 19, 27, 23, 22, 17, 20, 35, 17, 14, 29, 9, 13, 15, 16, 25, 29, 20, 26, 30, 25, 1, 12, 23, 12, 15, 4, 11, 22, 22, 9, 0, 16, 17]
target      = [0, 35, 28, 4, 25, 12, 21, 1, 14, 25, 6, 21, 12, 21, 10, 16, 18, 10, 1, 9, 26, 28, 11, 2, 27, 24, 3, 20, 13, 12, 10, 16, 25, 35, 9, 20, 28, 3, 23, 26, 27, 21, 37, 15, 12, 13, 24, 7, 6, 15, 10]
weights    = [0.000000, 0.057540, 0.061310, 0.050000, 0.077444, 0.063194, 0.080159, 0.102778, 0.083929, 0.058444, 0.190741, 0.055026, 0.067593, 0.082672, 0.081667, 0.076389, 0.079321, 0.081667, 1.000000, 0.155556, 0.056090, 0.061310, 0.078788, 0.525000, 0.065638, 0.065394, 0.243519, 0.073750, 0.066239, 0.054398, 0.076389, 0.050000, 0.050000, 0.059048, 0.114506, 0.065833, 0.053770, 0.437037, 0.100483, 0.078419, 0.057819, 0.072619, 0.081381, 0.088704, 0.054398, 0.086538, 0.054398, 0.065079, 0.102778, 0.053519, 0.086944]
min_ratio  = [0.0000, 0.6000, 0.5500, 0.7000, 0.3360, 0.5250, 0.3000, 0.7000, 0.7000, 0.5880, 0.7000, 0.7000, 0.4667, 0.2667, 0.7000, 0.3500, 0.3111, 0.7000, 0.7000, 0.7000, 0.6192, 0.5500, 0.7000, 0.7000, 0.7000, 0.4958, 0.7000, 0.7000, 0.4846, 0.7000, 0.7000, 0.7000, 0.7000, 0.5800, 0.7000, 0.7000, 0.7000, 0.7000, 0.0304, 0.3231, 0.5963, 0.4000, 0.2838, 0.1867, 0.6417, 0.7000, 0.6417, 0.7000, 0.0000, 0.7000, 0.7000]
points = [(584400.000, 4511800.000), (584041.532, 4511528.117), (584615.412, 4511819.452), (584386.753, 4512291.860), (584118.056, 4511527.057), (584731.555, 4511683.052), (584268.190, 4512240.105), (584143.045, 4511466.320), (584714.562, 4511722.369), (584305.518, 4512146.252), (584198.450, 4511438.794), (584628.072, 4511842.445), (584292.689, 4512296.537), (584056.893, 4511501.427), (584737.255, 4511801.014), (584402.338, 4512185.069), (584115.332, 4511468.057), (584725.416, 4511736.830), (584250.865, 4512161.885), (584177.895, 4511541.408), (584626.062, 4511801.389), (584237.895, 4512184.980), (584137.517, 4511488.743), (584678.295, 4511803.807), (584336.619, 4512212.693), (584096.953, 4511583.872), (584679.044, 4511816.864), (584255.815, 4512218.497), (584155.852, 4511533.773), (584719.360, 4511683.592), (584380.775, 4512153.496), (584035.726, 4511444.479), (584626.799, 4511679.373), (584271.738, 4512171.433), (584182.762, 4511469.537), (584626.171, 4511693.515), (584288.804, 4512145.681), (584079.872, 4511461.414), (584632.399, 4511797.699), (584357.598, 4512254.470), (584097.015, 4511547.382), (584660.948, 4511771.713), (584303.764, 4512197.676), (584099.250, 4511494.778), (584682.812, 4511764.662), (584302.769, 4512161.350), (584185.104, 4511545.776), (584710.520, 4511792.861), (584256.480, 4512214.746), (584146.039, 4511485.837), (584667.230, 4511836.116)]
distances = [
{0.0000000000, 299.9404924042, 144.1923253436, 328.0255698769, 261.6106525057, 234.3838757528, 306.2796740275, 280.7673726096, 215.9998189351, 239.2741763735, 275.7552674514, 154.6586423336, 338.6670886412, 303.2184762605, 224.8376829043, 256.7173984539, 291.5262713322, 220.9937374236, 260.9401816933, 227.2545841015, 150.7108447989, 278.4781111888, 271.4391647318, 185.5473587632, 278.3544210854, 248.1476232611, 186.3687484913, 295.0924926447, 240.8181069540, 226.6094359749, 236.0122620555, 339.3397042734, 171.2550528436, 261.9699848228, 263.6480339083, 166.6565016448, 242.0834605181, 310.6426426906, 154.9402606053, 304.2958432577, 262.9877598748, 174.9844603551, 272.7698001140, 285.6657190059, 190.0074870900, 249.4684926539, 221.9210400042, 207.0680357553, 292.5840695263, 269.3156595602, 179.7729906249}
{299.9404924042, 0.0000000000, 429.0632362743, 558.7608945559, 51.0208940903, 471.4689077785, 498.1301753599, 79.2289463879, 467.0014134664, 448.0969569794, 120.3732289413, 443.6371205711, 538.9492390234, 20.5298310971, 498.2205068880, 499.6740715220, 63.4337575742, 476.6822570062, 444.9630110536, 91.3394607434, 430.1694275435, 457.0569760442, 69.1646412586, 462.5879348329, 496.9778163372, 52.4091055112, 466.5696947596, 481.9136614651, 76.3065534858, 463.6201861242, 474.3110590651, 55.8928525738, 402.9975675830, 455.5096185313, 101.9314133240, 405.0565166190, 443.4855558616, 51.2910900166, 432.9733204063, 528.0935931212, 39.1549827340, 443.7292429060, 479.3861242629, 44.4365037377, 455.6770666577, 456.6685170074, 96.4359533346, 479.6453920137, 479.6582238524, 75.1570546668, 464.9307576668}
{144.1923253436, 429.0632362743, 0.0000000000, 349.8915747903, 384.6255476352, 119.4322801123, 363.6311095931, 393.1823394431, 92.5102550206, 300.2462183953, 376.3909447535, 17.4986177109, 383.9908748649, 428.4770830048, 82.1534512509, 282.1160676549, 407.4628557984, 91.7176219586, 333.4365671463, 345.5942329926, 13.9792619257, 350.3203639043, 387.4429412935, 43.1999882407, 321.3610091334, 379.6475974612, 42.4564046627, 358.1104202367, 360.7448372716, 114.0431230404, 272.1436840310, 460.2610898293, 93.6940411006, 327.9582918180, 370.9606326673, 84.2638291980, 307.7503650004, 429.4670087155, 18.3998934536, 337.1176642065, 390.3033205135, 43.9825188350, 326.7196352160, 406.5226064616, 57.9068374393, 308.8616287474, 339.9761611512, 65.8368790438, 355.9585038616, 383.9039123725, 36.2877023554}
{328.0255698769, 558.7608945559, 349.8915747903, 0.0000000000, 540.4202918382, 466.4454714199, 86.2445231601, 573.8408144983, 438.0658192872, 111.1571757848, 582.4010150197, 340.0710396282, 62.7868012492, 570.9998821130, 402.0953163506, 71.9481600600, 578.2428332843, 433.4619954989, 125.3600134176, 519.3157328934, 363.8257209904, 122.1693516103, 560.6010660734, 379.0001281579, 62.4707285946, 510.0026353500, 371.8155030521, 100.0597368531, 528.3143724759, 462.1771551993, 92.3287194515, 611.4734531860, 438.5645308077, 111.0177414331, 564.8313197215, 429.6446685601, 117.3073960767, 590.2227478119, 367.8991717168, 31.6089025789, 532.5809697974, 391.9953512388, 83.6867173241, 564.8982955595, 403.0928554100, 103.4648031537, 515.2361504993, 396.5546465303, 100.9237853807, 560.7995507706, 356.7569611965}
{261.6106525057, 51.0208940903, 384.6255476352, 540.4202918382, 0.0000000000, 422.0139350127, 485.7880965838, 43.7844888312, 418.4448379310, 431.3000757242, 79.5921615489, 399.7698842530, 526.0317502408, 44.2106546685, 451.3977499330, 477.8637870394, 39.3752329150, 428.3772382837, 432.3809123471, 41.0238798858, 384.8971823807, 445.8320859051, 28.6487782716, 416.5777503106, 479.7529500644, 40.4050647763, 420.9489984378, 470.0197705920, 25.5920323712, 414.2300523681, 452.8659814914, 77.7384646218, 354.0367864784, 441.6326208263, 57.7173836169, 356.4573335783, 427.8372135286, 50.6272711096, 387.4680281078, 510.5596242611, 19.5030402873, 396.9821053903, 463.9048295238, 24.9051487493, 408.4689437730, 440.4273188709, 46.4080226062, 432.9051000504, 467.6548416169, 33.2140310978, 420.1108571991}
{234.3838757528, 471.4689077785, 119.4322801123, 466.4454714199, 422.0139350127, 0.0000000000, 483.0528694480, 418.0998179191, 28.5547313689, 419.5562551973, 390.9321689326, 126.6927337003, 502.8661015421, 465.7879607571, 78.7330890317, 400.2248819951, 435.1008239498, 36.0848420315, 452.3243270971, 380.9942655364, 105.6880496095, 469.3408677351, 416.6731375099, 87.9858514509, 440.4513003610, 428.2036746970, 95.8310004701, 477.5073684716, 396.4947325138, 8.1379665765, 391.2169989127, 490.3944324362, 69.8803885285, 447.1875940687, 392.5769065910, 70.6014221607, 426.9030801491, 458.8943889796, 101.0519051335, 455.2715275635, 432.5877485808, 75.5604875288, 446.1404866217, 439.8265881009, 63.3721710704, 428.2400212755, 375.6200181490, 74.5370532938, 475.3453786511, 411.8914325569, 110.6873348593}
{306.2796740275, 498.1301753599, 363.6311095931, 86.2445231601, 485.7880965838, 483.0528694480, 0.0000000000, 522.5597242847, 455.7282465488, 67.3358586755, 536.2267291287, 357.5525008997, 41.0136650664, 512.2029154732, 428.3419612652, 96.6658556289, 524.6898268792, 453.3045778632, 53.4104610024, 469.6716038704, 377.4440927196, 41.9340892883, 508.4268932366, 399.1892092894, 49.1435348298, 452.1375702436, 393.2395105035, 16.6004857894, 476.8063760147, 477.6149486165, 94.6960074391, 552.5939812164, 443.7320466257, 45.8423961369, 516.8593128199, 435.5895236277, 64.4319754025, 534.0925190788, 382.0245858972, 60.3697631784, 475.7058079454, 407.5127331224, 36.9126868708, 509.4890950876, 420.5591247290, 57.3413066786, 466.1883470769, 419.3556032438, 18.6214091961, 509.3966289751, 378.5586898406}
{280.7673726096, 79.2289463879, 393.1823394431, 573.8408144983, 43.7844888312, 418.0998179191, 522.5597242847, 0.0000000000, 417.5019742813, 466.0495921886, 41.2439609102, 409.1841239203, 562.3970893807, 62.0203140663, 454.6576723138, 509.3930963410, 18.5115884185, 428.0870325534, 469.2480138473, 55.1874794332, 391.9051229004, 483.2614742445, 15.3962435964, 421.8425391693, 514.0443338444, 84.1769173112, 426.9665737303, 507.0556893497, 45.7720266731, 410.6071933173, 484.7571707686, 73.0126230852, 352.3946735155, 477.8406201132, 26.5647149261, 355.9202781527, 463.2143993163, 42.2421420175, 393.9990857049, 544.5542161798, 62.1460957708, 400.8260369997, 499.2047879474, 34.8192781148, 411.1535875518, 475.4312461452, 59.9340949781, 436.4792983791, 504.6490427134, 13.1635409792, 427.6649757519}
{215.9998189351, 467.0014134664, 92.5102550206, 438.0658192872, 418.4448379310, 28.5547313689, 455.7282465488, 417.5019742813, 0.0000000000, 392.7078595401, 392.5904720467, 98.6548773950, 474.9950738236, 462.5263384332, 54.5690521738, 372.1260934302, 433.9744929749, 12.0541341364, 425.9312527026, 377.5702156392, 79.0960327705, 442.8294711715, 415.0298730352, 59.4322887663, 412.7191868706, 421.9648726243, 67.2997716655, 450.4771802796, 393.1215900773, 26.0484721922, 363.4918623563, 489.0085966051, 65.1528124575, 420.4503252848, 392.5615367043, 61.9875335030, 400.2570973251, 457.4950676723, 74.3127549065, 427.1636540390, 427.9069199814, 48.5765893870, 418.8193676160, 437.3691655163, 35.2562703578, 401.2634453045, 372.0877204896, 47.0718591468, 448.3422446963, 410.5095958023, 82.1345731322}
{239.2741763735, 448.0969569794, 300.2462183953, 111.1571757848, 431.3000757242, 419.5562551973, 67.3358586755, 466.0495921886, 392.7078595401, 0.0000000000, 477.0093772145, 295.4016295487, 100.5543843251, 460.7306618599, 368.5322924569, 69.5409452177, 469.5715175071, 390.9763871746, 37.8965908639, 412.1078038387, 313.8852902326, 51.9518072106, 452.4218390852, 337.4619450178, 48.9066170572, 399.8725483756, 332.0094558360, 58.4607303487, 420.3334321953, 413.8273803111, 50.4032255802, 501.2309588705, 377.8285805333, 28.0885200828, 458.5058956422, 369.8583137597, 11.1491671239, 480.7028204437, 318.5664988805, 80.0651454862, 422.7522405009, 344.2285722668, 34.3026030238, 455.5655144984, 357.7470804518, 10.2308163024, 408.2869132650, 358.3367868891, 56.1591131617, 452.9319417436, 317.6440421743}
{275.7552674514, 120.3732289413, 376.3909447535, 582.4010150197, 79.5921615489, 390.9321689326, 536.2267291287, 41.2439609102, 392.5904720467, 477.0093772145, 0.0000000000, 392.9994021401, 575.2696153089, 103.1962035004, 432.8274772678, 515.7504530809, 58.7458749114, 403.6052099940, 483.3254833873, 69.7683182509, 373.7659140095, 498.1518976832, 52.5261124056, 401.9318428646, 524.0908889633, 118.0381616130, 407.6531846974, 521.2069375487, 69.3961255564, 383.7089689417, 491.7277270242, 108.5488510630, 327.5234485529, 490.8636539659, 23.0096153137, 331.8822024501, 475.0920734553, 80.4774819686, 375.4254082600, 554.0378739079, 99.0631963705, 379.9061056896, 510.7697583149, 75.9381276099, 389.1851889770, 486.6984587318, 71.8741617612, 415.0390211314, 518.7459181975, 46.9513070226, 409.6716626137}
{154.6586423336, 443.6371205711, 17.4986177109, 340.0710396282, 399.7698842530, 126.6927337003, 357.5525008997, 409.1841239203, 98.6548773950, 295.4016295487, 392.9994021401, 0.0000000000, 376.3457636874, 443.4905617761, 77.8530103606, 273.5341084821, 423.2512687619, 95.7552030754, 329.5296543383, 361.0371521038, 27.4034485745, 346.1331263187, 403.1814109634, 42.2439727352, 314.1326207638, 393.8117928881, 38.0206513768, 352.7607818673, 376.1029008038, 122.1434030656, 264.9180425129, 475.7453664734, 108.7179791187, 323.3209782519, 387.2187854514, 99.2947547036, 303.3551988601, 445.0757054012, 29.9698177433, 328.5799651027, 405.0150676034, 51.9993470043, 320.6692600206, 421.9136565556, 63.4092972122, 303.6975402042, 355.4234686089, 64.1395899930, 350.6746824591, 399.7360677875, 26.4441146991}
{338.6670886412, 538.9492390234, 383.9908748649, 62.7868012492, 526.0317502408, 502.8661015421, 41.0136650664, 562.3970893807, 474.9950738236, 100.5543843251, 575.2696153089, 376.3457636874, 0.0000000000, 552.8912554181, 443.8127592598, 104.2390803764, 564.8341411810, 471.6517464671, 93.9986006514, 509.2030675811, 397.9442166559, 82.8582368595, 548.3751740955, 417.1196684862, 63.1036580589, 492.7040959709, 410.6127523882, 57.5419980956, 516.6272175324, 497.8842860948, 111.9918073924, 593.3081712761, 467.8655528608, 84.5641248254, 556.1826020408, 459.3936955054, 100.6040113203, 574.5419433939, 402.3498943532, 51.5657542259, 516.1918369926, 427.4237668513, 66.3196064387, 549.8428627249, 439.7408179846, 90.3748523748, 505.6202401653, 436.2834234440, 59.6316819666, 549.2381440581, 395.6813858095}
{303.2184762605, 20.5298310971, 428.4770830048, 570.9998821130, 44.2106546685, 465.7879607571, 512.2029154732, 62.0203140663, 462.5263384332, 460.7306618599, 103.1962035004, 443.4905617761, 552.8912554181, 0.0000000000, 495.6005656947, 510.6417018219, 44.8636136703, 472.5051787784, 458.9020261196, 84.9574125076, 428.9162321765, 471.4075508816, 54.4104288696, 460.7115800604, 509.5296121944, 61.1082159417, 465.0315964271, 496.1000557613, 69.4074840568, 458.0376565373, 485.3834821551, 40.5030401766, 398.0271502475, 469.0730405390, 86.5639834292, 400.5414341323, 456.4821663483, 30.7612643146, 431.5266202783, 540.5746970168, 40.6701468948, 441.1787064576, 492.4803258977, 28.5837922218, 452.6795578850, 469.4930473059, 90.4430927820, 477.1033111903, 493.8101148013, 60.3326239958, 464.0536273081}
{224.8376829043, 498.2205068880, 82.1534512509, 402.0953163506, 451.3977499330, 78.7330890317, 428.3419612652, 454.6576723138, 54.5690521738, 368.5322924569, 432.8274772678, 77.8530103606, 443.8127592598, 495.6005656947, 0.0000000000, 339.7172941751, 470.2947453002, 43.5111621799, 403.7618168841, 411.1117095207, 74.1290882298, 419.9419530025, 450.7765379310, 39.3507444458, 382.9643462005, 450.7461958269, 40.2201885237, 424.8275618225, 426.5870761653, 79.1851756863, 334.2132058857, 524.6205587813, 109.5385489064, 396.6057728329, 430.6787865057, 103.0548722384, 377.0668318538, 493.2795325120, 69.9389256137, 394.2710751554, 459.0988511441, 54.4928409161, 391.7227984314, 471.7960330111, 43.6425284585, 376.3096343831, 405.5269074209, 18.6336807840, 422.8573536464, 446.6531838687, 52.2202643893}
{256.7173984539, 499.6740715220, 282.1160676549, 71.9481600600, 477.8637870394, 400.2248819951, 96.6658556289, 509.3930963410, 372.1260934302, 69.5409452177, 515.7504530809, 273.5341084821, 104.2390803764, 510.6417018219, 339.7172941751, 0.0000000000, 514.8802027571, 368.3582768055, 102.1579769769, 454.4467421041, 296.0951578093, 109.6286827229, 496.6555078467, 313.7677686819, 47.5257700247, 449.5419056149, 307.0585412596, 100.1918619739, 464.2517649399, 395.5205458987, 25.4891462565, 550.9095132975, 368.8487705385, 87.5399603889, 498.9765805241, 360.0781068388, 80.1148722496, 528.1670107000, 300.3579942676, 55.0481260189, 471.3417464114, 325.0588424241, 66.2512722729, 502.5994651919, 336.9191860409, 68.2367666357, 450.1289447879, 332.5345498430, 99.2309998449, 496.4829938790, 292.0699823846}
{291.5262713322, 63.4337575742, 407.4628557984, 578.2428332843, 39.3752329150, 435.1008239498, 524.6898268792, 18.5115884185, 433.9744929749, 469.5715175071, 58.7458749114, 423.2512687619, 564.8341411810, 44.8636136703, 470.2947453002, 514.8802027571, 0.0000000000, 444.4429285121, 471.2944291689, 64.2719851533, 406.5876180682, 484.8827014621, 20.2219333177, 436.9873641036, 517.8805992225, 78.1761596683, 441.9339026461, 508.9840280793, 51.4693568209, 427.5538489849, 490.0279397795, 55.3495450950, 368.9341669336, 480.3705209811, 44.9641600487, 372.2530762113, 466.3174027109, 24.0512512865, 408.8042893083, 548.5893916115, 54.2748892789, 416.2818413806, 502.3723735260, 20.7914786497, 426.8791535602, 478.7891267759, 69.6287773998, 452.0306743572, 506.6084267516, 23.6553799284, 442.2462008556}
{220.9937374236, 476.6822570062, 91.7176219586, 433.4619954989, 428.3772382837, 36.0848420315, 453.3045778632, 428.0870325534, 12.0541341364, 390.9763871746, 403.6052099940, 95.7552030754, 471.6517464671, 472.5051787784, 43.5111621799, 368.3582768055, 444.4429285121, 0.0000000000, 424.7197269969, 387.5673438399, 78.9910875339, 441.4698419000, 425.4004094289, 54.5946972190, 409.6658269467, 431.2060049741, 61.6650577808, 448.4681076685, 403.1185628434, 35.7208919883, 360.4860758212, 499.3958142043, 76.0894781397, 418.8362158240, 403.2748781691, 72.1903633151, 398.7698744583, 467.8941138487, 74.1086213308, 423.3418638110, 437.5580527858, 48.8669245697, 416.4236330255, 447.5479019725, 33.9262012149, 399.3593297095, 382.0638040142, 38.6515129900, 446.3703868872, 420.9382082802, 76.7197508745}
{260.9401816933, 444.9630110536, 333.4365671463, 125.3600134176, 432.3809123471, 452.3243270971, 53.4104610024, 469.2480138473, 425.9312527026, 37.8965908639, 483.3254833873, 329.5296543383, 93.9986006514, 458.9020261196, 403.7618168841, 102.1579769769, 471.2944291689, 424.7197269969, 0.0000000000, 416.5020092943, 346.8782398124, 17.6584877298, 455.0789534761, 371.7324360247, 66.4503202233, 398.7691796361, 366.5919599542, 37.8853301663, 423.5050332707, 446.3440421287, 86.7870533637, 499.3133766178, 407.7821872302, 15.3020903875, 463.7929479188, 400.1250085417, 27.5030288190, 480.6931235853, 351.6308896504, 94.1958138112, 422.3130800239, 377.3605740888, 42.5795980463, 456.0793584327, 391.2170880943, 34.6045047870, 413.0723955930, 392.9723946206, 35.4389211402, 456.0844895311, 352.4424331784}
{227.2545841015, 91.3394607434, 345.5942329926, 519.3157328934, 41.0238798858, 380.9942655364, 469.6716038704, 55.1874794332, 377.5702156392, 412.1078038387, 69.7683182509, 361.0371521038, 509.2030675811, 84.9574125076, 411.1117095207, 454.4467421041, 64.2719851533, 387.5673438399, 416.5020092943, 0.0000000000, 345.4104034014, 430.9085590985, 44.2416852653, 376.6834186252, 459.8631967595, 60.9363918272, 381.2414388909, 454.3718693962, 15.5518784003, 373.2146454677, 429.8899156991, 114.7117268091, 313.0843992997, 424.6504493368, 48.0237363998, 315.5861647615, 409.5779208513, 84.3472941409, 347.8562683364, 490.2383021678, 54.0668848167, 356.7635966944, 445.4863474577, 60.9531438438, 368.0480194545, 421.5956985021, 5.6193754101, 392.6649699080, 451.9388672866, 42.7028012453, 380.8187364026}
{150.7108447989, 430.1694275435, 13.9792619257, 363.8257209904, 384.8971823807, 105.6880496095, 377.4440927196, 391.9051229004, 79.0960327705, 313.8852902326, 373.7659140095, 27.4034485745, 397.9442166559, 428.9162321765, 74.1290882298, 296.0951578093, 406.5876180682, 78.9910875339, 346.8782398124, 345.4104034014, 0.0000000000, 363.8166053079, 386.6803091510, 34.8592918459, 335.2930596522, 381.3834344535, 36.7971493400, 371.8195050009, 360.6880878151, 100.1790619353, 286.0808369192, 459.8943554997, 81.3454838607, 341.5507503607, 369.1676161942, 71.9160367131, 321.3028615065, 428.9037792769, 4.8887021228, 351.0968918856, 391.2431947626, 30.5337552518, 340.5351260542, 406.3611905492, 45.0650642174, 322.5525179422, 339.7920694473, 56.5916387543, 369.6574174815, 382.9680260707, 35.9058568605}
{278.4781111888, 457.0569760442, 350.3203639043, 122.1693516103, 445.8320859051, 469.3408677351, 41.9340892883, 483.2614742445, 442.8294711715, 51.9518072106, 498.1518976832, 346.1331263187, 82.8582368595, 471.4075508816, 419.9419530025, 109.6286827229, 484.8827014621, 441.4698419000, 17.6584877298, 430.9085590985, 363.8166053079, 0.0000000000, 468.9570949595, 388.2982907962, 68.3599575611, 411.6068647673, 383.0415293163, 25.3378565172, 437.5698601740, 463.4165262335, 97.5384520325, 511.7351900098, 425.2501275280, 24.3024448519, 478.3761114155, 417.5569679839, 42.8752074542, 493.7471349614, 368.5527123326, 92.2741526561, 435.3177046732, 394.2720178297, 44.7209301085, 469.3263431438, 408.0404979976, 46.0290380619, 427.5868427963, 409.4069970561, 23.3943676126, 470.1009154947, 368.8026468458}
{271.4391647318, 69.1646412586, 387.4429412935, 560.6010660734, 28.6487782716, 416.6731375099, 508.4268932366, 15.3962435964, 415.0298730352, 452.4218390852, 52.5261124056, 403.1814109634, 548.3751740955, 54.4104288696, 450.7765379310, 496.6555078467, 20.2219333177, 425.4004094289, 455.0789534761, 44.2416852653, 386.6803091510, 468.9570949595, 0.0000000000, 417.2428918935, 500.5531202377, 68.9443084014, 422.1189313032, 492.8535132024, 32.4131189148, 409.0679973089, 471.9091275865, 73.9991272530, 350.0708959460, 463.8394899299, 32.7684161012, 353.2165238993, 449.4219953145, 42.5300953104, 388.9370151009, 531.1511545020, 47.5111417344, 396.6818107257, 485.4432400730, 25.8266401136, 407.4189389510, 461.7398978996, 49.5189555534, 432.4710374030, 490.4567265445, 6.0025668582, 422.3026105628}
{185.5473587632, 462.5879348329, 43.1999882407, 379.0001281579, 416.5777503106, 87.9858514509, 399.1892092894, 421.8425391693, 59.4322887663, 337.4619450178, 401.9318428646, 42.2439727352, 417.1196684862, 460.7115800604, 39.3507444458, 313.7677686819, 436.9873641036, 54.5946972190, 371.7324360247, 376.6834186252, 34.8592918459, 388.2982907962, 417.2428918935, 0.0000000000, 355.2340386418, 414.3696284392, 8.7189767494, 394.6628076953, 392.0686161064, 84.6902341214, 306.0868047693, 490.8095495516, 89.7791323740, 365.4145105220, 398.4912585069, 81.3257828192, 345.4987190566, 459.6341798422, 30.8671020848, 368.7478544587, 423.5512399934, 24.3213965697, 362.3419251493, 437.5649970086, 26.2698332612, 345.6760034257, 371.0749307034, 22.6888669812, 392.5974788770, 413.3340701262, 22.7674788144}
{278.3544210854, 496.9778163372, 321.3610091334, 62.4707285946, 479.7529500644, 440.4513003610, 49.1435348298, 514.0443338444, 412.7191868706, 48.9066170572, 524.0908889633, 314.1326207638, 63.1036580589, 509.5296121944, 382.9643462005, 47.5257700247, 517.8805992225, 409.6658269467, 66.4503202233, 459.8631967595, 335.2930596522, 68.3599575611, 500.5531202377, 355.2340386418, 0.0000000000, 448.6303311668, 348.9256386019, 54.0081180400, 468.3821206802, 435.3484128485, 49.2343021569, 550.0259982722, 404.7686059414, 51.2593915990, 505.9437020880, 396.3086094830, 54.8812146327, 529.2926759575, 339.7422738462, 31.1657659049, 471.4275264375, 364.9369264472, 24.0828321885, 504.0925794098, 377.4660368595, 40.9982446726, 455.9410683725, 374.7952721304, 53.4435283682, 500.9503772877, 334.0750881994}
{248.1476232611, 52.4091055112, 379.6475974612, 510.0026353500, 40.4050647763, 428.2036746970, 452.1375702436, 84.1769173112, 421.9648726243, 399.8725483756, 118.0381616130, 393.8117928881, 492.7040959709, 61.1082159417, 450.7461958269, 449.5419056149, 78.1761596683, 431.2060049741, 398.7691796361, 60.9363918272, 381.3834344535, 411.6068647673, 68.9443084014, 414.3696284392, 448.6303311668, 0.0000000000, 417.9926657224, 436.1376060470, 51.5493377564, 420.2298588201, 424.2779115731, 101.4980108793, 358.9226005805, 408.6714110359, 95.3022716442, 360.3043645295, 395.7755585522, 82.4290194993, 384.3750511298, 479.6468578852, 24.3267017814, 396.3021301460, 431.8055838949, 59.4157369543, 408.7464805044, 408.7058525743, 64.0204967771, 432.1218272713, 433.8206836956, 73.0914088918, 415.7151226848}
{186.3687484913, 466.5696947596, 42.4564046627, 371.8155030521, 420.9489984378, 95.8310004701, 393.2395105035, 426.9665737303, 67.2997716655, 332.0094558360, 407.6531846974, 38.0206513768, 410.6127523882, 465.0315964271, 40.2201885237, 307.0585412596, 441.9339026461, 61.6650577808, 366.5919599542, 381.2414388909, 36.7971493400, 383.0415293163, 422.1189313032, 8.7189767494, 348.9256386019, 417.9926657224, 0.0000000000, 388.9769219834, 396.5800371202, 92.8243402944, 299.8410688534, 495.5484671212, 98.0551207935, 360.0107118141, 403.8326762704, 89.4688770966, 340.2011673433, 464.4479581344, 33.6191298057, 361.9862134586, 427.5918641596, 32.4282319864, 356.4347269177, 442.1666221043, 34.8918750686, 340.1002988144, 375.6271362486, 26.3892451580, 386.9369285499, 418.2892166665, 15.0585538632}
{295.0924926447, 481.9136614651, 358.1104202367, 100.0597368531, 470.0197705920, 477.5073684716, 16.6004857894, 507.0556893497, 450.4771802796, 58.4607303487, 521.2069375487, 352.7607818673, 57.5419980956, 496.1000557613, 424.8275618225, 100.1918619739, 508.9840280793, 448.4681076685, 37.8853301663, 454.3718693962, 371.8195050009, 25.3378565172, 492.8535132024, 394.6628076953, 54.0081180400, 436.1376060470, 388.9769219834, 0.0000000000, 461.3215593611, 471.8744305899, 93.9033346965, 536.4670569756, 436.2893105538, 33.1230837603, 501.6762224606, 428.3143534373, 53.2935016972, 518.1722614210, 376.4668885309, 71.9686222305, 459.7645693300, 402.0772122339, 34.8496493974, 493.6403504967, 415.4208817492, 49.3083618110, 450.9513841070, 415.2229074829, 2.5396610449, 493.8922265597, 374.4492437856}
{240.8181069540, 76.3065534858, 360.7448372716, 528.3143724759, 25.5920323712, 396.4947325138, 476.8063760147, 45.7720266731, 393.1215900773, 420.3334321953, 69.3961255564, 376.1029008038, 516.6272175324, 69.4074840568, 426.5870761653, 464.2517649399, 51.4693568209, 403.1185628434, 423.5050332707, 15.5518784003, 360.6880878151, 437.5698601740, 32.4131189148, 392.0686161064, 468.3821206802, 51.5493377564, 396.5800371202, 461.3215593611, 0.0000000000, 388.7226939750, 439.5183993915, 99.7857133215, 328.6270678031, 432.0698711995, 46.4299318977, 331.1377479908, 417.4566563091, 69.9485057613, 363.1675320075, 498.9346937112, 40.2602503166, 372.2229993588, 453.4534905235, 45.8228299674, 383.5486768591, 429.6962729999, 21.0792316220, 408.1302526116, 458.9118632947, 32.6200692483, 396.0464330427}
{226.6094359749, 463.6201861242, 114.0431230404, 462.1771551993, 414.2300523681, 8.1379665765, 477.6149486165, 410.6071933173, 26.0484721922, 413.8273803111, 383.7089689417, 122.1434030656, 497.8842860948, 458.0376565373, 79.1851756863, 395.5205458987, 427.5538489849, 35.7208919883, 446.3440421287, 373.2146454677, 100.1790619353, 463.4165262335, 409.0679973089, 84.6902341214, 435.3484128485, 420.2298588201, 92.8243402944, 471.8744305899, 388.7226939750, 0.0000000000, 386.1200570007, 482.8298401553, 61.7714018045, 441.3888666798, 385.1446808260, 62.4772159360, 421.0593587379, 451.3229766553, 95.6443016133, 450.5667717331, 424.7176647165, 70.4817466836, 440.7077107824, 432.1456229334, 59.2850035521, 422.5850435616, 367.8301077594, 73.0840002580, 469.6961032252, 404.3123155109, 107.4577073934}
{236.0122620555, 474.3110590651, 272.1436840310, 92.3287194515, 452.8659814914, 391.2169989127, 94.6960074391, 484.7571707686, 363.4918623563, 50.4032255802, 491.7277270242, 264.9180425129, 111.9918073924, 485.3834821551, 334.2132058857, 25.4891462565, 490.0279397795, 360.4860758212, 86.7870533637, 429.8899156991, 286.0808369192, 97.5384520325, 471.9091275865, 306.0868047693, 49.2343021569, 424.2779115731, 299.8410688534, 93.9033346965, 439.5183993915, 386.1200570007, 0.0000000000, 525.6800542324, 356.1026242254, 73.6683358423, 474.6971253575, 347.5640418542, 61.5349550744, 503.1103745186, 290.5214794776, 69.0665444172, 446.1658478867, 315.7039182651, 59.1892126845, 477.5705784486, 328.2399047618, 52.2669275163, 425.6293320311, 325.7738603868, 92.3779904643, 471.8142430976, 285.0236102695}
{339.3397042734, 55.8928525738, 460.2610898293, 611.4734531860, 77.7384646218, 490.3944324362, 552.5939812164, 73.0126230852, 489.0085966051, 501.2309588705, 108.5488510630, 475.7453664734, 593.3081712761, 40.5030401766, 524.6205587813, 550.9095132975, 55.3495450950, 499.3958142043, 499.3133766178, 114.7117268091, 459.8943554997, 511.7351900098, 73.9991272530, 490.8095495516, 550.0259982722, 101.4980108793, 495.5484671212, 536.4670569756, 99.7857133215, 482.8298401553, 525.6800542324, 0.0000000000, 424.0243612313, 509.5373859405, 99.4372804222, 427.2101888717, 496.9832185351, 31.5218692408, 462.2568008411, 581.0668366468, 79.8481028230, 470.4535117145, 532.9790866243, 54.0176431135, 481.3118392636, 509.9960760150, 120.3233958831, 506.2792204393, 534.1841462787, 78.5406961263, 495.3906838872}
{171.2550528436, 402.9975675830, 93.6940411006, 438.5645308077, 354.0367864784, 69.8803885285, 443.7320466257, 352.3946735155, 65.1528124575, 377.8285805333, 327.5234485529, 108.7179791187, 467.8655528608, 398.0271502475, 109.5385489064, 368.8487705385, 368.9341669336, 76.0894781397, 407.7821872302, 313.0843992997, 81.3454838607, 425.2501275280, 350.0708959460, 89.7791323740, 404.7686059414, 358.9226005805, 98.0551207935, 436.2893105538, 328.6270678031, 61.7714018045, 356.1026242254, 424.0243612313, 0.0000000000, 404.5251577517, 327.4141137697, 9.4372912309, 383.9466229622, 392.5049293448, 78.9722940899, 423.3232218268, 363.9857816129, 65.6347800793, 407.1525027059, 372.6083803113, 68.0250597288, 387.1819953510, 307.6380495423, 94.0182771474, 433.9792165483, 345.5021214894, 107.9156745081}
{261.9699848228, 455.5096185313, 327.9582918180, 111.0177414331, 441.6326208263, 447.1875940687, 45.8423961369, 477.8406201132, 420.4503252848, 28.0885200828, 490.8636539659, 323.3209782519, 84.5641248254, 469.0730405390, 396.6057728329, 87.5399603889, 480.3705209811, 418.8362158240, 15.3020903875, 424.6504493368, 341.5507503607, 24.3024448519, 463.8394899299, 365.4145105220, 51.2593915990, 408.6714110359, 360.0107118141, 33.1230837603, 432.0698711995, 441.3888666798, 73.6683358423, 509.5373859405, 404.5251577517, 0.0000000000, 471.6753701873, 396.6685524961, 20.5957262019, 490.3239483885, 346.2519697029, 79.6299300764, 432.0328060229, 371.9381683977, 27.6032182100, 465.5291370136, 385.5411665107, 21.7520354093, 421.0843840508, 386.3483763010, 30.6146118563, 464.6825027511, 345.6725570394}
{263.6480339083, 101.9314133240, 370.9606326673, 564.8313197215, 57.7173836169, 392.5769065910, 516.8593128199, 26.5647149261, 392.5615367043, 458.5058956422, 23.0096153137, 387.2187854514, 556.1826020408, 86.5639834292, 430.6787865057, 498.9765805241, 44.9641600487, 403.2748781691, 463.7929479188, 48.0237363998, 369.1676161942, 478.3761114155, 32.7684161012, 398.4912585069, 505.9437020880, 95.3022716442, 403.8326762704, 501.6762224606, 46.4299318977, 385.1446808260, 474.6971253575, 99.4372804222, 327.4141137697, 471.6753701873, 0.0000000000, 331.1781566636, 456.2726351161, 68.8067672027, 371.1026991808, 536.1125260761, 77.2079213958, 377.1072264681, 492.0830495966, 58.1620809081, 387.0967539834, 468.0963371967, 50.8499757894, 412.6159987958, 499.2308738699, 26.7853088176, 405.0181923297}
{166.6565016448, 405.0565166190, 84.2638291980, 429.6446685601, 356.4573335783, 70.6014221607, 435.5895236277, 355.9202781527, 61.9875335030, 369.8583137597, 331.8822024501, 99.2947547036, 459.3936955054, 400.5414341323, 103.0548722384, 360.0781068388, 372.2530762113, 72.1903633151, 400.1250085417, 315.5861647615, 71.9160367131, 417.5569679839, 353.2165238993, 81.3257828192, 396.3086094830, 360.3043645295, 89.4688770966, 428.3143534373, 331.1377479908, 62.4772159360, 347.5640418542, 427.2101888717, 9.4372912309, 396.6685524961, 331.1781566636, 0.0000000000, 376.1031680242, 395.7066655446, 69.5799902273, 414.6227031111, 365.9756676944, 57.0550102313, 398.9567437262, 375.4358269827, 60.6267212447, 379.1560457583, 310.1017113500, 86.8827601285, 426.0167919709, 348.7481670889, 98.9295746865}
{242.0834605181, 443.4855558616, 307.7503650004, 117.3073960767, 427.8372135286, 426.9030801491, 64.4319754025, 463.2143993163, 400.2570973251, 11.1491671239, 475.0920734553, 303.3551988601, 100.6040113203, 456.4821663483, 377.0668318538, 80.1148722496, 466.3174027109, 398.7698744583, 27.5030288190, 409.5779208513, 321.3028615065, 42.8752074542, 449.4219953145, 345.4987190566, 54.8812146327, 395.7755585522, 340.2011673433, 53.2935016972, 417.4566563091, 421.0593587379, 61.5349550744, 496.9832185351, 383.9466229622, 20.5957262019, 456.2726351161, 376.1031680242, 0.0000000000, 476.9690919001, 326.0190835238, 85.8102841725, 418.8580846495, 351.7216208307, 36.0695724338, 451.9613721572, 365.4025374997, 13.9926772276, 405.8679035380, 366.5614012875, 50.8366237233, 450.0745368198, 325.9425489259}
{310.6426426906, 51.2910900166, 429.4670087155, 590.2227478119, 50.6272711096, 458.8943889796, 534.0925190788, 42.2421420175, 457.4950676723, 480.7028204437, 80.4774819686, 445.0757054012, 574.5419433939, 30.7612643146, 493.2795325120, 528.1670107000, 24.0512512865, 467.8941138487, 480.6931235853, 84.3472941409, 428.9037792769, 493.7471349614, 42.5300953104, 459.6341798422, 529.2926759575, 82.4290194993, 464.4479581344, 518.1722614210, 69.9485057613, 451.3229766553, 503.1103745186, 31.5218692408, 392.5049293448, 490.3239483885, 68.8067672027, 395.7066655446, 476.9690919001, 0.0000000000, 431.2120833981, 560.1862984606, 58.4403949833, 439.1581781228, 513.0342679948, 25.7221338324, 449.9362883806, 489.7135111265, 89.9153203309, 474.9615253250, 515.8378245959, 47.0203493442, 464.4667235866}
{154.9402606053, 432.9733204063, 18.3998934536, 367.8991717168, 387.4680281078, 101.0519051335, 382.0245858972, 393.9990857049, 74.3127549065, 318.5664988805, 375.4254082600, 29.9698177433, 402.3498943532, 431.5266202783, 69.9389256137, 300.3579942676, 408.8042893083, 74.1086213308, 351.6308896504, 347.8562683364, 4.8887021228, 368.5527123326, 388.9370151009, 30.8671020848, 339.7422738462, 384.3750511298, 33.6191298057, 376.4668885309, 363.1675320075, 95.6443016133, 290.5214794776, 462.2568008411, 78.9722940899, 346.2519697029, 371.1026991808, 69.5799902273, 326.0190835238, 431.2120833981, 0.0000000000, 355.3748168666, 394.0076863011, 25.7364212049, 345.1135489494, 408.7971452618, 40.1824391607, 327.2090644634, 342.2396918043, 52.1804428456, 374.3102069260, 385.1717981160, 34.5707933893}
{304.2958432577, 528.0935931212, 337.1176642065, 31.6089025789, 510.5596242611, 455.2715275635, 60.3697631784, 544.5542161798, 427.1636540390, 80.0651454862, 554.0378739079, 328.5799651027, 51.5657542259, 540.5746970168, 394.2710751554, 55.0481260189, 548.5893916115, 423.3418638110, 94.1958138112, 490.2383021678, 351.0968918856, 92.2741526561, 531.1511545020, 368.7478544587, 31.1657659049, 479.6468578852, 361.9862134586, 71.9686222305, 498.9346937112, 450.5667717331, 69.0665444172, 581.0668366468, 423.3232218268, 79.6299300764, 536.1125260761, 414.6227031111, 85.8102841725, 560.1862984606, 355.3748168666, 0.0000000000, 502.3840671714, 380.1026431831, 52.1692033120, 534.9457392910, 391.9614621988, 72.0418200801, 486.2561582231, 387.3768231266, 72.4272695727, 531.4775626786, 346.9819366028}
{262.9877598748, 39.1549827340, 390.3033205135, 532.5809697974, 19.5030402873, 432.5877485808, 475.7058079454, 62.1460957708, 427.9069199814, 422.7522405009, 99.0631963705, 405.0150676034, 516.1918369926, 40.6701468948, 459.0988511441, 471.3417464114, 54.2748892789, 437.5580527858, 422.3130800239, 54.0668848167, 391.2431947626, 435.3177046732, 47.5111417344, 423.5512399934, 471.4275264375, 24.3267017814, 427.5918641596, 459.7645693300, 40.2602503166, 424.7176647165, 446.1658478867, 79.8481028230, 363.9857816129, 432.0328060229, 77.2079213958, 365.9756676944, 418.8580846495, 58.4403949833, 394.0076863011, 502.3840671714, 0.0000000000, 404.6094556209, 454.9126584969, 35.1009720728, 416.5299634994, 431.6847684952, 58.7357591516, 440.5291386330, 457.4342914421, 52.4558633562, 426.0998677833}
{174.9844603551, 443.7292429060, 43.9825188350, 391.9953512388, 396.9821053903, 75.5604875288, 407.5127331224, 400.8260369997, 48.5765893870, 344.2285722668, 379.9061056896, 51.9993470043, 427.4237668513, 441.1787064576, 54.4928409161, 325.0588424241, 416.2818413806, 48.8669245697, 377.3605740888, 356.7635966944, 30.5337552518, 394.2720178297, 396.6818107257, 24.3213965697, 364.9369264472, 396.3021301460, 32.4282319864, 402.0772122339, 372.2229993588, 70.4817466836, 315.7039182651, 470.4535117145, 65.6347800793, 371.9381683977, 377.1072264681, 57.0550102313, 351.7216208307, 439.1581781228, 25.7364212049, 380.1026431831, 404.6094556209, 0.0000000000, 370.6000463060, 417.5045641423, 15.3152225945, 352.8356166258, 351.1726642774, 35.9296911448, 399.9292171333, 392.6300863873, 43.1391028238}
{272.7698001140, 479.3861242629, 326.7196352160, 83.6867173241, 463.9048295238, 446.1404866217, 36.9126868708, 499.2047879474, 418.8193676160, 34.3026030238, 510.7697583149, 320.6692600206, 66.3196064387, 492.4803258977, 391.7227984314, 66.2512722729, 502.3723735260, 416.4236330255, 42.5795980463, 445.4863474577, 340.5351260542, 44.7209301085, 485.4432400730, 362.3419251493, 24.0828321885, 431.8055838949, 356.4347269177, 34.8496493974, 453.4534905235, 440.7077107824, 59.1892126845, 532.9790866243, 407.1525027059, 27.6032182100, 492.0830495966, 398.9567437262, 36.0695724338, 513.0342679948, 345.1135489494, 52.1692033120, 454.9126584969, 370.6000463060, 0.0000000000, 488.0307707057, 383.6540748009, 24.2264162620, 441.7409022394, 382.5793325204, 33.5139211938, 486.0690108962, 341.7817151053}
{285.6657190059, 44.4365037377, 406.5226064616, 564.8982955595, 24.9051487493, 439.8265881009, 509.4890950876, 34.8192781148, 437.3691655163, 455.5655144984, 75.9381276099, 421.9136565556, 549.8428627249, 28.5837922218, 471.7960330111, 502.5994651919, 20.7914786497, 447.5479019725, 456.0793584327, 60.9531438438, 406.3611905492, 469.3263431438, 25.8266401136, 437.5649970086, 504.0925794098, 59.4157369543, 442.1666221043, 493.6403504967, 45.8228299674, 432.1456229334, 477.5705784486, 54.0176431135, 372.6083803113, 465.5291370136, 58.1620809081, 375.4358269827, 451.9613721572, 25.7221338324, 408.7971452618, 534.9457392910, 35.1009720728, 417.5045641423, 488.0307707057, 0.0000000000, 428.6319225421, 464.6328129918, 66.5722842563, 453.3845499445, 491.2909045111, 31.7570779652, 441.7706346281}
{190.0074870900, 455.6770666577, 57.9068374393, 403.0928554100, 408.4689437730, 63.3721710704, 420.5591247290, 411.1535875518, 35.2562703578, 357.7470804518, 389.1851889770, 63.4092972122, 439.7408179846, 452.6795578850, 43.6425284585, 336.9191860409, 426.8791535602, 33.9262012149, 391.2170880943, 368.0480194545, 45.0650642174, 408.0404979976, 407.4189389510, 26.2698332612, 377.4660368595, 408.7464805044, 34.8918750686, 415.4208817492, 383.5486768591, 59.2850035521, 328.2399047618, 481.3118392636, 68.0250597288, 385.5411665107, 387.0967539834, 60.6267212447, 365.4025374997, 449.9362883806, 40.1824391607, 391.9614621988, 416.5299634994, 15.3152225945, 383.6540748009, 428.6319225421, 0.0000000000, 366.2385689945, 362.4756447052, 26.3558289146, 413.2981604823, 403.2471721489, 48.7555026644}
{249.4684926539, 456.6685170074, 308.8616287474, 103.4648031537, 440.4273188709, 428.2400212755, 57.3413066786, 475.4312461452, 401.2634453045, 10.2308163024, 486.6984587318, 303.6975402042, 90.3748523748, 469.4930473059, 376.3096343831, 68.2367666357, 478.7891267759, 399.3593297095, 34.6045047870, 421.5956985021, 322.5525179422, 46.0290380619, 461.7398978996, 345.6760034257, 40.9982446726, 408.7058525743, 340.1002988144, 49.3083618110, 429.6962729999, 422.5850435616, 52.2669275163, 509.9960760150, 387.1819953510, 21.7520354093, 468.0963371967, 379.1560457583, 13.9926772276, 489.7135111265, 327.2090644634, 72.0418200801, 431.6847684952, 352.8356166258, 24.2264162620, 464.6328129918, 366.2385689945, 0.0000000000, 417.8125053716, 366.3908181298, 47.1112363906, 462.3044240268, 325.6507845165}
{221.9210400042, 96.4359533346, 339.9761611512, 515.2361504993, 46.4080226062, 375.6200181490, 466.1883470769, 59.9340949781, 372.0877204896, 408.2869132650, 71.8741617612, 355.4234686089, 505.6202401653, 90.4430927820, 405.5269074209, 450.1289447879, 69.6287773998, 382.0638040142, 413.0723955930, 5.6193754101, 339.7920694473, 427.5868427963, 49.5189555534, 371.0749307034, 455.9410683725, 64.0204967771, 375.6271362486, 450.9513841070, 21.0792316220, 367.8301077594, 425.6293320311, 120.3233958831, 307.6380495423, 421.0843840508, 50.8499757894, 310.1017113500, 405.8679035380, 89.9153203309, 342.2396918043, 486.2561582231, 58.7357591516, 351.1726642774, 441.7409022394, 66.5722842563, 362.4756447052, 417.8125053716, 0.0000000000, 387.0762028226, 448.5113125177, 47.6969970912, 375.1993813525}
{207.0680357553, 479.6453920137, 65.8368790438, 396.5546465303, 432.9051000504, 74.5370532938, 419.3556032438, 436.4792983791, 47.0718591468, 358.3367868891, 415.0390211314, 64.1395899930, 436.2834234440, 477.1033111903, 18.6336807840, 332.5345498430, 452.0306743572, 38.6515129900, 392.9723946206, 392.6649699080, 56.5916387543, 409.4069970561, 432.4710374030, 22.6888669812, 374.7952721304, 432.1218272713, 26.3892451580, 415.2229074829, 408.1302526116, 73.0840002580, 325.7738603868, 506.2792204393, 94.0182771474, 386.3483763010, 412.6159987958, 86.8827601285, 366.5614012875, 474.9615253250, 52.1804428456, 387.3768231266, 440.5291386330, 35.9296911448, 382.5793325204, 453.3845499445, 26.3558289146, 366.3908181298, 387.0762028226, 0.0000000000, 413.1931347314, 428.3832842141, 40.7977075885}
{292.5840695263, 479.6582238524, 355.9585038616, 100.9237853807, 467.6548416169, 475.3453786511, 18.6214091961, 504.6490427134, 448.3422446963, 56.1591131617, 518.7459181975, 350.6746824591, 59.6316819666, 493.8101148013, 422.8573536464, 99.2309998449, 506.6084267516, 446.3703868872, 35.4389211402, 451.9388672866, 369.6574174815, 23.3943676126, 490.4567265445, 392.5974788770, 53.4435283682, 433.8206836956, 386.9369285499, 2.5396610449, 458.9118632947, 469.6961032252, 92.3779904643, 534.1841462787, 433.9792165483, 30.6146118563, 499.2308738699, 426.0167919709, 50.8366237233, 515.8378245959, 374.3102069260, 72.4272695727, 457.4342914421, 399.9292171333, 33.5139211938, 491.2909045111, 413.2981604823, 47.1112363906, 448.5113125177, 413.1931347314, 0.0000000000, 491.4855235856, 372.4252285284}
{269.3156595602, 75.1570546668, 383.9039123725, 560.7995507706, 33.2140310978, 411.8914325569, 509.3966289751, 13.1635409792, 410.5095958023, 452.9319417436, 46.9513070226, 399.7360677875, 549.2381440581, 60.3326239958, 446.6531838687, 496.4829938790, 23.6553799284, 420.9382082802, 456.0844895311, 42.7028012453, 382.9680260707, 470.1009154947, 6.0025668582, 413.3340701262, 500.9503772877, 73.0914088918, 418.2892166665, 493.8922265597, 32.6200692483, 404.3123155109, 471.8142430976, 78.5406961263, 345.5021214894, 464.6825027511, 26.7853088176, 348.7481670889, 450.0745368198, 47.0203493442, 385.1717981160, 531.4775626786, 52.4558633562, 392.6300863873, 486.0690108962, 31.7570779652, 403.2471721489, 462.3044240268, 47.6969970912, 428.3832842141, 491.4855235856, 0.0000000000, 418.6408889740}
{179.7729906249, 464.9307576668, 36.2877023554, 356.7569611965, 420.1108571991, 110.6873348593, 378.5586898406, 427.6649757519, 82.1345731322, 317.6440421743, 409.6716626137, 26.4441146991, 395.6813858095, 464.0536273081, 52.2202643893, 292.0699823846, 442.2462008556, 76.7197508745, 352.4424331784, 380.8187364026, 35.9058568605, 368.8026468458, 422.3026105628, 22.7674788144, 334.0750881994, 415.7151226848, 15.0585538632, 374.4492437856, 396.0464330427, 107.4577073934, 285.0236102695, 495.3906838872, 107.9156745081, 345.6725570394, 405.0181923297, 98.9295746865, 325.9425489259, 464.4667235866, 34.5707933893, 346.9819366028, 426.0998677833, 43.1391028238, 341.7817151053, 441.7706346281, 48.7555026644, 325.6507845165, 375.1993813525, 40.7977075885, 372.4252285284, 418.6408889740, 0.0000000000}
]
