70 2 [20, 20]
capacities = [100000, 32, 27, 24, 34, 29, 34, 29, 44, 46, 45, 32, 39, 39, 34, 37, 32, 21, 32, 46, 35, 41, 25, 25, 22, 46, 29, 49, 47, 22, 26, 32, 36, 44, 37, 22, 22, 47, 27, 39, 36, 37, 42, 25, 38, 41, 22, 48, 21, 47, 40, 32, 32, 27, 46, 33, 45, 31, 34, 36, 39, 38, 38, 42, 28, 26, 33, 36, 30, 46, 46]
initial     = [50000, 26, 19, 4, 8, 24, 31, 26, 40, 40, 4, 28, 32, 3, 34, 33, 0, 17, 8, 3, 8, 36, 18, 1, 1, 5, 28, 46, 7, 16, 2, 24, 36, 44, 31, 4, 0, 7, 4, 34, 4, 2, 6, 22, 32, 4, 14, 47, 5, 45, 39, 29, 27, 0, 7, 6, 39, 27, 1, 8, 0, 37, 1, 40, 22, 21, 30, 1, 5, 40, 42]
target      = [0, 8, 9, 18, 26, 9, 1, 1, 11, 12, 40, 8, 6, 34, 11, 2, 24, 3, 26, 31, 35, 5, 8, 22, 15, 45, 9, 12, 36, 1, 20, 3, 1, 7, 10, 20, 14, 36, 23, 13, 29, 24, 38, 8, 11, 31, 1, 8, 17, 4, 5, 1, 9, 20, 45, 26, 12, 10, 30, 28, 39, 9, 26, 5, 6, 5, 3, 32, 24, 14, 12]
weights    = [0.000000, 0.111071, 0.080159, 0.071111, 0.068791, 0.095238, 0.864286, 0.728571, 0.121558, 0.113333, 0.074429, 0.117857, 0.167619, 0.074748, 0.106753, 0.470714, 0.077143, 0.176667, 0.068791, 0.074516, 0.070939, 0.218286, 0.083929, 0.075909, 0.075333, 0.074127, 0.107302, 0.126905, 0.071865, 0.457143, 0.074429, 0.240000, 1.000000, 0.193469, 0.107000, 0.071714, 0.077143, 0.071865, 0.072422, 0.093846, 0.073399, 0.074881, 0.072857, 0.097500, 0.101818, 0.073641, 0.402857, 0.182321, 0.069160, 0.328214, 0.234571, 0.810000, 0.104286, 0.077143, 0.072921, 0.070879, 0.111071, 0.096143, 0.076238, 0.069388, 0.077143, 0.134444, 0.076099, 0.240000, 0.122381, 0.136857, 0.294286, 0.076295, 0.071488, 0.100408, 0.117857]
min_ratio  = [0.0000, 0.7000, 0.7000, 0.1556, 0.2154, 0.7000, 0.7000, 0.7000, 0.7000, 0.7000, 0.0700, 0.7000, 0.7000, 0.0618, 0.7000, 0.7000, 0.0000, 0.7000, 0.2154, 0.0677, 0.1600, 0.7000, 0.7000, 0.0318, 0.0467, 0.0778, 0.7000, 0.7000, 0.1361, 0.7000, 0.0700, 0.7000, 0.7000, 0.7000, 0.7000, 0.1400, 0.0000, 0.1361, 0.1217, 0.7000, 0.0966, 0.0583, 0.1105, 0.7000, 0.7000, 0.0903, 0.7000, 0.7000, 0.2059, 0.7000, 0.7000, 0.7000, 0.7000, 0.0000, 0.1089, 0.1615, 0.7000, 0.7000, 0.0233, 0.2000, 0.0000, 0.7000, 0.0269, 0.7000, 0.7000, 0.7000, 0.7000, 0.0219, 0.1458, 0.7000, 0.7000]
points = [(584400.000, 4511800.000), (584110.927, 4511535.967), (584686.964, 4511730.350), (584250.522, 4512209.315), (584096.306, 4511423.427), (584651.835, 4511760.136), (584401.259, 4512188.385), (584148.145, 4511479.487), (584744.665, 4511680.244), (584289.833, 4512152.194), (584155.261, 4511578.378), (584617.272, 4511826.146), (584325.953, 4512160.868), (584092.947, 4511432.218), (584753.541, 4511821.243), (584243.925, 4512226.837), (584116.860, 4511424.348), (584694.783, 4511804.603), (584314.937, 4512256.376), (584203.706, 4511574.470), (584694.101, 4511765.293), (584266.847, 4512199.150), (584200.080, 4511576.553), (584691.937, 4511808.657), (584389.169, 4512243.063), (584111.425, 4511580.475), (584709.473, 4511758.520), (584302.326, 4512282.358), (584036.037, 4511457.983), (584669.306, 4511675.105), (584372.401, 4512303.663), (584184.433, 4511528.938), (584772.996, 4511722.859), (584298.162, 4512229.993), (584044.968, 4511579.589), (584628.582, 4511793.506), (584368.208, 4512143.907), (584075.896, 4511570.687), (584779.202, 4511736.400), (584342.926, 4512276.933), (584037.393, 4511477.810), (584683.473, 4511828.533), (584318.917, 4512290.667), (584085.914, 4511465.815), (584693.665, 4511789.106), (584340.287, 4512216.621), (584201.731, 4511490.920), (584628.189, 4511675.110), (584344.120, 4512205.115), (584135.331, 4511422.925), (584758.308, 4511699.970), (584377.222, 4512177.312), (584077.340, 4511543.943), (584721.762, 4511703.926), (584321.367, 4512258.669), (584037.536, 4511578.726), (584637.569, 4511741.255), (584363.874, 4512220.478), (584105.977, 4511531.412), (584741.476, 4511773.619), (584307.148, 4512181.504), (584109.243, 4511468.739), (584756.623, 4511782.169), (584275.551, 4512264.880), (584106.263, 4511460.742), (584774.536, 4511794.617), (584390.174, 4512179.155), (584182.201, 4511567.073), (584683.216, 4511801.500), (584362.589, 4512259.426), (584128.529, 4511469.053)]
distances = [
{0.0000, 391.5051, 295.2953, 435.7544, 483.7740, 254.9706, 388.3874, 407.6264, 364.8776, 369.0221, 330.1718, 218.8394, 368.3867, 479.1087, 354.1785, 454.4766, 470.4072, 294.8187, 464.2352, 298.9900, 296.1419, 420.7741, 299.8269, 292.0651, 443.1956, 362.5832, 312.2401, 492.1478, 499.4447, 296.8579, 504.4191, 346.3291, 380.8894, 441.8876, 417.8857, 228.6740, 345.3731, 397.0242, 384.4985, 480.3359, 485.0672, 284.9053, 497.3210, 458.6175, 293.8669, 420.8789, 367.2070, 260.1304, 408.9510, 460.6901, 372.0085, 377.9990, 411.9156, 335.7995, 465.3602, 424.6671, 244.7243, 422.0274, 398.2322, 342.4934, 392.6410, 440.7651, 357.0686, 481.2491, 448.7512, 374.5745, 379.2824, 318.8908, 283.2203, 460.9466, 428.0450}
{391.5051, 0.0000, 607.9497, 687.6651, 113.4862, 585.5190, 714.1022, 67.6397, 649.9535, 641.6714, 61.3527, 583.5995, 660.8609, 105.2959, 703.0890, 703.5545, 111.7770, 642.6916, 748.7376, 100.4507, 626.6433, 681.2654, 97.9567, 641.8191, 759.8703, 44.5106, 638.5815, 770.5403, 108.1212, 575.4535, 811.0028, 73.8411, 687.9416, 718.8380, 79.0791, 578.1799, 660.1393, 49.3217, 697.6850, 776.4363, 93.7527, 642.9643, 782.8349, 74.4786, 635.3445, 718.2590, 101.3637, 535.6498, 708.6170, 115.6466, 667.8310, 694.4322, 34.5212, 633.5058, 752.7165, 84.9386, 565.2385, 729.7515, 6.7271, 673.8470, 674.7001, 67.2498, 691.0415, 747.2714, 75.3698, 712.2328, 701.1912, 77.7658, 630.8902, 765.9803, 69.1903}
{295.2953, 607.9497, 0.0000, 647.9875, 665.6416, 46.0566, 539.8362, 594.3551, 76.4206, 579.3662, 552.9952, 118.4641, 561.8491, 664.6344, 112.6672, 665.4187, 647.0364, 74.6636, 644.2875, 507.7763, 35.6640, 629.5013, 510.5966, 78.4648, 592.9219, 594.7331, 36.0582, 672.7993, 705.6133, 57.9981, 653.9404, 541.3910, 86.3577, 633.0949, 659.4600, 86.0062, 522.1436, 631.5827, 92.4363, 645.8443, 696.9355, 98.2447, 670.3827, 656.6890, 59.1370, 597.1970, 541.0893, 80.6593, 585.6137, 631.5135, 77.5427, 543.7964, 637.4862, 43.6944, 642.4806, 666.8929, 50.5842, 587.0371, 614.1024, 69.5969, 589.7458, 634.1942, 86.8193, 674.5236, 640.2363, 108.6231, 538.0613, 530.5138, 71.2486, 620.5966, 616.5438}
{435.7544, 687.6651, 647.9875, 0.0000, 800.8757, 602.3398, 152.1829, 736.9727, 723.9425, 69.3402, 638.0871, 530.3993, 89.6483, 792.9118, 635.3168, 18.7230, 796.2653, 600.9645, 79.7747, 636.5682, 627.6282, 19.2299, 634.7685, 596.1315, 142.6947, 644.0396, 643.3122, 89.5485, 781.3473, 678.7926, 154.1298, 683.5791, 713.8749, 51.9340, 662.4246, 561.9839, 134.6409, 662.0726, 709.3307, 114.5015, 761.9203, 576.5767, 106.2822, 761.5037, 610.6964, 90.0617, 720.0495, 654.2221, 93.6921, 794.7816, 719.2199, 130.6791, 687.5398, 691.0029, 86.3411, 665.5861, 607.3587, 113.8999, 693.1416, 656.4038, 63.0858, 753.9314, 662.2621, 60.9422, 762.3462, 668.2547, 142.8710, 645.8654, 594.5894, 122.7599, 750.2462}
{483.7740, 113.4862, 665.6416, 800.8757, 0.0000, 649.6039, 823.5034, 76.3548, 697.3699, 754.0249, 165.7879, 658.4740, 772.3712, 9.4107, 768.2545, 816.8590, 20.5746, 709.5561, 861.1637, 185.3344, 688.6446, 794.2486, 184.9780, 709.3508, 870.3862, 157.7743, 698.7567, 883.2930, 69.4727, 625.8368, 922.5207, 137.4733, 739.9792, 831.4410, 164.3845, 648.2867, 770.0792, 148.6672, 751.1985, 888.4220, 80.1767, 713.3554, 895.3546, 43.6431, 700.3994, 829.8700, 125.1791, 588.4253, 820.0297, 39.0282, 717.4416, 804.5227, 121.9995, 685.4746, 865.0324, 166.0472, 627.6787, 840.7636, 108.4171, 734.0835, 786.8514, 47.1222, 751.4750, 860.3324, 38.6205, 773.1607, 810.8534, 167.3683, 698.1427, 877.3829, 55.8574}
{254.9706, 585.5190, 46.0566, 602.3398, 649.6039, 0.0000, 496.1712, 576.5996, 122.4752, 533.6246, 528.7927, 74.5113, 516.5128, 647.9859, 118.6513, 619.8389, 631.6263, 61.8214, 599.7950, 485.0683, 42.5796, 583.9091, 487.6316, 62.9484, 549.7385, 569.4916, 57.6603, 628.3890, 685.9328, 86.8067, 611.1513, 521.4566, 126.7658, 588.0900, 633.1543, 40.6726, 477.2045, 606.2977, 129.5598, 602.0834, 676.2003, 75.3601, 626.3366, 637.8806, 50.8828, 552.6673, 524.4716, 88.2522, 541.0130, 616.8368, 122.2960, 499.4478, 613.8269, 89.7186, 598.1171, 640.5250, 23.6641, 542.9888, 591.8404, 90.6493, 544.3902, 615.8884, 107.0795, 629.5681, 622.3229, 127.4536, 494.0078, 507.7688, 51.9213, 577.0217, 598.8144}
{388.3874, 714.1022, 539.8362, 152.1829, 823.5034, 496.1712, 0.0000, 752.7305, 613.2987, 117.1570, 657.7414, 421.7569, 80.1763, 816.6062, 508.8184, 161.9648, 815.2524, 483.1610, 109.8826, 644.9179, 514.5518, 134.8431, 644.0585, 478.2120, 55.9986, 673.4677, 528.9417, 136.4504, 816.6245, 579.0557, 118.8355, 694.1792, 595.7371, 111.1763, 705.3907, 455.6375, 55.4140, 698.1499, 589.1785, 106.0354, 798.3206, 457.3163, 131.3079, 788.3852, 494.8986, 67.1928, 725.4443, 561.2028, 59.5378, 810.3381, 605.0064, 26.4650, 721.2692, 580.8815, 106.4073, 709.9147, 505.7348, 49.2710, 720.2816, 536.4499, 94.3630, 776.6371, 539.7176, 147.1527, 785.1675, 542.5764, 14.4252, 658.7987, 478.7273, 80.8837, 769.2990}
{407.6264, 67.6397, 594.3551, 736.9727, 76.3548, 576.5996, 752.7305, 0.0000, 629.3963, 687.4658, 99.1467, 583.3113, 704.1984, 72.6720, 695.1984, 753.4618, 63.3967, 636.0135, 794.5909, 110.0398, 616.2409, 729.3866, 110.0867, 635.6590, 800.7124, 107.4564, 626.8557, 817.5407, 114.1520, 556.6648, 854.1409, 61.3364, 670.5735, 765.3517, 143.7563, 573.9572, 699.9149, 116.3495, 681.3494, 820.8890, 110.7649, 639.0687, 828.9599, 63.7156, 627.2607, 761.7645, 54.7922, 518.3733, 751.6263, 57.9959, 648.7767, 734.4628, 95.7490, 615.9623, 798.2037, 148.6021, 555.0300, 771.7554, 66.8899, 662.2348, 719.7981, 40.3598, 679.6042, 795.6592, 45.8860, 701.1931, 740.3464, 93.9736, 624.4947, 808.8820, 22.2189}
{364.8776, 649.9535, 76.4206, 723.9425, 697.3699, 122.4752, 613.2987, 629.3963, 0.0000, 655.4460, 598.1424, 193.6916, 637.4320, 697.3188, 141.2777, 741.2856, 677.9546, 133.9908, 718.7446, 551.2033, 98.9447, 705.3896, 554.3684, 138.8175, 665.6901, 641.0514, 85.8238, 747.1316, 742.6670, 75.5338, 726.1081, 580.3048, 51.1733, 708.2292, 706.8999, 162.1838, 597.2461, 677.6839, 65.9265, 719.3279, 735.6723, 160.4187, 744.2295, 692.7723, 120.2168, 671.7309, 574.9965, 116.5890, 660.2470, 661.4389, 23.9843, 618.1351, 681.1026, 32.9449, 716.7681, 714.3790, 123.2557, 660.9502, 655.7997, 93.4295, 665.3447, 669.6986, 102.6242, 749.5779, 675.0845, 118.2089, 612.0265, 573.7365, 135.9377, 693.8546, 651.3263}
{369.0221, 641.6714, 579.3662, 69.3402, 754.0249, 533.6246, 117.1570, 687.4658, 655.4460, 0.0000, 589.3841, 462.0863, 37.1474, 746.4109, 569.6965, 87.6303, 748.1172, 533.6700, 107.1638, 584.1081, 559.5760, 52.2807, 582.5953, 528.8715, 134.6288, 598.9085, 575.3925, 130.7624, 739.1491, 609.6012, 172.5124, 632.1053, 646.3552, 78.2435, 622.7635, 493.3642, 78.8128, 619.6125, 642.1579, 135.5682, 720.0825, 509.6165, 141.4941, 716.0301, 543.0589, 81.8327, 667.1168, 584.8880, 75.8146, 745.4555, 651.1336, 90.9280, 644.2994, 622.5011, 111.0465, 626.5131, 538.3225, 100.7219, 647.4356, 589.3221, 34.0427, 706.9113, 595.6607, 113.5874, 715.4044, 602.3277, 103.9004, 594.9378, 527.0073, 129.5847, 701.9260}
{330.1718, 61.3527, 552.9952, 638.0871, 165.7879, 528.7927, 657.7414, 99.1467, 598.1424, 589.3841, 0.0000, 524.2547, 606.9844, 158.8896, 645.6951, 654.4917, 158.7453, 585.0314, 696.5462, 48.6027, 570.3385, 630.7212, 44.8569, 583.9945, 704.6409, 43.8857, 582.7538, 719.1768, 169.4387, 523.0671, 757.0918, 57.4057, 634.4066, 667.0996, 110.2993, 519.9158, 604.2921, 79.7368, 643.6409, 723.3232, 154.9413, 584.4531, 730.8471, 132.2104, 578.1742, 664.5215, 99.0378, 482.7199, 654.5740, 156.7260, 615.1831, 638.7397, 85.1904, 580.2468, 700.2757, 117.7250, 509.0679, 675.1383, 68.0787, 617.8730, 621.9568, 118.9056, 634.9546, 696.9605, 127.4329, 655.9425, 645.0711, 29.2165, 573.1671, 711.9063, 112.5461}
{218.8394, 583.5995, 118.4641, 530.3993, 658.4740, 74.5113, 421.7569, 583.3113, 193.6916, 462.0863, 524.2547, 0.0000, 443.7406, 655.8169, 136.3572, 547.6687, 641.7584, 80.4488, 525.8363, 484.1254, 98.0092, 511.7912, 486.1533, 76.6856, 475.2380, 562.3478, 114.3424, 554.3650, 688.0250, 159.7523, 536.6424, 525.0544, 186.8639, 514.7069, 623.1547, 34.5442, 403.7383, 598.6214, 185.1368, 527.7072, 676.4595, 66.2440, 552.0827, 642.0125, 84.8988, 478.7397, 533.9012, 151.4297, 467.1505, 628.3743, 189.2388, 425.3722, 609.2328, 160.7981, 524.0569, 630.3253, 87.2834, 468.7309, 590.1612, 134.8544, 471.6531, 621.1550, 146.1257, 556.1119, 628.2121, 160.3933, 419.7487, 506.3648, 70.3994, 502.5884, 605.2977}
{368.3867, 660.8609, 561.8491, 89.6483, 772.3712, 516.5128, 80.1763, 704.1984, 637.4320, 37.1474, 606.9844, 443.7406, 0.0000, 764.9987, 546.0558, 105.2636, 765.6253, 512.7962, 96.1406, 599.0049, 540.3821, 70.4208, 597.7187, 507.9336, 103.6931, 618.7715, 555.8516, 123.7660, 760.3285, 594.8588, 150.1595, 647.5832, 625.8588, 74.5018, 645.6295, 475.9615, 45.5325, 640.9703, 620.9732, 117.2992, 741.5086, 488.1261, 129.9890, 735.3353, 522.8946, 57.5664, 681.3674, 572.1080, 47.8316, 762.1661, 631.9472, 53.8419, 665.1351, 604.5341, 97.9080, 649.6719, 522.6658, 70.6496, 666.7867, 567.9975, 27.9193, 725.2631, 573.4891, 115.5801, 733.7850, 579.1086, 66.7738, 610.9480, 506.7370, 105.1466, 719.4333}
{479.1087, 105.2959, 664.6344, 792.9118, 9.4107, 647.9859, 816.6062, 72.6720, 697.3188, 746.4109, 158.8896, 655.8169, 764.9987, 0.0000, 766.6318, 808.8346, 25.1746, 707.7267, 853.5312, 180.2866, 687.2592, 786.4010, 179.7507, 707.4569, 863.2598, 149.4044, 697.5508, 875.5442, 62.4708, 625.4475, 915.1566, 133.1331, 739.5533, 823.7462, 154.9850, 646.0908, 763.0661, 139.5146, 750.6481, 880.9272, 71.8676, 711.1867, 887.6916, 34.3252, 698.7356, 822.4756, 123.6120, 587.7763, 812.6860, 43.3907, 717.2141, 797.4821, 112.8102, 685.0065, 857.4360, 156.6365, 626.1926, 833.5202, 100.0462, 732.9013, 779.3021, 39.9914, 750.2878, 852.4495, 31.4790, 771.9430, 803.9023, 161.7163, 696.2667, 870.0458, 51.2141}
{354.1785, 703.0890, 112.6672, 635.3168, 768.2545, 118.6513, 508.8184, 695.1984, 141.2777, 569.6965, 645.6951, 136.3572, 546.0558, 766.6318, 0.0000, 651.3178, 750.2587, 61.0687, 617.8300, 602.6732, 81.6299, 616.1864, 605.1373, 62.8765, 557.4045, 685.7708, 76.6556, 645.1531, 804.2200, 168.6756, 614.8154, 639.7857, 100.2884, 611.9202, 748.6465, 128.0005, 502.5866, 722.4826, 88.6381, 613.3993, 794.2379, 70.4463, 639.7321, 756.3431, 67.9548, 571.9293, 643.1228, 192.5297, 561.2339, 735.4186, 121.3658, 518.0745, 730.8504, 121.5446, 614.9113, 755.9609, 140.8810, 557.8795, 709.4648, 49.1281, 573.6335, 734.4243, 39.1948, 652.1412, 740.8979, 33.9076, 510.0362, 625.3249, 73.0431, 587.2378, 717.4105}
{454.4766, 703.5545, 665.4187, 18.7230, 816.8590, 619.8389, 161.9648, 753.4618, 741.2856, 87.6303, 654.4917, 547.6687, 105.2636, 808.8346, 651.3178, 0.0000, 812.4863, 617.7002, 76.9108, 653.6050, 644.7334, 35.9434, 651.7597, 612.8527, 146.1473, 659.8026, 660.3444, 80.5807, 796.4635, 696.6754, 149.6940, 700.4301, 730.6910, 54.3290, 677.1358, 579.4278, 149.4113, 677.3233, 725.9817, 110.9538, 776.9788, 593.1679, 98.4783, 777.2528, 627.5936, 96.9021, 737.1253, 672.3549, 102.5228, 811.2133, 736.3271, 142.2001, 702.9182, 708.3533, 83.7289, 680.1792, 625.0960, 120.1172, 708.9748, 673.0253, 77.7954, 769.9688, 678.6668, 49.4722, 778.3650, 684.3698, 153.8254, 662.6448, 611.4638, 123.0574, 766.5195}
{470.4072, 111.7770, 647.0364, 796.2653, 20.5746, 631.6263, 815.2524, 63.3967, 677.9546, 748.1172, 158.7453, 641.7584, 765.6253, 25.1746, 750.2587, 812.4863, 0.0000, 691.8013, 855.2805, 173.4330, 670.4111, 789.1863, 173.4710, 691.6699, 862.8134, 156.2219, 680.3390, 877.8263, 87.5424, 606.6932, 915.6948, 124.5198, 720.8494, 825.7931, 171.0800, 630.9808, 762.1950, 151.9641, 732.1705, 882.0471, 95.7771, 696.0000, 889.5701, 51.7414, 682.4610, 823.1751, 107.8657, 569.5082, 813.1699, 18.5258, 698.1569, 796.7081, 125.9559, 666.3865, 859.0194, 173.5652, 609.5640, 833.5704, 107.6157, 715.6364, 780.7017, 45.0396, 733.0300, 855.3812, 37.9056, 754.7427, 802.7668, 156.9711, 680.4437, 870.4815, 46.2031}
{294.8187, 642.6916, 74.6636, 600.9645, 709.5561, 61.8214, 483.1610, 636.0135, 133.9908, 533.6700, 585.0314, 80.4488, 512.7962, 707.7267, 61.0687, 617.7002, 691.8013, 0.0000, 590.2378, 542.3261, 39.3164, 582.0624, 544.7358, 4.9532, 534.4595, 624.9316, 48.3677, 618.2814, 744.3736, 131.9801, 594.1306, 580.0416, 113.1345, 581.6045, 687.6702, 67.1247, 470.9326, 661.6178, 108.5278, 588.9811, 734.1357, 26.4677, 614.4369, 696.7777, 15.5372, 543.5310, 584.3775, 145.6131, 532.3287, 677.2480, 122.4071, 489.6492, 670.2082, 104.2300, 587.8899, 694.9773, 85.3604, 531.4627, 649.0958, 56.0382, 540.6618, 675.0275, 65.7840, 622.5828, 681.6132, 80.3759, 482.7789, 564.9430, 11.9754, 563.2197, 658.2080}
{464.2352, 748.7376, 644.2875, 79.7747, 861.1637, 599.7950, 109.8826, 794.5909, 718.7446, 107.1638, 696.5462, 525.8363, 96.1406, 853.5312, 617.8300, 76.9108, 855.2805, 590.2378, 0.0000, 690.9177, 620.4252, 74.7491, 689.4565, 585.3035, 75.4158, 705.8743, 635.2307, 28.8814, 845.7048, 680.7734, 74.4189, 739.0515, 703.1767, 31.2643, 728.6445, 559.1257, 124.4470, 726.1613, 697.0769, 34.7269, 826.5559, 564.6838, 34.5211, 823.0663, 601.4774, 47.1488, 773.7815, 660.3002, 58.9854, 852.5834, 711.4521, 100.6503, 751.0074, 686.0813, 6.8265, 732.2295, 607.8160, 60.6911, 754.4777, 644.1965, 75.2755, 814.0529, 648.0419, 40.2936, 822.5435, 651.5000, 107.8126, 701.9665, 585.2701, 47.7490, 809.0888}
{298.9900, 100.4507, 507.7763, 636.5682, 185.3344, 485.0683, 644.9179, 110.0398, 551.2033, 584.1081, 48.6027, 484.1254, 599.0049, 180.2866, 602.6732, 653.6050, 173.4330, 542.3261, 690.9177, 0.0000, 526.2135, 627.8630, 4.1813, 541.4913, 693.8393, 92.4760, 538.2140, 714.7244, 204.1624, 476.3521, 748.4521, 49.4435, 588.3116, 662.2927, 158.8204, 478.0124, 592.7217, 127.8662, 597.8436, 716.1257, 192.3622, 542.8851, 725.4038, 160.2530, 534.9098, 656.5155, 83.5736, 436.2505, 646.0878, 166.2563, 568.6240, 627.3166, 130.0009, 533.9862, 694.2417, 166.2242, 464.8165, 665.5676, 106.7937, 573.4602, 615.7843, 141.7832, 590.6405, 694.1377, 149.7642, 611.8097, 632.7827, 22.7415, 530.5401, 703.1415, 129.4774}
{296.1419, 626.6433, 35.6640, 627.6282, 688.6446, 42.5796, 514.5518, 616.2409, 98.9447, 559.5760, 570.3385, 98.0092, 540.3821, 687.2592, 81.6299, 644.7334, 670.4111, 39.3164, 620.4252, 526.2135, 0.0000, 608.9160, 528.8468, 43.4184, 566.7876, 611.2846, 16.7974, 648.7251, 726.2838, 93.5337, 627.1635, 561.8054, 89.5825, 610.5026, 675.1736, 71.3354, 499.5542, 648.1122, 89.8718, 620.5641, 716.8766, 64.1270, 645.5856, 677.9226, 23.8176, 573.4821, 563.6565, 111.7018, 562.0767, 655.3167, 91.5943, 519.7806, 655.2784, 67.3133, 618.3448, 682.5574, 61.4303, 562.3555, 632.9217, 48.1008, 568.2999, 655.7467, 64.7596, 651.7446, 662.0463, 85.6132, 513.4721, 548.9378, 37.8081, 595.0360, 638.4593}
{420.7741, 681.2654, 629.5013, 19.2299, 794.2486, 583.9091, 134.8431, 729.3866, 705.3896, 52.2807, 630.7212, 511.7912, 70.4208, 786.4010, 616.1864, 35.9434, 789.1863, 582.0624, 74.7491, 627.8630, 608.9160, 0.0000, 626.1667, 577.2230, 129.9655, 637.8988, 624.5579, 90.4559, 776.2749, 660.7548, 148.5416, 675.2607, 695.0111, 43.9536, 658.0926, 543.5071, 115.4386, 656.8326, 690.3953, 108.8032, 756.9548, 557.6151, 105.2924, 755.3263, 591.8698, 75.4901, 711.2175, 636.5427, 77.5036, 787.2881, 700.5103, 112.5154, 682.0624, 672.4551, 80.7149, 661.4451, 589.1546, 99.3437, 686.8432, 637.4558, 43.9949, 747.2217, 643.2374, 66.3033, 755.6680, 649.1501, 124.9377, 637.7200, 575.7511, 113.1357, 743.0840}
{299.8269, 97.9567, 510.5966, 634.7685, 184.9780, 487.6316, 644.0585, 110.0867, 554.3684, 582.5953, 44.8569, 486.1533, 597.7187, 179.7507, 605.1373, 651.7597, 173.4710, 544.7358, 689.4565, 4.1813, 528.8468, 626.1667, 0.0000, 543.8702, 692.8129, 88.7421, 540.9180, 713.1720, 202.4088, 479.4638, 747.2505, 50.1208, 591.3017, 660.7594, 155.1421, 480.2932, 591.7405, 124.3232, 600.7767, 714.7981, 190.3089, 545.1256, 723.9334, 159.0506, 537.4053, 655.2442, 85.6493, 439.3070, 644.8547, 166.7160, 571.7073, 626.3308, 126.9985, 537.0063, 692.8143, 162.5588, 467.4643, 664.4303, 104.3703, 576.1456, 614.3523, 140.9805, 593.3106, 692.4515, 149.0438, 614.4513, 631.8736, 20.2373, 532.9366, 701.9429, 129.1355}
{292.0651, 641.8191, 78.4648, 596.1315, 709.3508, 62.9484, 478.2120, 635.6590, 138.8175, 528.8715, 583.9945, 76.6856, 507.9336, 707.4569, 62.8765, 612.8527, 691.6699, 4.9532, 585.3035, 541.4913, 43.4184, 577.2230, 543.8702, 0.0000, 529.5063, 623.7474, 53.1152, 613.3425, 743.7590, 135.4556, 589.1811, 579.4851, 118.0335, 576.6990, 686.3239, 65.1416, 466.0388, 660.4063, 113.2975, 584.0298, 733.4082, 21.6028, 609.4890, 696.2794, 19.6271, 538.6020, 584.1733, 147.9817, 527.4041, 677.1998, 127.3498, 484.7179, 669.1805, 108.8957, 582.9512, 693.6198, 86.5962, 526.5185, 648.2387, 60.6779, 535.7961, 674.5939, 69.8996, 617.6696, 681.2189, 83.7839, 477.8382, 564.0863, 11.2813, 558.2673, 657.8448}
{443.1956, 759.8703, 592.9219, 142.6947, 870.3862, 549.7385, 55.9986, 800.7124, 665.6901, 134.6288, 704.6409, 475.2380, 103.6931, 863.2598, 557.4045, 146.1473, 862.8134, 534.4595, 75.4158, 693.8393, 566.7876, 129.9655, 692.8129, 529.5063, 0.0000, 718.4458, 580.8411, 95.3194, 860.8447, 633.2875, 62.8774, 742.8943, 646.4793, 91.9403, 747.4434, 509.3335, 101.3476, 741.7751, 639.4008, 57.3201, 842.2341, 508.3800, 84.8613, 834.3133, 546.6211, 55.5749, 775.1466, 616.1992, 58.9016, 858.5223, 656.6684, 66.8276, 765.5101, 633.4728, 69.5744, 751.6576, 559.9232, 33.9103, 765.9275, 586.9397, 102.5524, 823.3694, 589.4456, 115.6931, 831.9028, 591.2801, 63.9160, 706.9643, 530.5109, 31.2127, 816.7159}
{362.5832, 44.5106, 594.7331, 644.0396, 157.7743, 569.4916, 673.4677, 107.4564, 641.0514, 598.9085, 43.8857, 562.3478, 618.7715, 149.4044, 685.7708, 659.8026, 156.2219, 624.9316, 705.8743, 92.4760, 611.2846, 637.8988, 88.7421, 623.7474, 718.4458, 0.0000, 623.9879, 727.3806, 143.8326, 565.8503, 768.8364, 89.3660, 676.7196, 675.8282, 66.4629, 559.3147, 619.1872, 36.8531, 685.7394, 733.9250, 126.5735, 623.5153, 739.8814, 117.4642, 618.4903, 676.0620, 127.1822, 525.3580, 666.5751, 159.3537, 657.8268, 653.3471, 49.9636, 622.6971, 709.9450, 73.9096, 550.1615, 687.9930, 49.3648, 658.9905, 632.0942, 111.7579, 675.9888, 703.8090, 119.8444, 696.8302, 660.3927, 72.0338, 613.0231, 723.9180, 112.7270}
{312.2401, 638.5815, 36.0582, 643.3122, 698.7567, 57.6603, 528.9417, 626.8557, 85.8238, 575.3925, 582.7538, 114.3424, 555.8516, 697.5508, 76.6556, 660.3444, 680.3390, 48.3677, 635.2307, 538.2140, 16.7974, 624.5579, 540.9180, 53.1152, 580.8411, 623.9879, 0.0000, 663.4564, 737.4542, 92.5816, 640.9357, 573.0399, 72.8487, 625.6695, 688.1734, 88.1323, 514.7659, 660.8337, 73.1538, 634.9082, 728.3471, 74.6844, 660.0860, 688.8413, 34.4295, 588.3489, 573.9436, 116.4656, 577.0002, 665.0286, 76.2428, 534.5809, 667.5589, 55.9608, 633.0673, 695.5749, 73.9474, 576.9260, 644.8138, 35.3861, 583.7643, 666.5203, 52.7487, 666.8490, 672.7067, 74.4053, 528.0958, 560.9522, 50.3653, 609.2904, 649.0665}
{492.1478, 770.5403, 672.7993, 89.5485, 883.2930, 628.3890, 136.4504, 817.5407, 747.1316, 130.7624, 719.1768, 554.3650, 123.7660, 875.5442, 645.1531, 80.5807, 877.8263, 618.2814, 28.8814, 714.7244, 648.7251, 90.4559, 713.1720, 613.3425, 95.3194, 727.3806, 663.4564, 0.0000, 866.3166, 709.5283, 73.2421, 762.5882, 731.1425, 52.5306, 748.4094, 587.7241, 153.3274, 746.8244, 724.9006, 40.9607, 847.0457, 592.6468, 18.5551, 844.7349, 629.6375, 75.9103, 797.8053, 689.1567, 87.8250, 875.5071, 739.6586, 129.0122, 771.9293, 714.5005, 30.3933, 751.8054, 636.5377, 87.2770, 776.1912, 672.0627, 100.9690, 836.2162, 675.7034, 31.9743, 844.6855, 678.8770, 135.5291, 725.3018, 613.4344, 64.4787, 831.6671}
{499.4447, 108.1212, 705.6133, 781.3473, 69.4727, 685.9328, 816.6245, 114.1520, 742.6670, 739.1491, 169.4387, 688.0250, 760.3285, 62.4708, 804.2200, 796.4635, 87.5424, 744.3736, 845.7048, 204.1624, 726.2838, 776.2749, 202.4088, 743.7590, 860.8447, 143.8326, 737.4542, 866.3166, 0.0000, 669.4571, 910.1190, 164.4873, 783.1147, 815.2970, 121.9343, 680.9443, 762.1219, 119.5446, 793.6061, 874.5629, 19.8740, 745.9766, 879.4222, 50.4880, 736.2864, 817.3745, 168.9364, 630.7051, 808.1601, 105.3013, 761.7304, 796.1422, 95.3687, 728.4968, 850.0067, 120.7527, 664.8942, 829.9860, 101.4078, 772.8328, 772.6477, 73.9919, 790.1528, 841.6949, 70.2800, 811.6053, 803.4318, 182.3861, 732.6976, 865.4175, 93.1519}
{296.8579, 575.4535, 57.9981, 678.7926, 625.8368, 86.8067, 579.0557, 556.6648, 75.5338, 609.6012, 523.0671, 159.7523, 594.8588, 625.4475, 168.6756, 696.6754, 606.6932, 131.9801, 680.7734, 476.3521, 93.5337, 660.7548, 479.4638, 135.4556, 633.2875, 565.8503, 92.5816, 709.5283, 669.4571, 0.0000, 695.1534, 506.4259, 114.1576, 667.5686, 631.6025, 125.2082, 557.1666, 602.5276, 125.8334, 684.6319, 661.9972, 154.0802, 708.2997, 619.7982, 116.5743, 633.6349, 502.5445, 41.1172, 621.8170, 590.5294, 92.4092, 580.9686, 606.3231, 59.8518, 679.4173, 639.0795, 73.3693, 625.0765, 581.3670, 122.1201, 622.5742, 596.8741, 138.1550, 709.1381, 602.4700, 159.2360, 576.1779, 498.9415, 127.1579, 659.9289, 578.7040}
{504.4191, 811.0028, 653.9404, 154.1298, 922.5207, 611.1513, 118.8355, 854.1409, 726.1081, 172.5124, 757.0918, 536.6424, 150.1595, 915.1566, 614.8154, 149.6940, 915.6948, 594.1306, 74.4189, 748.4521, 627.1635, 148.5416, 747.2505, 589.1811, 62.8774, 768.8364, 640.9357, 73.2421, 910.1190, 695.1534, 0.0000, 797.2024, 705.5567, 104.5882, 794.6667, 570.8676, 159.8117, 790.6770, 698.0509, 39.7906, 891.2146, 567.9040, 55.0404, 885.4745, 606.6133, 92.7771, 830.4697, 678.6067, 102.5256, 912.0869, 716.4982, 126.4434, 815.0064, 694.0743, 68.0364, 798.5413, 621.7856, 83.6210, 816.9172, 645.8822, 138.4949, 875.4150, 647.7526, 104.3261, 883.9377, 648.7230, 125.7705, 760.7506, 590.5712, 45.3126, 869.5101}
{346.3291, 73.8411, 541.3910, 683.5791, 137.4733, 521.4566, 694.1792, 61.3364, 580.3048, 632.1053, 57.4057, 525.0544, 647.5832, 133.1331, 639.7857, 700.4301, 124.5198, 580.0416, 739.0515, 49.4435, 561.8054, 675.2607, 50.1208, 579.4851, 742.8943, 89.3660, 573.0399, 762.5882, 164.4873, 506.4259, 797.2024, 0.0000, 619.6870, 710.2199, 148.3781, 516.9760, 641.8413, 116.2898, 629.9132, 764.6023, 155.6755, 582.0636, 773.5093, 117.0067, 571.8434, 705.1236, 41.7681, 467.2109, 694.7778, 116.8322, 598.8190, 676.4296, 108.1391, 565.1050, 742.4676, 155.1050, 500.4107, 714.4420, 78.4947, 608.4123, 664.0043, 96.3199, 625.7216, 741.5614, 103.7366, 647.1526, 681.9911, 38.2004, 568.3970, 751.8992, 81.9236}
{380.8894, 687.9416, 86.3577, 713.8749, 739.9792, 126.7658, 595.7371, 670.5735, 51.1733, 646.3552, 634.4066, 186.8639, 625.8588, 739.5533, 100.2884, 730.6910, 720.8494, 113.1345, 703.1767, 588.3116, 89.5825, 695.0111, 591.3017, 118.0335, 646.4793, 676.7196, 72.8487, 731.1425, 783.1147, 114.1576, 705.5567, 619.6870, 0.0000, 694.7311, 741.9913, 160.7681, 584.0667, 713.5162, 14.8952, 701.3973, 775.3459, 138.4967, 727.0441, 733.5899, 103.3543, 656.5348, 616.5545, 152.4762, 645.3721, 704.6826, 27.1966, 602.6310, 718.2953, 54.6202, 700.7570, 749.4502, 136.6708, 644.2093, 693.9496, 59.7500, 653.7353, 710.7361, 61.5282, 735.6885, 716.4070, 71.7737, 595.6162, 610.9894, 119.3516, 675.5279, 692.6442}
{441.8876, 718.8380, 633.0949, 51.9340, 831.4410, 588.0900, 111.1763, 765.3517, 708.2292, 78.2435, 667.0996, 514.7069, 74.5018, 823.7462, 611.9202, 54.3290, 825.7931, 581.6045, 31.2643, 662.2927, 610.5026, 43.9536, 660.7594, 576.6990, 91.9403, 675.8282, 625.6695, 52.5306, 815.2970, 667.5686, 104.5882, 710.2199, 694.7311, 0.0000, 697.9482, 547.4468, 110.9831, 695.7636, 689.2262, 64.8625, 796.1024, 556.4477, 64.1254, 793.1061, 592.2862, 44.1961, 745.3371, 645.6101, 52.2593, 823.3301, 701.8956, 95.0039, 720.7123, 675.4136, 36.8886, 701.4799, 595.0305, 66.3968, 724.5344, 636.2420, 49.3140, 784.3458, 640.8840, 41.5737, 792.8254, 645.3558, 105.1218, 672.9856, 576.0837, 70.8314, 779.6182}
{417.8857, 79.0791, 659.4600, 662.4246, 164.3845, 633.1543, 705.3907, 143.7563, 706.8999, 622.7635, 110.2993, 623.1547, 645.6295, 154.9850, 748.6465, 677.1358, 171.0800, 687.6702, 728.6445, 158.8204, 675.1736, 658.0926, 155.1421, 686.3239, 747.4434, 66.4629, 688.1734, 748.4094, 121.9343, 631.6025, 794.6667, 148.3781, 741.9913, 697.9482, 0.0000, 621.5827, 650.3371, 32.1836, 750.7922, 758.3315, 102.0606, 685.3184, 762.0226, 120.9182, 681.6928, 702.1561, 180.1026, 590.9917, 693.3792, 180.8569, 723.4258, 683.8606, 48.1518, 688.1207, 733.1746, 7.4818, 614.2570, 715.8488, 77.7380, 723.0287, 656.5359, 128.1371, 739.9266, 723.0433, 133.7226, 760.5956, 691.8425, 137.8027, 675.7258, 750.3736, 138.5662}
{228.6740, 578.1799, 86.0062, 561.9839, 648.2867, 40.6726, 455.6375, 573.9572, 162.1838, 493.3642, 519.9158, 34.5442, 475.9615, 646.0908, 128.0005, 579.4278, 630.9808, 67.1247, 559.1257, 478.0124, 71.3354, 543.5071, 480.2932, 65.1416, 509.3335, 559.3147, 88.1323, 587.7241, 680.9443, 125.2082, 570.8676, 516.9760, 160.7681, 547.4468, 621.5827, 0.0000, 436.5492, 595.9111, 161.0822, 561.5171, 670.1999, 65.1150, 585.7145, 633.9321, 65.2317, 511.9968, 523.2202, 118.3960, 500.3407, 616.9493, 159.9301, 458.7907, 605.1022, 129.2563, 557.4563, 628.8601, 53.0177, 502.3703, 584.6439, 114.6323, 503.8480, 612.5247, 128.5423, 588.9178, 619.3132, 145.9583, 453.3915, 500.5271, 55.2165, 536.5017, 596.0894}
{345.3731, 660.1393, 522.1436, 134.6409, 770.0792, 477.2045, 55.4140, 699.9149, 597.2461, 78.8128, 604.2921, 403.7383, 45.5325, 763.0661, 502.5866, 149.4113, 762.1950, 470.9326, 124.4470, 592.7217, 499.5542, 115.4386, 591.7405, 466.0388, 101.3476, 619.1872, 514.7659, 153.3274, 762.1219, 557.1666, 159.8117, 641.8413, 584.0667, 110.9831, 650.3371, 436.5492, 0.0000, 643.4501, 578.7722, 135.4075, 743.7227, 445.9285, 154.8164, 734.5060, 481.4615, 77.8911, 673.8741, 536.0599, 65.7778, 757.6588, 590.9796, 34.6001, 666.7537, 564.4322, 123.9533, 654.8078, 484.4413, 76.6942, 666.2695, 525.7771, 71.7077, 723.1288, 530.7731, 152.3806, 731.6623, 535.8223, 41.5322, 606.0825, 465.2657, 115.6558, 716.1521}
{397.0242, 49.3217, 631.5827, 662.0726, 148.6672, 606.2977, 698.1499, 116.3495, 677.6839, 619.6125, 79.7368, 598.6214, 640.9703, 139.5146, 722.4826, 677.3233, 151.9641, 661.6178, 726.1613, 127.8662, 648.1122, 656.8326, 124.3232, 660.4063, 741.7751, 36.8531, 660.8337, 746.8244, 119.5446, 602.5276, 790.6770, 116.2898, 713.5162, 695.7636, 32.1836, 595.9111, 643.4501, 0.0000, 722.5653, 755.0423, 100.5409, 660.0263, 759.8883, 105.3492, 655.2450, 697.9503, 148.9874, 562.0787, 688.7992, 159.2673, 694.5504, 677.3420, 26.7822, 659.4668, 730.4625, 39.1930, 587.0013, 710.7466, 49.4712, 695.8293, 653.1275, 107.2632, 712.8215, 722.3341, 114.0612, 733.6501, 684.8391, 106.3668, 649.7024, 746.0260, 114.4532}
{384.4985, 697.6850, 92.4363, 709.3307, 751.1985, 129.5598, 589.1785, 681.3494, 65.9265, 642.1579, 643.6409, 185.1368, 620.9732, 750.6481, 88.6381, 725.9817, 732.1705, 108.5278, 697.0769, 597.8436, 89.8718, 690.3953, 600.7767, 113.2975, 639.4008, 685.7394, 73.1538, 724.9006, 793.6061, 125.8334, 698.0509, 629.9132, 14.8952, 689.2262, 750.7922, 161.0822, 578.7722, 722.5653, 0.0000, 694.6314, 785.5887, 132.8628, 720.4678, 744.2211, 100.4716, 650.5833, 627.4815, 162.9763, 639.5231, 716.1262, 41.9965, 596.6497, 727.7704, 65.9840, 694.5338, 758.2408, 141.7161, 637.8315, 703.7411, 52.9953, 648.8088, 721.4485, 51.0353, 730.0375, 727.2102, 58.4031, 589.3851, 620.5495, 115.9796, 668.6722, 703.4560}
{480.3359, 776.4363, 645.8443, 114.5015, 888.4220, 602.0834, 106.0354, 820.8890, 719.3279, 135.5682, 723.3232, 527.7072, 117.2992, 880.9272, 613.3993, 110.9538, 882.0471, 588.9811, 34.7269, 716.1257, 620.5641, 108.8032, 714.7981, 584.0298, 57.3201, 733.9250, 634.9082, 40.9607, 874.5629, 684.6319, 39.7906, 764.6023, 701.3973, 64.8625, 758.3315, 561.5171, 135.4075, 755.0423, 694.6314, 0.0000, 855.5391, 563.0586, 27.6593, 850.8630, 600.8268, 60.3692, 798.5939, 666.0075, 71.8276, 878.8774, 710.9347, 105.3594, 779.6214, 686.9168, 28.2552, 762.0731, 611.3636, 60.2159, 782.2698, 642.0026, 101.9153, 841.3000, 644.9318, 68.4439, 849.8100, 647.2376, 108.5952, 727.8280, 584.6658, 26.3275, 835.8444}
{485.0672, 93.7527, 696.9355, 761.9203, 80.1767, 676.2003, 798.3206, 110.7649, 735.6723, 720.0825, 154.9413, 676.4595, 741.5086, 71.8676, 794.2379, 776.9788, 95.7771, 734.1357, 826.5559, 192.3622, 716.8766, 756.9548, 190.3089, 733.4082, 842.2341, 126.5735, 728.3471, 847.0457, 19.8740, 661.9972, 891.2146, 155.6755, 775.3459, 796.1024, 102.0606, 670.1999, 743.7227, 100.5409, 785.5887, 855.5391, 0.0000, 735.1367, 860.2272, 49.9817, 726.3597, 798.4903, 164.8605, 622.8706, 789.3379, 112.2689, 754.3695, 777.6804, 77.2616, 720.7566, 830.8917, 100.9158, 655.4500, 811.2617, 87.0458, 763.6987, 753.6263, 72.4204, 780.9779, 822.3125, 70.9534, 802.3378, 785.0726, 170.1096, 722.4011, 846.5668, 91.5555}
{284.9053, 642.9643, 98.2447, 576.5767, 713.3554, 75.3601, 457.3163, 639.0687, 160.4187, 509.6165, 584.4531, 66.2440, 488.1261, 711.1867, 70.4463, 593.1679, 696.0000, 26.4677, 564.6838, 542.8851, 64.1270, 557.6151, 545.1256, 21.6028, 508.3800, 623.5153, 74.6844, 592.6468, 745.9766, 154.0802, 567.9040, 582.0636, 138.4967, 556.4477, 685.3184, 65.1150, 445.9285, 660.0263, 132.8628, 563.0586, 735.1367, 0.0000, 588.6158, 699.0290, 40.7226, 518.0627, 588.2666, 163.0793, 506.9263, 681.8927, 148.7569, 464.1510, 669.6180, 130.3575, 562.2609, 692.5588, 98.6133, 505.7318, 649.4475, 79.8743, 515.9548, 677.6373, 86.6059, 597.3262, 684.4282, 97.1740, 457.1215, 565.3625, 27.0340, 537.2479, 661.2027}
{497.3210, 782.8349, 670.3827, 106.2822, 895.3546, 626.3366, 131.3079, 828.9599, 744.2295, 141.4941, 730.8471, 552.0827, 129.9890, 887.6916, 639.7321, 98.4783, 889.5701, 614.4369, 34.5211, 725.4038, 645.5856, 105.2924, 723.9334, 609.4890, 84.8613, 739.8814, 660.0860, 18.5551, 879.4222, 708.2997, 55.0404, 773.5093, 727.0441, 64.1254, 762.0226, 585.7145, 154.8164, 759.8883, 720.4678, 27.6593, 860.2272, 588.6158, 0.0000, 857.1294, 626.0981, 77.0674, 808.2864, 688.8826, 89.1865, 886.9495, 736.1973, 127.4708, 784.8279, 711.7229, 32.0916, 765.5287, 635.1316, 83.3519, 788.5498, 667.7533, 109.7950, 848.2503, 670.9371, 50.4530, 856.7359, 673.5387, 132.3344, 736.3959, 609.9163, 53.6957, 843.3837}
{458.6175, 74.4786, 656.6890, 761.5037, 43.6431, 637.8806, 788.3852, 63.7156, 692.7723, 716.0301, 132.2104, 642.0125, 735.3353, 34.3252, 756.3431, 777.2528, 51.7414, 696.7777, 823.0663, 160.2530, 677.9226, 755.3263, 159.0506, 696.2794, 834.3133, 117.4642, 688.8413, 844.7349, 50.4880, 619.7982, 885.4745, 117.0067, 733.5899, 793.1061, 120.9182, 633.9321, 734.5060, 105.3492, 744.2211, 850.8630, 49.9817, 699.0290, 857.1294, 0.0000, 688.3888, 792.7272, 118.5073, 581.2636, 783.0939, 65.4340, 711.9989, 768.8232, 78.5975, 678.9702, 827.0765, 122.8387, 616.5963, 804.2257, 68.5969, 724.2273, 749.1033, 23.5116, 741.5734, 821.2596, 20.9717, 763.0930, 775.5183, 139.7300, 685.1680, 840.4568, 42.7377}
{293.8669, 635.3445, 59.1370, 610.6964, 700.3994, 50.8828, 494.8986, 627.2607, 120.2168, 543.0589, 578.1742, 84.8988, 522.8946, 698.7356, 67.9548, 627.5936, 682.4610, 15.5372, 601.4774, 534.9098, 23.8176, 591.8698, 537.4053, 19.6271, 546.6211, 618.4903, 34.4295, 629.6375, 736.2864, 116.5743, 606.6133, 571.8434, 103.3543, 592.2862, 681.6928, 65.2317, 481.4615, 655.2450, 100.4716, 600.8268, 726.3597, 40.7226, 626.0981, 688.3888, 0.0000, 554.6574, 575.2512, 131.4618, 543.3643, 667.7019, 110.1087, 500.8388, 663.2958, 89.6952, 599.2448, 689.0318, 73.7326, 542.9952, 641.7034, 50.2568, 550.7918, 666.4719, 63.3392, 633.3872, 672.9522, 81.0583, 494.2112, 557.5788, 16.2105, 575.1624, 649.4715}
{420.8789, 718.2590, 597.1970, 90.0617, 829.8700, 552.6673, 67.1928, 761.7645, 671.7309, 81.8327, 664.5215, 478.7397, 57.5664, 822.4756, 571.9293, 96.9021, 823.1751, 543.5310, 47.1488, 656.5155, 573.4821, 75.4901, 655.2442, 538.6020, 55.5749, 676.0620, 588.3489, 75.9103, 817.3745, 633.6349, 92.7771, 705.1236, 656.5348, 44.1961, 702.1561, 511.9968, 77.8911, 697.9503, 650.5833, 60.3692, 798.4903, 518.0627, 77.0674, 792.7272, 554.6574, 0.0000, 738.8100, 613.2879, 12.1278, 819.7325, 664.5821, 53.9392, 722.2444, 639.0463, 46.1079, 706.0939, 560.6688, 23.9000, 724.1638, 597.6651, 48.2852, 782.7581, 601.7345, 80.7441, 791.2782, 605.5245, 62.3892, 668.5091, 538.4477, 48.2658, 776.9813}
{367.2070, 101.3637, 541.0893, 720.0495, 125.1791, 524.4716, 725.4443, 54.7922, 574.9965, 667.1168, 99.0378, 533.9012, 681.3674, 123.6120, 643.1228, 737.1253, 107.8657, 584.3775, 773.7815, 83.5736, 563.6565, 711.2175, 85.6493, 584.1733, 775.1466, 127.1822, 573.9436, 797.8053, 168.9364, 502.5445, 830.4697, 41.7681, 616.5545, 745.3371, 180.1026, 523.2202, 673.8741, 148.9874, 627.4815, 798.5939, 164.8605, 588.2666, 808.2864, 118.5073, 575.2512, 738.8100, 0.0000, 464.5348, 728.2511, 95.0386, 594.5413, 708.4710, 135.2206, 561.9644, 777.0140, 186.1985, 502.6155, 747.3591, 103.9634, 609.2971, 698.5836, 95.1111, 626.6826, 777.4723, 100.1247, 648.3338, 713.5672, 78.6173, 572.9643, 785.1602, 76.3989}
{260.1304, 535.6498, 80.6593, 654.2221, 588.4253, 88.2522, 561.2028, 518.3733, 116.5890, 584.8880, 482.7199, 151.4297, 572.1080, 587.7763, 192.5297, 672.3549, 569.5082, 145.6131, 660.3002, 436.2505, 111.7018, 636.5427, 439.3070, 147.9817, 616.1992, 525.3580, 116.4656, 689.1567, 630.7051, 41.1172, 678.6067, 467.2109, 152.4762, 645.6101, 590.9917, 118.3960, 536.0599, 562.0787, 162.9763, 666.0075, 622.8706, 163.0793, 688.8826, 581.2636, 131.4618, 613.2879, 464.5348, 0.0000, 601.3323, 553.6306, 132.4719, 561.4188, 566.2505, 97.9095, 659.3029, 598.4655, 66.8067, 606.0437, 541.6221, 150.1260, 599.5854, 558.4754, 167.2030, 687.1548, 564.2350, 188.9419, 557.4160, 458.8872, 137.8493, 641.8477, 540.4816}
{408.9510, 708.6170, 585.6137, 93.6921, 820.0297, 541.0130, 59.5378, 751.6263, 660.2470, 75.8146, 654.5740, 467.1505, 47.8316, 812.6860, 561.2339, 102.5228, 813.1699, 532.3287, 58.9854, 646.0878, 562.0767, 77.5036, 644.8547, 527.4041, 58.9016, 666.5751, 577.0002, 87.8250, 808.1601, 621.8170, 102.5256, 694.7778, 645.3721, 52.2593, 693.3792, 500.3407, 65.7778, 688.7992, 639.5231, 71.8276, 789.3379, 506.9263, 89.1865, 783.0939, 543.3643, 12.1278, 728.2511, 601.3323, 0.0000, 809.5770, 653.2400, 43.2292, 712.9658, 627.5384, 58.1866, 697.3932, 548.8882, 25.0244, 714.5547, 586.5837, 43.8689, 772.9283, 590.7978, 90.9589, 781.4525, 594.7828, 52.8664, 658.2674, 527.1538, 57.3648, 766.9858}
{460.6901, 115.6466, 631.5135, 794.7816, 39.0282, 616.8368, 810.3381, 57.9959, 661.4389, 745.4555, 156.7260, 628.3743, 762.1661, 43.3907, 735.4186, 811.2133, 18.5258, 677.2480, 852.5834, 166.2563, 655.3167, 787.2881, 166.7160, 677.1998, 858.5223, 159.3537, 665.0286, 875.5071, 105.3013, 590.5294, 912.0869, 116.8322, 704.6826, 823.3301, 180.8569, 616.9493, 757.6588, 159.2673, 716.1262, 878.8774, 112.2689, 681.8927, 886.9495, 65.4340, 667.7019, 819.7325, 95.0386, 553.6306, 809.5770, 0.0000, 681.8022, 792.2194, 134.1954, 650.2795, 856.1992, 183.9506, 594.6237, 829.6526, 112.3880, 700.2843, 777.7940, 52.7209, 717.6771, 853.5514, 47.6980, 739.4171, 798.0157, 151.5766, 665.9563, 866.8219, 46.6272}
{372.0085, 667.8310, 77.5427, 719.2199, 717.4416, 122.2960, 605.0064, 648.7767, 23.9843, 651.1336, 615.1831, 189.2388, 631.9472, 717.2141, 121.3658, 736.3271, 698.1569, 122.4071, 711.4521, 568.6240, 91.5943, 700.5103, 571.7073, 127.3498, 656.6684, 657.8268, 76.2428, 739.6586, 761.7304, 92.4092, 716.4982, 598.8190, 27.1966, 701.8956, 723.4258, 159.9301, 590.9796, 694.5504, 41.9965, 710.9347, 754.3695, 148.7569, 736.1973, 711.9989, 110.1087, 664.5821, 594.5413, 132.4719, 653.2400, 681.8022, 0.0000, 610.8036, 698.6138, 36.7586, 709.2679, 730.8978, 127.6019, 653.0747, 673.7557, 75.5475, 659.8638, 689.0234, 82.2160, 743.0857, 694.5451, 96.0274, 604.2685, 591.2363, 126.2815, 685.2620, 670.7790}
{377.9990, 694.4322, 543.7964, 130.6791, 804.5227, 499.4478, 26.4650, 734.4628, 618.1351, 90.9280, 638.7397, 425.3722, 53.8419, 797.4821, 518.0745, 142.2001, 796.7081, 489.6492, 100.6503, 627.3166, 519.7806, 112.5154, 626.3308, 484.7179, 66.8276, 653.3471, 534.5809, 129.0122, 796.1422, 580.9686, 126.4434, 676.4296, 602.6310, 95.0039, 683.8606, 458.7907, 34.6001, 677.3420, 596.6497, 105.3594, 777.6804, 464.1510, 127.4708, 768.8232, 500.8388, 53.9392, 708.4710, 561.4188, 43.2292, 792.2194, 610.8036, 0.0000, 700.7748, 585.4934, 98.6849, 688.2527, 507.8641, 45.1830, 700.5433, 543.7359, 70.2001, 757.5549, 547.7982, 134.1832, 766.0886, 551.6464, 13.0820, 640.6443, 484.6306, 83.4076, 750.6525}
{411.9156, 34.5212, 637.4862, 687.5398, 121.9995, 613.8269, 721.2692, 95.7490, 681.1026, 644.2994, 85.1904, 609.2328, 665.1351, 112.8102, 730.8504, 702.9182, 125.9559, 670.2082, 751.0074, 130.0009, 655.2784, 682.0624, 126.9985, 669.1805, 765.5101, 49.9636, 667.5589, 771.9293, 95.3687, 606.3231, 815.0064, 108.1391, 718.2953, 720.7123, 48.1518, 605.1022, 666.7537, 26.7822, 727.7704, 779.6214, 77.2616, 669.6180, 784.8279, 78.5975, 663.2958, 722.2444, 135.2206, 566.2505, 712.9658, 134.1954, 698.6138, 700.7748, 0.0000, 663.9838, 755.2360, 52.8601, 593.9599, 734.7117, 31.2590, 702.7284, 677.7133, 81.6916, 719.8451, 747.6879, 88.0850, 740.8906, 708.0671, 107.3817, 658.3477, 770.2481, 90.7126}
{335.7995, 633.5058, 43.6944, 691.0029, 685.4746, 89.7186, 580.8815, 615.9623, 32.9449, 622.5011, 580.2468, 160.7981, 604.5341, 685.0065, 121.5446, 708.3533, 666.3865, 104.2300, 686.0813, 533.9862, 67.3133, 672.4551, 537.0063, 108.8957, 633.4728, 622.6971, 55.9608, 714.5005, 728.4968, 59.8518, 694.0743, 565.1050, 54.6202, 675.4136, 688.1207, 129.2563, 564.4322, 659.4668, 65.9840, 686.9168, 720.7566, 130.3575, 711.7229, 678.9702, 89.6952, 639.0463, 561.9644, 97.9095, 627.5384, 650.2795, 36.7586, 585.4934, 663.9838, 0.0000, 684.1463, 695.5864, 92.0979, 628.4193, 639.4938, 72.4276, 632.4450, 656.1199, 85.6579, 716.7802, 661.7993, 104.9278, 579.4772, 556.6463, 104.9123, 661.5030, 638.0373}
{465.3602, 752.7165, 642.4806, 86.3411, 865.0324, 598.1171, 106.4073, 798.2037, 716.7681, 111.0465, 700.2757, 524.0569, 97.9080, 857.4360, 614.9113, 83.7289, 859.0194, 587.8899, 6.8265, 694.2417, 618.3448, 80.7149, 692.8143, 582.9512, 69.5744, 709.9450, 633.0673, 30.3933, 850.0067, 679.4173, 68.0364, 742.4676, 700.7570, 36.8886, 733.1746, 557.4563, 123.9533, 730.4625, 694.5338, 28.2552, 830.8917, 562.2609, 32.0916, 827.0765, 599.2448, 46.1079, 777.0140, 659.3029, 58.1866, 856.1992, 709.2679, 98.6849, 755.2360, 684.1463, 0.0000, 736.8051, 606.3830, 57.1431, 758.4821, 641.6889, 78.4637, 817.9157, 645.3679, 46.2348, 826.4120, 648.6187, 105.1513, 705.4586, 583.0419, 41.2286, 812.8218}
{424.6671, 84.9386, 666.8929, 665.5861, 166.0472, 640.5250, 709.9147, 148.6021, 714.3790, 626.5131, 117.7250, 630.3253, 649.6719, 156.6365, 755.9609, 680.1792, 173.5652, 694.9773, 732.2295, 166.2242, 682.5574, 661.4451, 162.5588, 693.6198, 751.6576, 73.9096, 695.5749, 751.8054, 120.7527, 639.0795, 798.5413, 155.1050, 749.4502, 701.4799, 7.4818, 628.8601, 654.8078, 39.1930, 758.2408, 762.0731, 100.9158, 692.5588, 765.5287, 122.8387, 689.0318, 706.0939, 186.1985, 598.4655, 697.3932, 183.9506, 730.8978, 688.2527, 52.8601, 695.5864, 736.8051, 0.0000, 621.6551, 719.9598, 83.2035, 730.4206, 660.3269, 131.2976, 747.3118, 726.2631, 136.5414, 767.9694, 696.3248, 145.1335, 683.0309, 754.3284, 142.5052}
{244.7243, 565.2385, 50.5842, 607.3587, 627.6787, 23.6641, 505.7348, 555.0300, 123.2557, 538.3225, 509.0679, 87.2834, 522.6658, 626.1926, 140.8810, 625.0960, 609.5640, 85.3604, 607.8160, 464.8165, 61.4303, 589.1546, 467.4643, 86.5962, 559.9232, 550.1615, 73.9474, 636.5377, 664.8942, 73.3693, 621.7856, 500.4107, 136.6708, 595.0305, 614.2570, 53.0177, 484.4413, 587.0013, 141.7161, 611.3636, 655.4500, 98.6133, 635.1316, 616.5963, 73.7326, 560.6688, 502.6155, 66.8067, 548.8882, 594.6237, 127.6019, 507.8641, 593.9599, 92.0979, 606.3830, 621.6551, 0.0000, 551.8730, 571.5102, 108.8303, 550.4521, 594.4694, 125.8881, 636.5843, 600.8112, 146.9943, 502.9519, 487.5442, 75.5854, 586.6132, 577.2488}
{422.0274, 729.7515, 587.0371, 113.8999, 840.7636, 542.9888, 49.2710, 771.7554, 660.9502, 100.7219, 675.1383, 468.7309, 70.6496, 833.5202, 557.8795, 120.1172, 833.5704, 531.4627, 60.6911, 665.5676, 562.3555, 99.3437, 664.4303, 526.5185, 33.9103, 687.9930, 576.9260, 87.2770, 829.9860, 625.0765, 83.6210, 714.4420, 644.2093, 66.3968, 715.8488, 502.3703, 76.6942, 710.7466, 637.8315, 60.2159, 811.2617, 505.7318, 83.3519, 804.2257, 542.9952, 23.9000, 747.3591, 606.0437, 25.0244, 829.6526, 653.0747, 45.1830, 734.7117, 628.4193, 57.1431, 719.9598, 551.8730, 0.0000, 735.7467, 585.0355, 68.8249, 793.6936, 588.5295, 98.8553, 802.2237, 591.6092, 48.9827, 678.1914, 526.8038, 38.9688, 787.4180}
{398.2322, 6.7271, 614.1024, 693.1416, 108.4171, 591.8404, 720.2816, 66.8899, 655.7997, 647.4356, 68.0787, 590.1612, 666.7867, 100.0462, 709.4648, 708.9748, 107.6157, 649.0958, 754.4777, 106.7937, 632.9217, 686.8432, 104.3703, 648.2387, 765.9275, 49.3648, 644.8138, 776.1912, 101.4078, 581.3670, 816.9172, 78.4947, 693.9496, 724.5344, 77.7380, 584.6439, 666.2695, 49.4712, 703.7411, 782.2698, 87.0458, 649.4475, 788.5498, 68.5969, 641.7034, 724.1638, 103.9634, 541.6221, 714.5547, 112.3880, 673.7557, 700.5433, 31.2590, 639.4938, 758.4821, 83.2035, 571.5102, 735.7467, 0.0000, 680.0901, 680.5067, 62.7583, 697.2941, 752.8151, 70.6705, 718.5033, 707.3464, 84.1533, 637.3010, 771.9157, 66.3111}
{342.4934, 673.8470, 69.5969, 656.4038, 734.0835, 90.6493, 536.4499, 662.2348, 93.4295, 589.3221, 617.8730, 134.8544, 567.9975, 732.9013, 49.1281, 673.0253, 715.6364, 56.0382, 644.1965, 573.4602, 48.1008, 637.4558, 576.1456, 60.6779, 586.9397, 658.9905, 35.3861, 672.0627, 772.8328, 122.1201, 645.8822, 608.4123, 59.7500, 636.2420, 723.0287, 114.6323, 525.7771, 695.8293, 52.9953, 642.0026, 763.6987, 79.8743, 667.7533, 724.2273, 50.2568, 597.6651, 609.2971, 150.1260, 586.5837, 700.2843, 75.5475, 543.7359, 702.7284, 72.4276, 641.6889, 730.4206, 108.8303, 585.0355, 680.0901, 0.0000, 595.8283, 701.9050, 17.3938, 677.0694, 708.0874, 39.1645, 536.5376, 596.1958, 64.5874, 616.0875, 684.4448}
{392.6410, 674.7001, 589.7458, 63.0858, 786.8514, 544.3902, 94.3630, 719.7981, 665.3447, 34.0427, 621.9568, 471.6531, 27.9193, 779.3021, 573.6335, 77.7954, 780.7017, 540.6618, 75.2755, 615.7843, 568.2999, 43.9949, 614.3523, 535.7961, 102.5524, 632.0942, 583.7643, 100.9690, 772.6477, 622.5742, 138.4949, 664.0043, 653.7353, 49.3140, 656.5359, 503.8480, 71.7077, 653.1275, 648.8088, 101.9153, 753.6263, 515.9548, 109.7950, 749.1033, 550.7918, 48.2852, 698.5836, 599.5854, 43.8689, 777.7940, 659.8638, 70.2001, 677.7133, 632.4450, 78.4637, 660.3269, 550.4521, 68.8249, 680.5067, 595.8283, 0.0000, 739.7303, 601.2460, 89.1618, 748.2331, 606.7403, 83.0595, 627.0067, 534.6313, 95.6322, 734.5006}
{440.7651, 67.2498, 634.1942, 753.9314, 47.1222, 615.8884, 776.6371, 40.3598, 669.6986, 706.9113, 118.9056, 621.1550, 725.2631, 39.9914, 734.4243, 769.9688, 45.0396, 675.0275, 814.0529, 141.7832, 655.7467, 747.2217, 140.9805, 674.5939, 823.3694, 111.7579, 666.5203, 836.2162, 73.9919, 596.8741, 875.4150, 96.3199, 710.7361, 784.3458, 128.1371, 612.5247, 723.1288, 107.2632, 721.4485, 841.3000, 72.4204, 677.6373, 848.2503, 23.5116, 666.4719, 782.7581, 95.1111, 558.4754, 772.9283, 52.7209, 689.0234, 757.5549, 81.6916, 656.1199, 817.9157, 131.2976, 594.4694, 793.6936, 62.7583, 701.9050, 739.7303, 0.0000, 719.2635, 813.3261, 8.5339, 740.8179, 763.9462, 122.4441, 663.4576, 830.2834, 19.2883}
{357.0686, 691.0415, 86.8193, 662.2621, 751.4750, 107.0795, 539.7176, 679.6042, 102.6242, 595.6607, 634.9546, 146.1257, 573.4891, 750.2878, 39.1948, 678.6668, 733.0300, 65.7840, 648.0419, 590.6405, 64.7596, 643.2374, 593.3106, 69.8996, 589.4456, 675.9888, 52.7487, 675.7034, 790.1528, 138.1550, 647.7526, 625.7216, 61.5282, 640.8840, 739.9266, 128.5423, 530.7731, 712.8215, 51.0353, 644.9318, 780.9779, 86.6059, 670.9371, 741.5734, 63.3392, 601.7345, 626.6826, 167.2030, 590.7978, 717.6771, 82.2160, 547.7982, 719.8451, 85.6579, 645.3679, 747.3118, 125.8881, 588.5295, 697.2941, 17.3938, 601.2460, 719.2635, 0.0000, 681.4982, 725.4544, 21.8129, 540.2619, 613.3734, 75.9095, 618.9000, 701.8150}
{481.2491, 747.2714, 674.5236, 60.9422, 860.3324, 629.5681, 147.1527, 795.6592, 749.5779, 113.5874, 696.9605, 556.1119, 115.5801, 852.4495, 652.1412, 49.4722, 855.3812, 622.5828, 40.2936, 694.1377, 651.7446, 66.3033, 692.4515, 617.6696, 115.6931, 703.8090, 666.8490, 31.9743, 841.6949, 709.1381, 104.3261, 741.5614, 735.6885, 41.5737, 723.0433, 588.9178, 152.3806, 722.3341, 730.0375, 68.4439, 822.3125, 597.3262, 50.4530, 821.2596, 633.3872, 80.7441, 777.4723, 687.1548, 90.9589, 853.5514, 743.0857, 134.1832, 747.6879, 716.7802, 46.2348, 726.2631, 636.5843, 98.8553, 752.8151, 677.0694, 89.1618, 813.3261, 681.4982, 0.0000, 821.7641, 685.6625, 143.1331, 704.0233, 617.1802, 87.2081, 809.2933}
{448.7512, 75.3698, 640.2363, 762.3462, 38.6205, 622.3229, 785.1675, 45.8860, 675.0845, 715.4044, 127.4329, 628.2121, 733.7850, 31.4790, 740.8979, 778.3650, 37.9056, 681.6132, 822.5435, 149.7642, 662.0463, 755.6680, 149.0438, 681.2189, 831.9028, 119.8444, 672.7067, 844.6855, 70.2800, 602.4700, 883.9377, 103.7366, 716.4070, 792.8254, 133.7226, 619.3132, 731.6623, 114.0612, 727.2102, 849.8100, 70.9534, 684.4282, 856.7359, 20.9717, 672.9522, 791.2782, 100.1247, 564.2350, 781.4525, 47.6980, 694.5451, 766.0886, 88.0850, 661.7993, 826.4120, 136.5414, 600.8112, 802.2237, 70.6705, 708.0874, 748.2331, 8.5339, 725.4544, 821.7641, 0.0000, 747.0349, 772.4784, 130.6634, 670.0685, 838.8081, 23.7665}
{374.5745, 712.2328, 108.6231, 668.2547, 773.1607, 127.4536, 542.5764, 701.1931, 118.2089, 602.3277, 655.9425, 160.3933, 579.1086, 771.9430, 33.9076, 684.3698, 754.7427, 80.3759, 651.5000, 611.8097, 85.6132, 649.1501, 614.4513, 83.7839, 591.2801, 696.8302, 74.4053, 678.8770, 811.6053, 159.2360, 648.7230, 647.1526, 71.7737, 645.3558, 760.5956, 145.9583, 535.8223, 733.6501, 58.4031, 647.2376, 802.3378, 97.1740, 673.5387, 763.0930, 81.0583, 605.5245, 648.3338, 188.9419, 594.7828, 739.4171, 96.0274, 551.6464, 740.8906, 104.9278, 648.6187, 767.9694, 146.9943, 591.6092, 718.5033, 39.1645, 606.7403, 740.8179, 21.8129, 685.6625, 747.0349, 0.0000, 543.6947, 634.5364, 91.5785, 621.0863, 723.4064}
{379.2824, 701.1912, 538.0613, 142.8710, 810.8534, 494.0078, 14.4252, 740.3464, 612.0265, 103.9004, 645.0711, 419.7487, 66.7738, 803.9023, 510.0362, 153.8254, 802.7668, 482.7789, 107.8126, 632.7827, 513.4721, 124.9377, 631.8736, 477.8382, 63.9160, 660.3927, 528.0958, 135.5291, 803.4318, 576.1779, 125.7705, 681.9911, 595.6162, 105.1218, 691.8425, 453.3915, 41.5322, 684.8391, 589.3851, 108.5952, 785.0726, 457.1215, 132.3344, 775.5183, 494.2112, 62.3892, 713.5672, 557.4160, 52.8664, 798.0157, 604.2685, 13.0820, 708.0671, 579.4772, 105.1513, 696.3248, 502.9519, 48.9827, 707.3464, 536.5376, 83.0595, 763.9462, 540.2619, 143.1331, 772.4784, 543.6947, 0.0000, 646.4497, 478.0136, 84.8785, 756.7714}
{318.8908, 77.7658, 530.5138, 645.8654, 167.3683, 507.7688, 658.7987, 93.9736, 573.7365, 594.9378, 29.2165, 506.3648, 610.9480, 161.7163, 625.3249, 662.6448, 156.9711, 564.9430, 701.9665, 22.7415, 548.9378, 637.7200, 20.2373, 564.0863, 706.9643, 72.0338, 560.9522, 725.3018, 182.3861, 498.9415, 760.7506, 38.2004, 610.9894, 672.9856, 137.8027, 500.5271, 606.0825, 106.3668, 620.5495, 727.8280, 170.1096, 565.3625, 736.3959, 139.7300, 557.5788, 668.5091, 78.6173, 458.8872, 658.2674, 151.5766, 591.2363, 640.6443, 107.3817, 556.6463, 705.4586, 145.1335, 487.5442, 678.1914, 84.1533, 596.1958, 627.0067, 122.4441, 613.3734, 704.0233, 130.6634, 634.5364, 646.4497, 0.0000, 553.1477, 715.4665, 111.7525}
{283.2203, 630.8902, 71.2486, 594.5894, 698.1427, 51.9213, 478.7273, 624.4947, 135.9377, 527.0073, 573.1671, 70.3994, 506.7370, 696.2667, 73.0431, 611.4638, 680.4437, 11.9754, 585.2701, 530.5401, 37.8081, 575.7511, 532.9366, 11.2813, 530.5109, 613.0231, 50.3653, 613.4344, 732.6976, 127.1579, 590.5712, 568.3970, 119.3516, 576.0837, 675.7258, 55.2165, 465.2657, 649.7024, 115.9796, 584.6658, 722.4011, 27.0340, 609.9163, 685.1680, 16.2105, 538.4477, 572.9643, 137.8493, 527.1538, 665.9563, 126.2815, 484.6306, 658.3477, 104.9123, 583.0419, 683.0309, 75.5854, 526.8038, 637.3010, 64.5874, 534.6313, 663.4576, 75.9095, 617.1802, 670.0685, 91.5785, 478.0136, 553.1477, 0.0000, 559.0152, 646.6836}
{460.9466, 765.9803, 620.5966, 122.7599, 877.3829, 577.0217, 80.8837, 808.8820, 693.8546, 129.5847, 711.9063, 502.5884, 105.1466, 870.0458, 587.2378, 123.0574, 870.4815, 563.2197, 47.7490, 703.1415, 595.0360, 113.1357, 701.9429, 558.2673, 31.2127, 723.9180, 609.2904, 64.4787, 865.4175, 659.9289, 45.3126, 751.8992, 675.5279, 70.8314, 750.3736, 536.5017, 115.6558, 746.0260, 668.6722, 26.3275, 846.5668, 537.2479, 53.6957, 840.4568, 575.1624, 48.2658, 785.1602, 641.8477, 57.3648, 866.8219, 685.2620, 83.4076, 770.2481, 661.5030, 41.2286, 754.3284, 586.6132, 38.9688, 771.9157, 616.0875, 95.6322, 830.2834, 618.9000, 87.2081, 838.8081, 621.0863, 84.8785, 715.4665, 559.0152, 0.0000, 824.3016}
{428.0450, 69.1903, 616.5438, 750.2462, 55.8574, 598.8144, 769.2990, 22.2189, 651.3263, 701.9260, 112.5461, 605.2977, 719.4333, 51.2141, 717.4105, 766.5195, 46.2031, 658.2080, 809.0888, 129.4774, 638.4593, 743.0840, 129.1355, 657.8448, 816.7159, 112.7270, 649.0665, 831.6671, 93.1519, 578.7040, 869.5101, 81.9236, 692.6442, 779.6182, 138.5662, 596.0894, 716.1521, 114.4532, 703.4560, 835.8444, 91.5555, 661.2027, 843.3837, 42.7377, 649.4715, 776.9813, 76.3989, 540.4816, 766.9858, 46.6272, 670.7790, 750.6525, 90.7126, 638.0373, 812.8218, 142.5052, 577.2488, 787.4180, 66.3111, 684.4448, 734.5006, 19.2883, 701.8150, 809.2933, 23.7665, 723.4064, 756.7714, 111.7525, 646.6836, 824.3016, 0.0000}
]
