generation,elapsed_seconds,best_fitness,strict_improvement
0,0.0029789999999999999,-0.021028171118012397,true
1,0.0061441000000000004,-0.015268500023226661,true
2,0.010993299999999999,-0.015268500023226661,false
3,0.014848999999999999,-0.015268500023226661,false
4,0.0161993,-0.015268500023226661,false
5,0.0188877,-0.015268500023226661,false
6,0.021466800000000001,-0.015268500023226661,false
7,0.0248384,-0.015268500023226661,false
8,0.027556500000000001,-0.015268500023226661,false
9,0.031594200000000003,-0.015268500023226661,false
10,0.0337924,-0.015268500023226661,false
11,0.035705399999999998,-0.015268500023226661,false
12,0.038056800000000002,-0.015268500023226661,false
13,0.040588300000000001,-0.015268500023226661,false
14,0.044760800000000003,-0.015268500023226661,false
15,0.046202800000000002,-0.015268500023226661,false
16,0.048524699999999997,-0.015268500023226661,false
17,0.050806700000000003,-0.015268500023226661,false
18,0.052772100000000002,-0.015268500023226661,false
19,0.055255899999999997,-0.015268500023226661,false
20,0.057639799999999998,-0.015268500023226661,false
21,0.059867700000000003,-0.015268500023226661,false
22,0.061564800000000003,-0.015268500023226661,false
23,0.065005599999999997,-0.015268500023226661,false
24,0.067693400000000001,-0.015268500023226661,false
25,0.070843799999999998,-0.015268500023226661,false
26,0.072265200000000002,-0.015268500023226661,false
27,0.077465000000000006,-0.015268500023226661,false
28,0.080196100000000006,-0.015268500023226661,false
29,0.082313399999999995,-0.015268500023226661,false
30,0.084612300000000001,-0.015268500023226661,false
31,0.088918200000000003,-0.015268500023226661,false
32,0.091364100000000004,-0.015268500023226661,false
33,0.095383700000000002,-0.015268500023226661,false
34,0.097575700000000001,-0.015268500023226661,false
35,0.099606200000000006,-0.015268500023226661,false
36,0.1009212,-0.015268500023226661,false
37,0.10355780000000001,-0.015268500023226661,false
38,0.10473590000000001,-0.015268500023226661,false
39,0.1069111,-0.015268500023226661,false
40,0.1086189,-0.015268500023226661,false
41,0.1117625,-0.015268500023226661,false
42,0.1134097,-0.015268500023226661,false
43,0.1153879,-0.015268500023226661,false
44,0.1171891,-0.015268500023226661,false
45,0.1191267,-0.015268500023226661,false
46,0.1214783,-0.015268500023226661,false
47,0.12473869999999999,-0.015268500023226661,false
48,0.1266063,-0.015268500023226661,false
49,0.129194,-0.015268500023226661,false
50,0.1308434,-0.015268500023226661,false
51,0.13317570000000001,-0.015268500023226661,false
52,0.13588800000000001,-0.015268500023226661,false
53,0.138182,-0.015268500023226661,false
54,0.14069980000000001,-0.015268500023226661,false
55,0.14268649999999999,-0.015268500023226661,false
56,0.1445236,-0.015268500023226661,false
57,0.1482098,-0.015268500023226661,false
58,0.15084439999999999,-0.015268500023226661,false
59,0.15302199999999999,-0.015268500023226661,false
60,0.1557443,-0.015268500023226661,false
61,0.1592568,-0.015268500023226661,false
62,0.16193399999999999,-0.015268500023226661,false
63,0.16522770000000001,-0.015268500023226661,false
64,0.16721069999999999,-0.015268500023226661,false
65,0.16923340000000001,-0.015268500023226661,false
66,0.17058699999999999,-0.015268500023226661,false
67,0.17310449999999999,-0.015268500023226661,false
68,0.1756038,-0.015268500023226661,false
69,0.17797070000000001,-0.015268500023226661,false
70,0.17980270000000001,-0.015268500023226661,false
71,0.18129100000000001,-0.015268500023226661,false
72,0.18341199999999999,-0.015268500023226661,false
73,0.18498210000000001,-0.015268500023226661,false
74,0.18689120000000001,-0.015268500023226661,false
75,0.18983430000000001,-0.015268500023226661,false
76,0.19124169999999999,-0.015268500023226661,false
77,0.19456799999999999,-0.015268500023226661,false
78,0.1973182,-0.015268500023226661,false
79,0.19929949999999999,-0.015268500023226661,false
80,0.2021106,-0.015268500023226661,false
81,0.20517920000000001,-0.015268500023226661,false
82,0.2072707,-0.015268500023226661,false
83,0.20899699999999999,-0.015268500023226661,false
84,0.21248939999999999,-0.015268500023226661,false
85,0.2142328,-0.015268500023226661,false
86,0.21607860000000001,-0.015268500023226661,false
87,0.21891160000000001,-0.015268500023226661,false
88,0.22058910000000001,-0.015268500023226661,false
89,0.22248419999999999,-0.015268500023226661,false
90,0.22441079999999999,-0.015268500023226661,false
91,0.22599030000000001,-0.015268500023226661,false
92,0.22794800000000001,-0.015268500023226661,false
93,0.22949549999999999,-0.015268500023226661,false
94,0.23234560000000001,-0.015268500023226661,false
95,0.23443320000000001,-0.015268500023226661,false
96,0.23785419999999999,-0.015268500023226661,false
97,0.23965359999999999,-0.015268500023226661,false
98,0.2420329,-0.015268500023226661,false
99,0.24390890000000001,-0.015268500023226661,false
100,0.24590429999999999,-0.015268500023226661,false
101,0.24798990000000001,-0.015268500023226661,false
102,0.25042639999999999,-0.015268500023226661,false
103,0.25345879999999998,-0.015268500023226661,false
104,0.25529429999999997,-0.015268500023226661,false
105,0.25736239999999999,-0.015268500023226661,false
106,0.26121440000000001,-0.015268500023226661,false
107,0.26412869999999999,-0.015268500023226661,false
108,0.26556010000000002,-0.015268500023226661,false
109,0.26701560000000002,-0.015268500023226661,false
110,0.26831949999999999,-0.015268500023226661,false
111,0.26974920000000002,-0.015268500023226661,false
112,0.27103050000000001,-0.015268500023226661,false
113,0.27381179999999999,-0.015268500023226661,false
114,0.27572990000000003,-0.015268500023226661,false
115,0.27886159999999999,-0.015268500023226661,false
116,0.2806535,-0.015268500023226661,false
117,0.28241949999999999,-0.015268500023226661,false
118,0.28478589999999998,-0.015268500023226661,false
119,0.28637400000000002,-0.015268500023226661,false
120,0.28980349999999999,-0.015268500023226661,false
121,0.29218529999999998,-0.015268500023226661,false
122,0.29403479999999999,-0.015268500023226661,false
123,0.29627300000000001,-0.015268500023226661,false
124,0.30109940000000002,-0.015268500023226661,false
125,0.3039983,-0.015268500023226661,false
126,0.30593880000000001,-0.015268500023226661,false
127,0.30805779999999999,-0.015268500023226661,false
128,0.31001780000000001,-0.015268500023226661,false
129,0.31239220000000001,-0.015268500023226661,false
130,0.31410399999999999,-0.015268500023226661,false
131,0.3164497,-0.015268500023226661,false
132,0.31837100000000002,-0.015268500023226661,false
133,0.32071379999999999,-0.015268500023226661,false
134,0.32278679999999998,-0.015268500023226661,false
135,0.32488699999999998,-0.015268500023226661,false
136,0.32681389999999999,-0.015268500023226661,false
137,0.32935049999999999,-0.015268500023226661,false
138,0.33146209999999998,-0.015268500023226661,false
139,0.33329490000000001,-0.015268500023226661,false
140,0.3347231,-0.015268500023226661,false
141,0.33742899999999998,-0.015268500023226661,false
142,0.33883780000000002,-0.015268500023226661,false
143,0.34134039999999999,-0.015268500023226661,false
144,0.34361219999999998,-0.015268500023226661,false
145,0.34487030000000002,-0.015268500023226661,false
146,0.34615020000000002,-0.015268500023226661,false
147,0.34732930000000001,-0.015268500023226661,false
148,0.34952070000000002,-0.015268500023226661,false
149,0.35466490000000001,-0.015268500023226661,false
150,0.35617369999999998,-0.015268500023226661,false
151,0.35855229999999999,-0.015268500023226661,false
152,0.36023630000000001,-0.015268500023226661,false
153,0.36294110000000002,-0.015268500023226661,false
154,0.36397390000000002,-0.015268500023226661,false
155,0.36465989999999998,-0.015268500023226661,false
156,0.36622349999999998,-0.015268500023226661,false
157,0.3676103,-0.015268500023226661,false
158,0.36883860000000002,-0.015268500023226661,false
159,0.3714518,-0.015268500023226661,false
160,0.37345440000000002,-0.015268500023226661,false
161,0.37654389999999999,-0.015268500023226661,false
162,0.37780789999999997,-0.015268500023226661,false
163,0.3811715,-0.015268500023226661,false
164,0.38244470000000003,-0.015268500023226661,false
165,0.38426850000000001,-0.015268500023226661,false
166,0.38625979999999999,-0.015268500023226661,false
167,0.38818160000000002,-0.015268500023226661,false
168,0.39106289999999999,-0.015268500023226661,false
169,0.39420709999999998,-0.015268500023226661,false
170,0.39666659999999998,-0.015268500023226661,false
171,0.3982463,-0.015268500023226661,false
172,0.4003775,-0.015268500023226661,false
173,0.40178700000000001,-0.015268500023226661,false
174,0.4030031,-0.015268500023226661,false
175,0.40575559999999999,-0.015268500023226661,false
176,0.40761019999999998,-0.015268500023226661,false
177,0.40892630000000002,-0.015268500023226661,false
178,0.4100647,-0.015268500023226661,false
179,0.41190359999999998,-0.015268500023226661,false
180,0.4135469,-0.015268500023226661,false
181,0.41742509999999999,-0.015268500023226661,false
182,0.41908879999999998,-0.015268500023226661,false
183,0.42070639999999998,-0.015268500023226661,false
184,0.42238560000000003,-0.015268500023226661,false
185,0.42389979999999999,-0.015268500023226661,false
186,0.42654310000000001,-0.015268500023226661,false
187,0.4287513,-0.015268500023226661,false
188,0.43142609999999998,-0.015268500023226661,false
189,0.43563859999999999,-0.015268500023226661,false
190,0.43741570000000002,-0.015268500023226661,false
191,0.43972879999999998,-0.015268500023226661,false
192,0.44200240000000002,-0.015268500023226661,false
193,0.44365830000000001,-0.015268500023226661,false
194,0.44556889999999999,-0.015268500023226661,false
195,0.44836429999999999,-0.015268500023226661,false
196,0.45087539999999998,-0.015268500023226661,false
197,0.4533353,-0.015268500023226661,false
198,0.45587430000000001,-0.015268500023226661,false
199,0.45839819999999998,-0.015268500023226661,false
200,0.45977030000000002,-0.015268500023226661,false
201,0.46375919999999998,-0.015268500023226661,false
202,0.46705649999999999,-0.015268500023226661,false
203,0.46821869999999999,-0.015268500023226661,false
204,0.47015699999999999,-0.015268500023226661,false
205,0.47160229999999997,-0.015268500023226661,false
206,0.47340159999999998,-0.015268500023226661,false
207,0.47487960000000001,-0.015268500023226661,false
208,0.47634599999999999,-0.015268500023226661,false
209,0.4781454,-0.015268500023226661,false
210,0.47987109999999999,-0.015268500023226661,false
211,0.48192679999999999,-0.015268500023226661,false
212,0.48400339999999997,-0.015268500023226661,false
213,0.48666179999999998,-0.015268500023226661,false
214,0.48848760000000002,-0.015268500023226661,false
215,0.49064279999999999,-0.015268500023226661,false
216,0.4940272,-0.015268500023226661,false
217,0.49593730000000003,-0.015268500023226661,false
218,0.49786819999999998,-0.015268500023226661,false
219,0.50005730000000004,-0.015268500023226661,false
220,0.501637,-0.015268500023226661,false
221,0.50373109999999999,-0.015268500023226661,false
222,0.50528039999999996,-0.015268500023226661,false
223,0.50698679999999996,-0.015268500023226661,false
224,0.50891640000000005,-0.015268500023226661,false
225,0.51180179999999997,-0.015268500023226661,false
226,0.51379050000000004,-0.015268500023226661,false
227,0.51596529999999996,-0.015268500023226661,false
228,0.51843490000000003,-0.015268500023226661,false
229,0.5209762,-0.015268500023226661,false
230,0.52370570000000005,-0.015268500023226661,false
231,0.5253314,-0.015268500023226661,false
232,0.52699189999999996,-0.015268500023226661,false
233,0.5292057,-0.015268500023226661,false
234,0.53151510000000002,-0.015268500023226661,false
235,0.53335359999999998,-0.015268500023226661,false
236,0.53516699999999995,-0.015268500023226661,false
237,0.53681869999999998,-0.015268500023226661,false
238,0.53877909999999996,-0.015268500023226661,false
239,0.54347900000000005,-0.015268500023226661,false
240,0.54559780000000002,-0.015268500023226661,false
241,0.54735480000000003,-0.015268500023226661,false
242,0.54917749999999999,-0.015268500023226661,false
243,0.55020670000000005,-0.015268500023226661,false
244,0.55202050000000003,-0.015268500023226661,false
245,0.55364749999999996,-0.015268500023226661,false
246,0.55626350000000002,-0.015268500023226661,false
247,0.55895240000000002,-0.015268500023226661,false
248,0.56106279999999997,-0.015268500023226661,false
249,0.5641834,-0.015268500023226661,false
250,0.56612399999999996,-0.015268500023226661,false
251,0.5672836,-0.015268500023226661,false
252,0.56899489999999997,-0.015268500023226661,false
253,0.57102679999999995,-0.015268500023226661,false
254,0.57267729999999994,-0.015268500023226661,false
255,0.57476430000000001,-0.015268500023226661,false
256,0.57651160000000001,-0.015268500023226661,false
257,0.57888229999999996,-0.015268500023226661,false
258,0.58029759999999997,-0.015268500023226661,false
259,0.58317620000000003,-0.015268500023226661,false
260,0.58472449999999998,-0.015268500023226661,false
261,0.5860379,-0.015268500023226661,false
262,0.58800010000000003,-0.015268500023226661,false
263,0.5901073,-0.015268500023226661,false
264,0.59184300000000001,-0.015268500023226661,false
265,0.59297509999999998,-0.015268500023226661,false
266,0.59439529999999996,-0.015268500023226661,false
267,0.59562150000000003,-0.015268500023226661,false
268,0.5970974,-0.015268500023226661,false
269,0.59952349999999999,-0.015268500023226661,false
270,0.60157190000000005,-0.015268500023226661,false
271,0.60274150000000004,-0.015268500023226661,false
272,0.6044003,-0.015268500023226661,false
273,0.60626880000000005,-0.015268500023226661,false
274,0.60887460000000004,-0.015268500023226661,false
275,0.61153570000000002,-0.015268500023226661,false
276,0.61445000000000005,-0.015268500023226661,false
277,0.61612469999999997,-0.015268500023226661,false
278,0.6179673,-0.015268500023226661,false
279,0.61995400000000001,-0.015268500023226661,false
280,0.62159989999999998,-0.015268500023226661,false
281,0.62373769999999995,-0.015268500023226661,false
282,0.625058,-0.015268500023226661,false
283,0.62762649999999998,-0.015268500023226661,false
284,0.63017109999999998,-0.015268500023226661,false
285,0.63240300000000005,-0.015268500023226661,false
286,0.634467,-0.015268500023226661,false
287,0.63654120000000003,-0.015268500023226661,false
288,0.63781279999999996,-0.015268500023226661,false
289,0.63856800000000002,-0.015268500023226661,false
290,0.64016390000000001,-0.015268500023226661,false
291,0.64177229999999996,-0.015268500023226661,false
292,0.64359949999999999,-0.015268500023226661,false
293,0.64561060000000003,-0.015268500023226661,false
294,0.64704189999999995,-0.015268500023226661,false
295,0.64879489999999995,-0.015268500023226661,false
296,0.6495649,-0.015268500023226661,false
297,0.65205809999999997,-0.015268500023226661,false
298,0.65647820000000001,-0.015268500023226661,false
299,0.6584409,-0.015268500023226661,false
300,0.66097320000000004,-0.015268500023226661,false
301,0.66161479999999995,-0.015268500023226661,false
302,0.66370439999999997,-0.015268500023226661,false
303,0.66495850000000001,-0.015268500023226661,false
304,0.66681679999999999,-0.015268500023226661,false
305,0.66820900000000005,-0.015268500023226661,false
306,0.66949409999999998,-0.015268500023226661,false
307,0.67101480000000002,-0.015268500023226661,false
308,0.6735061,-0.015268500023226661,false
309,0.67451870000000003,-0.015268500023226661,false
310,0.67595340000000004,-0.015268500023226661,false
311,0.67808780000000002,-0.015268500023226661,false
312,0.6803688,-0.015268500023226661,false
313,0.68209220000000004,-0.015268500023226661,false
314,0.68545520000000004,-0.015268500023226661,false
315,0.68764400000000003,-0.015268500023226661,false
316,0.69094599999999995,-0.015268500023226661,false
317,0.69398669999999996,-0.015268500023226661,false
318,0.69553690000000001,-0.015268500023226661,false
319,0.69747630000000005,-0.015268500023226661,false
320,0.69917189999999996,-0.015268500023226661,false
321,0.70109759999999999,-0.015268500023226661,false
322,0.70247389999999998,-0.015268500023226661,false
323,0.70616809999999997,-0.015268500023226661,false
324,0.71006590000000003,-0.015268500023226661,false
325,0.71465199999999995,-0.015268500023226661,false
326,0.71662049999999999,-0.015268500023226661,false
327,0.71985069999999995,-0.015268500023226661,false
328,0.72183969999999997,-0.015268500023226661,false
329,0.72412140000000003,-0.015268500023226661,false
330,0.72780210000000001,-0.015268500023226661,false
331,0.73002460000000002,-0.015268500023226661,false
332,0.7315448,-0.015268500023226661,false
333,0.73386879999999999,-0.015268500023226661,false
334,0.73577049999999999,-0.015268500023226661,false
335,0.73845709999999998,-0.015268500023226661,false
336,0.74059410000000003,-0.015268500023226661,false
337,0.74281799999999998,-0.015268500023226661,false
338,0.74540399999999996,-0.015268500023226661,false
339,0.74790699999999999,-0.015268500023226661,false
340,0.74989510000000004,-0.015268500023226661,false
341,0.75100210000000001,-0.015268500023226661,false
342,0.75285579999999996,-0.015268500023226661,false
343,0.75495190000000001,-0.015268500023226661,false
344,0.7568222,-0.015268500023226661,false
345,0.7594571,-0.015268500023226661,false
346,0.7613181,-0.015268500023226661,false
347,0.76593999999999995,-0.015268500023226661,false
348,0.76812769999999997,-0.015268500023226661,false
349,0.77022970000000002,-0.015268500023226661,false
350,0.77388409999999996,-0.015268500023226661,false
351,0.77651590000000004,-0.015268500023226661,false
352,0.77885899999999997,-0.015268500023226661,false
353,0.78148110000000004,-0.015268500023226661,false
354,0.78419039999999995,-0.015268500023226661,false
355,0.78629110000000002,-0.015268500023226661,false
356,0.78963700000000003,-0.015268500023226661,false
357,0.79097289999999998,-0.015268500023226661,false
358,0.79457719999999998,-0.015268500023226661,false
359,0.79613679999999998,-0.015268500023226661,false
360,0.79816529999999997,-0.015268500023226661,false
361,0.80035000000000001,-0.015268500023226661,false
362,0.80307229999999996,-0.015268500023226661,false
363,0.80688740000000003,-0.015268500023226661,false
364,0.80956260000000002,-0.015268500023226661,false
365,0.81166539999999998,-0.015268500023226661,false
366,0.81679849999999998,-0.015268500023226661,false
367,0.81968660000000004,-0.015268500023226661,false
368,0.8229149,-0.015268500023226661,false
369,0.82446589999999997,-0.015268500023226661,false
370,0.82745109999999999,-0.015268500023226661,false
371,0.82942059999999995,-0.015268500023226661,false
372,0.83173430000000004,-0.015268500023226661,false
373,0.83432580000000001,-0.015268500023226661,false
374,0.83601669999999995,-0.015268500023226661,false
375,0.83747890000000003,-0.015268500023226661,false
376,0.83978810000000004,-0.015268500023226661,false
377,0.84194159999999996,-0.015268500023226661,false
378,0.84339220000000004,-0.015268500023226661,false
379,0.84652289999999997,-0.015268500023226661,false
380,0.84977780000000003,-0.015268500023226661,false
381,0.8511841,-0.015268500023226661,false
382,0.85342580000000001,-0.015268500023226661,false
383,0.85515209999999997,-0.015268500023226661,false
384,0.85816760000000003,-0.015268500023226661,false
385,0.86157589999999995,-0.015268500023226661,false
386,0.86389050000000001,-0.015268500023226661,false
387,0.86611819999999995,-0.015268500023226661,false
388,0.8682088,-0.015268500023226661,false
389,0.87055309999999997,-0.015268500023226661,false
390,0.87243099999999996,-0.015268500023226661,false
391,0.87419460000000004,-0.015268500023226661,false
392,0.87592360000000002,-0.015268500023226661,false
393,0.87754169999999998,-0.015268500023226661,false
394,0.87938210000000006,-0.015268500023226661,false
395,0.88168389999999996,-0.015268500023226661,false
396,0.88339080000000003,-0.015268500023226661,false
397,0.88452500000000001,-0.015268500023226661,false
398,0.88717270000000004,-0.015268500023226661,false
399,0.88894030000000002,-0.015268500023226661,false
400,0.89102400000000004,-0.015268500023226661,false
401,0.89207479999999995,-0.015268500023226661,false
402,0.89331890000000003,-0.015268500023226661,false
403,0.89565059999999996,-0.015268500023226661,false
404,0.89729250000000005,-0.015268500023226661,false
405,0.9003139,-0.015268500023226661,false
406,0.9028621,-0.015268500023226661,false
407,0.90492309999999998,-0.015268500023226661,false
408,0.90675620000000001,-0.015268500023226661,false
409,0.90883950000000002,-0.015268500023226661,false
410,0.90999070000000004,-0.015268500023226661,false
411,0.91160509999999995,-0.015268500023226661,false
412,0.91359319999999999,-0.015268500023226661,false
413,0.91482819999999998,-0.015268500023226661,false
414,0.91801580000000005,-0.015268500023226661,false
415,0.91988420000000004,-0.015268500023226661,false
416,0.9218499,-0.015268500023226661,false
417,0.92444119999999996,-0.015268500023226661,false
418,0.92678470000000002,-0.015268500023226661,false
419,0.93209770000000003,-0.015268500023226661,false
420,0.93372980000000005,-0.015268500023226661,false
421,0.93536889999999995,-0.015268500023226661,false
422,0.93762020000000001,-0.015268500023226661,false
423,0.94078030000000001,-0.015268500023226661,false
424,0.94189299999999998,-0.015268500023226661,false
425,0.94348909999999997,-0.015268500023226661,false
426,0.94564179999999998,-0.015268500023226661,false
427,0.94704330000000003,-0.015268500023226661,false
428,0.94915749999999999,-0.015268500023226661,false
429,0.95116239999999996,-0.015268500023226661,false
430,0.95402209999999998,-0.015268500023226661,false
431,0.95568940000000002,-0.015268500023226661,false
432,0.95717669999999999,-0.015268500023226661,false
433,0.95862159999999996,-0.015268500023226661,false
434,0.96064150000000004,-0.015268500023226661,false
435,0.96195050000000004,-0.015268500023226661,false
436,0.96310929999999995,-0.015268500023226661,false
437,0.96482400000000001,-0.015268500023226661,false
438,0.9659008,-0.015268500023226661,false
439,0.96862720000000002,-0.015268500023226661,false
440,0.97058900000000004,-0.015268500023226661,false
441,0.97223850000000001,-0.015268500023226661,false
442,0.97397219999999995,-0.015268500023226661,false
443,0.97448690000000004,-0.015268500023226661,false
444,0.9769774,-0.015268500023226661,false
445,0.97838429999999998,-0.015268500023226661,false
446,0.9804737,-0.015268500023226661,false
447,0.98257729999999999,-0.015268500023226661,false
448,0.98402710000000004,-0.015268500023226661,false
449,0.98553080000000004,-0.015268500023226661,false
450,0.98765630000000004,-0.015268500023226661,false
451,0.98901030000000001,-0.015268500023226661,false
452,0.99260329999999997,-0.015268500023226661,false
453,0.99506070000000002,-0.015268500023226661,false
454,0.99700869999999997,-0.015268500023226661,false
455,0.99901890000000004,-0.015268500023226661,false
456,1.0009294,-0.015268500023226661,false
457,1.0028762,-0.015268500023226661,false
458,1.0042085000000001,-0.015268500023226661,false
459,1.0067075999999999,-0.015268500023226661,false
460,1.0115704999999999,-0.015268500023226661,false
461,1.0132945,-0.015268500023226661,false
462,1.0153076999999999,-0.015268500023226661,false
463,1.0167618,-0.015268500023226661,false
464,1.0186529,-0.015268500023226661,false
465,1.0206793000000001,-0.015268500023226661,false
466,1.0226464,-0.015268500023226661,false
467,1.0251962999999999,-0.015268500023226661,false
468,1.0283118,-0.015268500023226661,false
469,1.0298452,-0.015268500023226661,false
470,1.0323424999999999,-0.015268500023226661,false
471,1.0341070999999999,-0.015268500023226661,false
472,1.0355456999999999,-0.015268500023226661,false
473,1.0367915000000001,-0.015268500023226661,false
474,1.0385541,-0.015268500023226661,false
475,1.0393494999999999,-0.015268500023226661,false
476,1.0401547,-0.015268500023226661,false
477,1.0416932999999999,-0.015268500023226661,false
478,1.0436202000000001,-0.015268500023226661,false
479,1.0454524000000001,-0.015268500023226661,false
480,1.0471197999999999,-0.015268500023226661,false
481,1.0500172999999999,-0.015268500023226661,false
482,1.0518793,-0.015268500023226661,false
483,1.0529850000000001,-0.015268500023226661,false
484,1.0547597,-0.015268500023226661,false
485,1.0571980000000001,-0.015268500023226661,false
486,1.0595858,-0.015268500023226661,false
487,1.0612950000000001,-0.015268500023226661,false
488,1.0633527,-0.015268500023226661,false
489,1.0670907999999999,-0.015268500023226661,false
490,1.0708774000000001,-0.015268500023226661,false
491,1.0725889,-0.015268500023226661,false
492,1.0742829,-0.015268500023226661,false
493,1.0766328999999999,-0.015268500023226661,false
494,1.0789694999999999,-0.015268500023226661,false
495,1.0805100000000001,-0.015268500023226661,false
496,1.0838369000000001,-0.015268500023226661,false
497,1.0860609999999999,-0.015268500023226661,false
498,1.0869774999999999,-0.015268500023226661,false
499,1.0887944000000001,-0.015268500023226661,false
500,1.0900764000000001,-0.015268500023226661,false
501,1.0918407999999999,-0.015268500023226661,false
502,1.0948243,-0.015268500023226661,false
503,1.0952409000000001,-0.015268500023226661,false
504,1.0968034,-0.015268500023226661,false
505,1.0979867000000001,-0.015268500023226661,false
506,1.0988916,-0.015268500023226661,false
507,1.1000922,-0.015268500023226661,false
508,1.1020983,-0.015268500023226661,false
509,1.1032493000000001,-0.015268500023226661,false
510,1.1054079000000001,-0.015268500023226661,false
511,1.1064375,-0.015268500023226661,false
512,1.1081056,-0.015268500023226661,false
513,1.1095979,-0.015268500023226661,false
514,1.1111249999999999,-0.015268500023226661,false
515,1.1123419999999999,-0.015268500023226661,false
516,1.1138153,-0.015268500023226661,false
517,1.1161878999999999,-0.015268500023226661,false
518,1.1187126999999999,-0.015268500023226661,false
519,1.1212531999999999,-0.015268500023226661,false
520,1.1228731999999999,-0.015268500023226661,false
521,1.1263947999999999,-0.015268500023226661,false
522,1.1285118999999999,-0.015268500023226661,false
523,1.1303851,-0.015268500023226661,false
524,1.1339117999999999,-0.015268500023226661,false
525,1.1356169,-0.015268500023226661,false
526,1.1374381,-0.015268500023226661,false
527,1.1404544999999999,-0.015268500023226661,false
528,1.1427668,-0.015268500023226661,false
529,1.1441558000000001,-0.015268500023226661,false
530,1.1451891000000001,-0.015268500023226661,false
531,1.1464266000000001,-0.015268500023226661,false
532,1.1477413999999999,-0.015268500023226661,false
533,1.1497793999999999,-0.015268500023226661,false
534,1.1520258000000001,-0.015268500023226661,false
535,1.1552099,-0.015268500023226661,false
536,1.1567714,-0.015268500023226661,false
537,1.1589647000000001,-0.015268500023226661,false
538,1.1609385999999999,-0.015268500023226661,false
539,1.1624863000000001,-0.015268500023226661,false
540,1.1650491000000001,-0.015268500023226661,false
541,1.1668514000000001,-0.015268500023226661,false
542,1.1683862,-0.015268500023226661,false
543,1.1702428,-0.015268500023226661,false
544,1.1716371000000001,-0.015268500023226661,false
545,1.1735773,-0.015268500023226661,false
546,1.1749305999999999,-0.015268500023226661,false
547,1.1762617,-0.015268500023226661,false
548,1.1787795000000001,-0.015268500023226661,false
549,1.1803246999999999,-0.015268500023226661,false
550,1.1825677999999999,-0.015268500023226661,false
551,1.1837367999999999,-0.015268500023226661,false
552,1.1856431999999999,-0.015268500023226661,false
553,1.1882701,-0.015268500023226661,false
554,1.19011,-0.015268500023226661,false
555,1.1916084,-0.015268500023226661,false
556,1.1941853,-0.015268500023226661,false
557,1.1963524000000001,-0.015268500023226661,false
558,1.1984273000000001,-0.015268500023226661,false
559,1.2001963,-0.015268500023226661,false
560,1.2021212999999999,-0.015268500023226661,false
561,1.2036245999999999,-0.015268500023226661,false
562,1.2062766,-0.015268500023226661,false
563,1.2079245999999999,-0.015268500023226661,false
564,1.20977,-0.015268500023226661,false
565,1.2110345,-0.015268500023226661,false
566,1.2124242999999999,-0.015268500023226661,false
567,1.2142998,-0.015268500023226661,false
568,1.2159849,-0.015268500023226661,false
569,1.2176674999999999,-0.015268500023226661,false
570,1.218459,-0.015268500023226661,false
571,1.2198384,-0.015268500023226661,false
572,1.2226573999999999,-0.015268500023226661,false
573,1.2237627,-0.015268500023226661,false
574,1.2259055000000001,-0.015268500023226661,false
575,1.2287212999999999,-0.015268500023226661,false
576,1.2306712,-0.015268500023226661,false
577,1.2323785,-0.015268500023226661,false
578,1.2347889999999999,-0.015268500023226661,false
579,1.2373616000000001,-0.015268500023226661,false
580,1.2385421999999999,-0.015268500023226661,false
581,1.2394855,-0.015268500023226661,false
582,1.2413445000000001,-0.015268500023226661,false
583,1.2428599,-0.015268500023226661,false
584,1.2447423,-0.015268500023226661,false
585,1.2460241000000001,-0.015268500023226661,false
586,1.2474681999999999,-0.015268500023226661,false
587,1.2485721000000001,-0.015268500023226661,false
588,1.2508155000000001,-0.015268500023226661,false
589,1.2542579,-0.015268500023226661,false
590,1.2560979000000001,-0.015268500023226661,false
591,1.2576598000000001,-0.015268500023226661,false
592,1.2590926,-0.015268500023226661,false
593,1.2606561999999999,-0.015268500023226661,false
594,1.2624119,-0.015268500023226661,false
595,1.2646085,-0.015268500023226661,false
596,1.2669888,-0.015268500023226661,false
597,1.2695886000000001,-0.015268500023226661,false
598,1.2717162,-0.015268500023226661,false
599,1.2738124,-0.015268500023226661,false
600,1.2767592999999999,-0.015268500023226661,false
601,1.2792543000000001,-0.015268500023226661,false
602,1.2808782000000001,-0.015268500023226661,false
603,1.2829170000000001,-0.015268500023226661,false
604,1.2847983999999999,-0.015268500023226661,false
605,1.2862515999999999,-0.015268500023226661,false
606,1.2890537,-0.015268500023226661,false
607,1.2906849,-0.015268500023226661,false
608,1.2930884,-0.015268500023226661,false
609,1.2959079,-0.015268500023226661,false
610,1.2987420000000001,-0.015268500023226661,false
611,1.3009231999999999,-0.015268500023226661,false
612,1.3028814,-0.015268500023226661,false
613,1.3048693,-0.015268500023226661,false
614,1.3069936,-0.015268500023226661,false
615,1.3087394999999999,-0.015268500023226661,false
616,1.3106446,-0.015268500023226661,false
617,1.312308,-0.015268500023226661,false
618,1.3140696999999999,-0.015268500023226661,false
619,1.3165640000000001,-0.015268500023226661,false
620,1.3184054999999999,-0.015268500023226661,false
621,1.3210314000000001,-0.015268500023226661,false
622,1.3244807999999999,-0.015268500023226661,false
623,1.3264434000000001,-0.015268500023226661,false
624,1.3278768999999999,-0.015268500023226661,false
625,1.3306401999999999,-0.015268500023226661,false
626,1.3335542,-0.015268500023226661,false
627,1.3357768999999999,-0.015268500023226661,false
628,1.3377262999999999,-0.015268500023226661,false
629,1.3423459,-0.015268500023226661,false
630,1.3446024000000001,-0.015268500023226661,false
631,1.3467391,-0.015268500023226661,false
632,1.3482873,-0.015268500023226661,false
633,1.3504465999999999,-0.015268500023226661,false
634,1.3522670000000001,-0.015268500023226661,false
635,1.3535691999999999,-0.015268500023226661,false
636,1.3556794999999999,-0.015268500023226661,false
637,1.3577722000000001,-0.015268500023226661,false
638,1.3594489999999999,-0.015268500023226661,false
639,1.3607118,-0.015268500023226661,false
640,1.3626594000000001,-0.015268500023226661,false
641,1.3651967,-0.015268500023226661,false
642,1.3674503,-0.015268500023226661,false
643,1.3701812,-0.015268500023226661,false
644,1.3719599,-0.015268500023226661,false
645,1.3741178000000001,-0.015268500023226661,false
646,1.3751617,-0.015268500023226661,false
647,1.3766883000000001,-0.015268500023226661,false
648,1.3793211999999999,-0.015268500023226661,false
649,1.3806845000000001,-0.015268500023226661,false
650,1.3820832000000001,-0.015268500023226661,false
651,1.3838520000000001,-0.015268500023226661,false
652,1.3873506,-0.015268500023226661,false
653,1.3894663,-0.015268500023226661,false
654,1.3911640999999999,-0.015268500023226661,false
655,1.3926239,-0.015268500023226661,false
656,1.3941684999999999,-0.015268500023226661,false
657,1.3958356999999999,-0.015268500023226661,false
658,1.3979946000000001,-0.015268500023226661,false
659,1.3999725999999999,-0.015268500023226661,false
660,1.4018866999999999,-0.015268500023226661,false
661,1.4034701999999999,-0.015268500023226661,false
662,1.4052553000000001,-0.015268500023226661,false
663,1.4065365999999999,-0.015268500023226661,false
664,1.4082167999999999,-0.015268500023226661,false
665,1.409813,-0.015268500023226661,false
666,1.4111023,-0.015268500023226661,false
667,1.4128202000000001,-0.015268500023226661,false
668,1.4151197,-0.015268500023226661,false
669,1.4181033999999999,-0.015268500023226661,false
670,1.4193020000000001,-0.015268500023226661,false
671,1.4199999000000001,-0.015268500023226661,false
672,1.422844,-0.015268500023226661,false
673,1.4248026,-0.015268500023226661,false
674,1.4262364999999999,-0.015268500023226661,false
675,1.4285327999999999,-0.015268500023226661,false
676,1.4316329000000001,-0.015268500023226661,false
677,1.4334894,-0.015268500023226661,false
678,1.4350293000000001,-0.015268500023226661,false
679,1.4361052000000001,-0.015268500023226661,false
680,1.4377266,-0.015268500023226661,false
681,1.4398363000000001,-0.015268500023226661,false
682,1.4406964,-0.015268500023226661,false
683,1.4422117999999999,-0.015268500023226661,false
684,1.4434168999999999,-0.015268500023226661,false
685,1.4447827,-0.015268500023226661,false
686,1.4472160999999999,-0.015268500023226661,false
687,1.4491558,-0.015268500023226661,false
688,1.4500729999999999,-0.015268500023226661,false
689,1.4514130000000001,-0.015268500023226661,false
690,1.4524387000000001,-0.015268500023226661,false
691,1.455433,-0.015268500023226661,false
692,1.4570234,-0.015268500023226661,false
693,1.4582648,-0.015268500023226661,false
694,1.459282,-0.015268500023226661,false
695,1.4607865,-0.015268500023226661,false
696,1.4620385,-0.015268500023226661,false
697,1.4632191000000001,-0.015268500023226661,false
698,1.4655838999999999,-0.015268500023226661,false
699,1.4684415,-0.015268500023226661,false
700,1.4702789999999999,-0.015268500023226661,false
701,1.4735406,-0.015268500023226661,false
702,1.4759158000000001,-0.015268500023226661,false
703,1.4770942,-0.015268500023226661,false
704,1.4796449,-0.015268500023226661,false
705,1.4838500999999999,-0.015268500023226661,false
706,1.4855634,-0.015268500023226661,false
707,1.4867022000000001,-0.015268500023226661,false
708,1.4876545999999999,-0.015268500023226661,false
709,1.4909188,-0.015268500023226661,false
710,1.4930357999999999,-0.015268500023226661,false
711,1.4945556,-0.015268500023226661,false
712,1.4957452,-0.015268500023226661,false
713,1.4978815000000001,-0.015268500023226661,false
714,1.4992004999999999,-0.015268500023226661,false
715,1.5005016,-0.015268500023226661,false
716,1.5023951,-0.015268500023226661,false
717,1.5040960000000001,-0.015268500023226661,false
718,1.5057163,-0.015268500023226661,false
719,1.5074244999999999,-0.015268500023226661,false
720,1.509733,-0.015268500023226661,false
721,1.5114753000000001,-0.015268500023226661,false
722,1.5129865,-0.015268500023226661,false
723,1.5153052,-0.015268500023226661,false
724,1.5158259000000001,-0.015268500023226661,false
725,1.5191157,-0.015268500023226661,false
726,1.5203069,-0.015268500023226661,false
727,1.5232998,-0.015268500023226661,false
728,1.524861,-0.015268500023226661,false
729,1.5271914,-0.015268500023226661,false
730,1.5279191000000001,-0.015268500023226661,false
731,1.5292973000000001,-0.015268500023226661,false
732,1.5309664999999999,-0.015268500023226661,false
733,1.5322936,-0.015268500023226661,false
734,1.5330904000000001,-0.015268500023226661,false
735,1.535622,-0.015268500023226661,false
736,1.5373619000000001,-0.015268500023226661,false
737,1.5388394999999999,-0.015268500023226661,false
738,1.5406858999999999,-0.015268500023226661,false
739,1.5416387,-0.015268500023226661,false
740,1.54294,-0.015268500023226661,false
741,1.5444294999999999,-0.015268500023226661,false
742,1.5453825000000001,-0.015268500023226661,false
743,1.5461606999999999,-0.015268500023226661,false
744,1.5473836000000001,-0.015268500023226661,false
745,1.5481838000000001,-0.015268500023226661,false
746,1.5494774,-0.015268500023226661,false
747,1.5512123,-0.015268500023226661,false
748,1.552764,-0.015268500023226661,false
749,1.5540692,-0.015268500023226661,false
750,1.5550769,-0.015268500023226661,false
751,1.5571733000000001,-0.015268500023226661,false
752,1.5596528000000001,-0.015268500023226661,false
753,1.5613751,-0.015268500023226661,false
754,1.5623904,-0.015268500023226661,false
755,1.5659057999999999,-0.015268500023226661,false
756,1.5672218,-0.015268500023226661,false
757,1.5683988,-0.015268500023226661,false
758,1.5692626000000001,-0.015268500023226661,false
759,1.5707104999999999,-0.015268500023226661,false
760,1.5720334,-0.015268500023226661,false
761,1.5733177,-0.015268500023226661,false
762,1.5750691000000001,-0.015268500023226661,false
763,1.5761683,-0.015268500023226661,false
764,1.5796950000000001,-0.015268500023226661,false
765,1.5809211000000001,-0.015268500023226661,false
766,1.5823795,-0.015268500023226661,false
767,1.5842099999999999,-0.015268500023226661,false
768,1.5854721000000001,-0.015268500023226661,false
769,1.587134,-0.015268500023226661,false
770,1.5884741,-0.015268500023226661,false
771,1.5907370999999999,-0.015268500023226661,false
772,1.5929063999999999,-0.015268500023226661,false
773,1.5939650000000001,-0.015268500023226661,false
774,1.5948312,-0.015268500023226661,false
775,1.5955203,-0.015268500023226661,false
776,1.5967458000000001,-0.015268500023226661,false
777,1.5989359000000001,-0.015268500023226661,false
778,1.6016030999999999,-0.015268500023226661,false
779,1.6035336,-0.015268500023226661,false
780,1.6050549999999999,-0.015268500023226661,false
781,1.6063590999999999,-0.015268500023226661,false
782,1.6092759999999999,-0.015268500023226661,false
783,1.6102293999999999,-0.015268500023226661,false
784,1.6114972999999999,-0.015268500023226661,false
785,1.6142685999999999,-0.015268500023226661,false
786,1.6154352999999999,-0.015268500023226661,false
787,1.6163103999999999,-0.015268500023226661,false
788,1.6175747,-0.015268500023226661,false
789,1.6209948000000001,-0.015268500023226661,false
790,1.6229726,-0.015268500023226661,false
791,1.6248965,-0.015268500023226661,false
792,1.6258066,-0.015268500023226661,false
793,1.6281817000000001,-0.015268500023226661,false
794,1.6290868999999999,-0.015268500023226661,false
795,1.6309682000000001,-0.015268500023226661,false
796,1.6318585999999999,-0.015268500023226661,false
797,1.6327482,-0.015268500023226661,false
798,1.6356082999999999,-0.015268500023226661,false
799,1.6369606999999999,-0.015268500023226661,false
800,1.6380311999999999,-0.015268500023226661,false
801,1.6399250000000001,-0.015268500023226661,false
802,1.6416428000000001,-0.015268500023226661,false
803,1.6425509,-0.015268500023226661,false
804,1.6465774,-0.015268500023226661,false
805,1.6491606000000001,-0.015268500023226661,false
806,1.6512154999999999,-0.015268500023226661,false
807,1.6527613999999999,-0.015268500023226661,false
808,1.6535875,-0.015268500023226661,false
809,1.6557332,-0.015268500023226661,false
810,1.6571933000000001,-0.015268500023226661,false
811,1.6601054,-0.015268500023226661,false
812,1.6623201999999999,-0.015268500023226661,false
813,1.6637769,-0.015268500023226661,false
814,1.6660431,-0.015268500023226661,false
815,1.6693182,-0.015268500023226661,false
816,1.6708608,-0.015268500023226661,false
817,1.6724717,-0.015268500023226661,false
818,1.6742379000000001,-0.015268500023226661,false
819,1.6756563,-0.015268500023226661,false
820,1.6769681999999999,-0.015268500023226661,false
821,1.6791,-0.015268500023226661,false
822,1.6809829000000001,-0.015268500023226661,false
823,1.6829826000000001,-0.015268500023226661,false
824,1.6849917000000001,-0.015268500023226661,false
825,1.6874100000000001,-0.015268500023226661,false
826,1.689236,-0.015268500023226661,false
827,1.6909037,-0.015268500023226661,false
828,1.6927414000000001,-0.015268500023226661,false
829,1.6938654,-0.015268500023226661,false
830,1.6951879999999999,-0.015268500023226661,false
831,1.6968823,-0.015268500023226661,false
832,1.6985524999999999,-0.015268500023226661,false
833,1.6999120000000001,-0.015268500023226661,false
834,1.701049,-0.015268500023226661,false
835,1.7028387,-0.015268500023226661,false
836,1.7050456000000001,-0.015268500023226661,false
837,1.7072662999999999,-0.015268500023226661,false
838,1.7085752999999999,-0.015268500023226661,false
839,1.7103729000000001,-0.015268500023226661,false
840,1.7120489999999999,-0.015268500023226661,false
841,1.7148592,-0.015268500023226661,false
842,1.7168858,-0.015268500023226661,false
843,1.7186623000000001,-0.015268500023226661,false
844,1.7213052,-0.015268500023226661,false
845,1.7225322000000001,-0.015268500023226661,false
846,1.7258562,-0.015268500023226661,false
847,1.7278172999999999,-0.015268500023226661,false
848,1.7293631,-0.015268500023226661,false
849,1.7309490999999999,-0.015268500023226661,false
850,1.7327313,-0.015268500023226661,false
851,1.735195,-0.015268500023226661,false
852,1.7386547999999999,-0.015268500023226661,false
853,1.7417596,-0.015268500023226661,false
854,1.7439282,-0.015268500023226661,false
855,1.7470393,-0.015268500023226661,false
856,1.7501591999999999,-0.015268500023226661,false
857,1.7518282999999999,-0.015268500023226661,false
858,1.7536858,-0.015268500023226661,false
859,1.7564716,-0.015268500023226661,false
860,1.7581621999999999,-0.015268500023226661,false
861,1.7601304,-0.015268500023226661,false
862,1.7619232,-0.015268500023226661,false
863,1.7636486,-0.015268500023226661,false
864,1.7650783999999999,-0.015268500023226661,false
865,1.7675558,-0.015268500023226661,false
866,1.7688778000000001,-0.015268500023226661,false
867,1.7708302,-0.015268500023226661,false
868,1.7737468999999999,-0.015268500023226661,false
869,1.7766116999999999,-0.015268500023226661,false
870,1.7785312,-0.015268500023226661,false
871,1.7804568000000001,-0.015268500023226661,false
872,1.7822232,-0.015268500023226661,false
873,1.7833608999999999,-0.015268500023226661,false
874,1.7848174000000001,-0.015268500023226661,false
875,1.7867881999999999,-0.015268500023226661,false
876,1.7891151999999999,-0.015268500023226661,false
877,1.7911509999999999,-0.015268500023226661,false
878,1.7931197999999999,-0.015268500023226661,false
879,1.7946492000000001,-0.015268500023226661,false
880,1.7960225999999999,-0.015268500023226661,false
881,1.7989972999999999,-0.015268500023226661,false
882,1.8012964,-0.015268500023226661,false
883,1.8036009,-0.015268500023226661,false
884,1.8050337000000001,-0.015268500023226661,false
885,1.8070963,-0.015268500023226661,false
886,1.8086376,-0.015268500023226661,false
887,1.8112207,-0.015268500023226661,false
888,1.8124863,-0.015268500023226661,false
889,1.8146941000000001,-0.015268500023226661,false
890,1.8171854999999999,-0.015268500023226661,false
891,1.8189204000000001,-0.015268500023226661,false
892,1.8207599000000001,-0.015268500023226661,false
893,1.8221271000000001,-0.015268500023226661,false
894,1.8239227,-0.015268500023226661,false
895,1.8256332,-0.015268500023226661,false
896,1.8276186999999999,-0.015268500023226661,false
897,1.8292784,-0.015268500023226661,false
898,1.8314816,-0.015268500023226661,false
899,1.8333349999999999,-0.015268500023226661,false
900,1.835817,-0.015268500023226661,false
901,1.8386001000000001,-0.015268500023226661,false
902,1.8412641000000001,-0.015268500023226661,false
903,1.8438549,-0.015268500023226661,false
904,1.8449225,-0.015268500023226661,false
905,1.8459943999999999,-0.015268500023226661,false
906,1.8492747,-0.015268500023226661,false
907,1.85049,-0.015268500023226661,false
908,1.8527419000000001,-0.015268500023226661,false
909,1.8541609999999999,-0.015268500023226661,false
910,1.8555109000000001,-0.015268500023226661,false
911,1.8576121000000001,-0.015268500023226661,false
912,1.8602616999999999,-0.015268500023226661,false
913,1.8620677000000001,-0.015268500023226661,false
914,1.8652192000000001,-0.015268500023226661,false
915,1.8675630999999999,-0.015268500023226661,false
916,1.8687208,-0.015268500023226661,false
917,1.8719895,-0.015268500023226661,false
918,1.8742889,-0.015268500023226661,false
919,1.8761006,-0.015268500023226661,false
920,1.8775305,-0.015268500023226661,false
921,1.8796425999999999,-0.015268500023226661,false
922,1.8822085,-0.015268500023226661,false
923,1.8841182999999999,-0.015268500023226661,false
924,1.8867543,-0.015268500023226661,false
925,1.8893932,-0.015268500023226661,false
926,1.892517,-0.015268500023226661,false
927,1.8951484000000001,-0.015268500023226661,false
928,1.8967665,-0.015268500023226661,false
929,1.8984314,-0.015268500023226661,false
930,1.9006141000000001,-0.015268500023226661,false
931,1.9036092,-0.015268500023226661,false
932,1.9064787999999999,-0.015268500023226661,false
933,1.9091045,-0.015268500023226661,false
934,1.9114963,-0.015268500023226661,false
935,1.9134663999999999,-0.015268500023226661,false
936,1.9170780000000001,-0.015268500023226661,false
937,1.9183654999999999,-0.015268500023226661,false
938,1.9206053000000001,-0.015268500023226661,false
939,1.9231191000000001,-0.015268500023226661,false
940,1.9250731000000001,-0.015268500023226661,false
941,1.9268388000000001,-0.015268500023226661,false
942,1.9281630000000001,-0.015268500023226661,false
943,1.929338,-0.015268500023226661,false
944,1.9314362,-0.015268500023226661,false
945,1.9338255,-0.015268500023226661,false
946,1.9355089000000001,-0.015268500023226661,false
947,1.9378827999999999,-0.015268500023226661,false
948,1.9396526999999999,-0.015268500023226661,false
949,1.9409609000000001,-0.015268500023226661,false
950,1.9419508999999999,-0.015268500023226661,false
951,1.9432285,-0.015268500023226661,false
952,1.9445037000000001,-0.015268500023226661,false
953,1.9471997999999999,-0.015268500023226661,false
954,1.9481268,-0.015268500023226661,false
955,1.9488892,-0.015268500023226661,false
956,1.9514476999999999,-0.015268500023226661,false
957,1.9528814000000001,-0.015268500023226661,false
958,1.9545268,-0.015268500023226661,false
959,1.9560293,-0.015268500023226661,false
960,1.9581408,-0.015268500023226661,false
961,1.9600047,-0.015268500023226661,false
962,1.9617724999999999,-0.015268500023226661,false
963,1.9630825999999999,-0.015268500023226661,false
964,1.9649863999999999,-0.015268500023226661,false
965,1.9674663999999999,-0.015268500023226661,false
966,1.9692480000000001,-0.015268500023226661,false
967,1.9703678,-0.015268500023226661,false
968,1.972243,-0.015268500023226661,false
969,1.9759287999999999,-0.015268500023226661,false
970,1.9775493,-0.015268500023226661,false
971,1.9790011999999999,-0.015268500023226661,false
972,1.9799304,-0.015268500023226661,false
973,1.9810852000000001,-0.015268500023226661,false
974,1.9821633000000001,-0.015268500023226661,false
975,1.9836733,-0.015268500023226661,false
976,1.987198,-0.015268500023226661,false
977,1.9879188000000001,-0.015268500023226661,false
978,1.9898075,-0.015268500023226661,false
979,1.9915331999999999,-0.015268500023226661,false
980,1.9928840000000001,-0.015268500023226661,false
981,1.9939659999999999,-0.015268500023226661,false
982,1.9955963000000001,-0.015268500023226661,false
983,1.9972973000000001,-0.015268500023226661,false
984,1.9994883000000001,-0.015268500023226661,false
985,2.0011910999999998,-0.015268500023226661,false
986,2.0025737000000001,-0.015268500023226661,false
987,2.0037018999999998,-0.015268500023226661,false
988,2.0045918,-0.015268500023226661,false
989,2.0053124000000002,-0.015268500023226661,false
990,2.0066065000000002,-0.015268500023226661,false
991,2.0079733000000002,-0.015268500023226661,false
992,2.0093215,-0.015268500023226661,false
993,2.0102680999999998,-0.015268500023226661,false
994,2.0136519000000002,-0.015268500023226661,false
995,2.0142399000000002,-0.015268500023226661,false
996,2.0156470999999998,-0.015268500023226661,false
997,2.0167332,-0.015268500023226661,false
998,2.0182131999999999,-0.015268500023226661,false
999,2.0189601000000001,-0.015268500023226661,false
1000,2.0203302000000001,-0.015268500023226661,false
1001,2.0227545,-0.015268500023226661,false
