8 2 [20, 20]
capacities = [100000, 49, 50, 41, 24, 29, 49, 50, 24]
initial     = [50000, 39, 23, 16, 9, 9, 25, 30, 3]
target      = [0, 31, 29, 16, 9, 17, 19, 25, 12]
weights    = [0.000000, 0.442473, 0.384483, 0.150000, 0.150000, 0.683333, 0.507895, 0.376667, 1.000000]
min_ratio  = [0.000000, 0.650000, 0.515517, 0.650000, 0.650000, 0.344118, 0.650000, 0.650000, 0.162500]
points = [(584400.000, 4511800.000), (584350.138, 4511265.217), (584915.689, 4511859.768), (584111.249, 4512258.942), (584090.193, 4511391.101), (584904.564, 4511737.827), (584121.071, 4512271.410), (584023.882, 4511081.493), (584907.496, 4511871.758)]
distances = [
{0.0000, 537.1020, 519.1407, 542.2223, 513.0095, 508.3797, 547.7486, 810.9971, 512.5439}
{537.1020, 0.0000, 820.5714, 1022.0355, 288.8224, 728.5238, 1031.9375, 374.4297, 823.7348}
{519.1407, 820.5714, 0.0000, 898.0334, 949.2587, 122.4475, 894.9111, 1183.6511, 14.5222}
{542.2223, 1022.0355, 898.0334, 0.0000, 868.0961, 949.1626, 15.8728, 1180.6852, 885.3931}
{513.0095, 288.8224, 949.2587, 868.0961, 0.0000, 885.1093, 880.8502, 316.6292, 948.1643}
{508.3797, 728.5238, 122.4475, 949.1626, 885.1093, 0.0000, 947.9299, 1098.3502, 133.9635}
{547.7486, 1031.9375, 894.9111, 15.8728, 880.8502, 947.9299, 0.0000, 1193.8791, 882.1479}
{810.9971, 374.4297, 1183.6511, 1180.6852, 316.6292, 1098.3502, 1193.8791, 0.0000, 1185.4499}
{512.5439, 823.7348, 14.5222, 885.3931, 948.1643, 133.9635, 882.1479, 1185.4499, 0.0000}
]
