8 3 [30, 30, 30]
capacities = [100000, 27, 33, 22, 38, 28, 28, 49, 43]
initial     = [50000, 7, 14, 2, 14, 20, 3, 26, 23]
target      = [0, 14, 14, 9, 14, 14, 10, 18, 18]
weights    = [0.000000, 0.696429, 0.150000, 1.000000, 0.150000, 0.618367, 0.915000, 0.635714, 0.453571]
min_ratio  = [0.000000, 0.325000, 0.650000, 0.144444, 0.650000, 0.650000, 0.195000, 0.650000, 0.650000]
points = [(584400.000, 4511800.000), (583897.173, 4511495.103), (585148.056, 4511640.060), (584357.232, 4512296.759), (584096.389, 4511667.729), (585034.954, 4511586.011), (584142.653, 4512390.171), (584017.090, 4511539.891), (585138.002, 4511417.080)]
distances = [
{0.0000, 588.0446, 764.9631, 498.5962, 331.1723, 670.0429, 643.8397, 462.8999, 831.4293}
{588.0446, 0.0000, 1259.2535, 924.2864, 263.6030, 1141.4064, 928.1197, 128.0079, 1243.2792}
{764.9631, 1259.2535, 0.0000, 1027.9373, 1052.0305, 125.3528, 1254.3933, 1135.3927, 223.2064}
{498.5962, 924.2864, 1027.9373, 0.0000, 680.9680, 982.0733, 234.0307, 829.7860, 1176.1954}
{331.1723, 263.6030, 1052.0305, 680.9680, 0.0000, 942.1153, 723.9219, 150.4354, 1071.3459}
{670.0429, 1141.4064, 125.3528, 982.0733, 942.1153, 0.0000, 1201.1970, 1018.9077, 197.8806}
{643.8397, 928.1197, 1254.3933, 234.0307, 723.9219, 1201.1970, 0.0000, 859.5009, 1391.9866}
{462.8999, 128.0079, 1135.3927, 829.7860, 150.4354, 1018.9077, 859.5009, 0.0000, 1127.6193}
{831.4293, 1243.2792, 223.2064, 1176.1954, 1071.3459, 197.8806, 1391.9866, 1127.6193, 0.0000}
]
