8 1 [20]
capacities = [100000, 46, 20, 26, 34, 22, 32, 40, 48]
initial     = [50000, 26, 19, 13, 23, 4, 13, 27, 11]
target      = [0, 26, 13, 13, 14, 10, 19, 20, 20]
weights    = [0.000000, 0.150000, 0.760256, 0.150000, 1.000000, 0.943333, 0.567544, 0.612778, 0.745000]
min_ratio  = [0.000000, 0.650000, 0.650000, 0.650000, 0.650000, 0.260000, 0.444737, 0.650000, 0.357500]
points = [(584400.000, 4511800.000), (584395.111, 4512179.576), (583827.872, 4511574.162), (585011.277, 4511462.196), (584114.701, 4512296.934), (583651.835, 4511557.725), (584990.943, 4511509.792), (584437.542, 4512223.482), (583860.500, 4511422.063)]
distances = [
{0.0000, 379.6076, 615.0878, 698.4059, 573.0090, 786.4144, 658.3578, 425.1424, 658.7082}
{379.6076, 0.0000, 829.6300, 945.6714, 303.9785, 969.1014, 896.4527, 61.0581, 927.1651}
{615.0878, 829.6300, 0.0000, 1188.6898, 777.6051, 176.8026, 1164.8513, 890.6813, 155.5601}
{698.4059, 945.6714, 1188.6898, 0.0000, 1225.0047, 1362.7940, 51.7569, 953.2718, 1151.4760}
{573.0090, 303.9785, 777.6051, 1225.0047, 0.0000, 872.1664, 1177.8773, 331.0921, 911.0532}
{786.4144, 969.1014, 176.8026, 1362.7940, 872.1664, 0.0000, 1339.9659, 1029.8384, 248.8886}
{658.3578, 896.4527, 1164.8513, 51.7569, 1177.8773, 1339.9659, 0.0000, 903.1093, 1133.8420}
{425.1424, 61.0581, 890.6813, 953.2718, 331.0921, 1029.8384, 903.1093, 0.0000, 987.5473}
{658.7082, 927.1651, 155.5601, 1151.4760, 911.0532, 248.8886, 1133.8420, 987.5473, 0.0000}
]
