121 256
G C 0 1
e_1 C 0 1
e_2 C 0 1
e_3 C 0 1
h_1_2 C 0 4
h_1_3 C 0 4
h_2_3 C 0 4
r_1 C 0 2
r_2 C 0 2
r_3 C 0 2
W_SP C 0 12
x_0_0_1 B 0 1
x_0_0_2 B 0 1
x_0_0_3 B 0 1
x_0_1_0 B 0 1
x_0_2_0 B 0 1
x_0_3_0 B 0 1
x_0_2_1 B 0 1
x_0_3_1 B 0 1
z_0_1 B 0 1
x_0_1_2 B 0 1
x_0_1_3 B 0 1
x_0_3_2 B 0 1
z_0_2 B 0 1
x_0_2_3 B 0 1
z_0_3 B 0 1
x_1_0_1 B 0 1
x_1_0_2 B 0 1
x_1_0_3 B 0 1
x_1_1_0 B 0 1
x_1_2_0 B 0 1
x_1_3_0 B 0 1
x_1_2_1 B 0 1
x_1_3_1 B 0 1
z_1_1 B 0 1
x_1_1_2 B 0 1
x_1_1_3 B 0 1
x_1_3_2 B 0 1
z_1_2 B 0 1
x_1_2_3 B 0 1
z_1_3 B 0 1
conn_0_0_1 C 0 3
conn_0_0_2 C 0 3
conn_0_0_3 C 0 3
conn_0_1_0 C 0 3
conn_0_1_2 C 0 3
conn_0_1_3 C 0 3
conn_0_2_0 C 0 3
conn_0_2_1 C 0 3
conn_0_2_3 C 0 3
conn_0_3_0 C 0 3
conn_0_3_1 C 0 3
conn_0_3_2 C 0 3
conn_1_0_1 C 0 3
conn_1_0_2 C 0 3
conn_1_0_3 C 0 3
conn_1_1_0 C 0 3
conn_1_1_2 C 0 3
conn_1_1_3 C 0 3
conn_1_2_0 C 0 3
conn_1_2_1 C 0 3
conn_1_2_3 C 0 3
conn_1_3_0 C 0 3
conn_1_3_1 C 0 3
conn_1_3_2 C 0 3
Y_1 I 0 2
Y_2 I 0 2
Y_3 I 0 2
d_0_1 I 0 1
p_0_2 I 0 0
p_0_3 I 0 1
d_0_2 I 0 1
p_0_1 I 0 1
d_0_3 I 0 0
d_1_1 I 0 1
p_1_2 I 0 0
p_1_3 I 0 2
d_1_2 I 0 2
p_1_1 I 0 1
d_1_3 I 0 0
ord_0_1 C 0 3
ord_0_2 C 0 3
ord_0_3 C 0 3
ord_1_1 C 0 3
ord_1_2 C 0 3
ord_1_3 C 0 3
mode_0_1 B 0 1
load_0_1 I 0 1
mode_0_2 B 0 1
load_0_2 I 0 1
mode_0_3 B 0 1
load_0_3 I 0 1
mode_1_1 B 0 1
load_1_1 I 0 2
mode_1_2 B 0 1
load_1_2 I 0 2
mode_1_3 B 0 1
load_1_3 I 0 2
state_g_1_0 C 0 1
state_1_0 B 0 1
state_g_1_1 C 0 1
state_1_1 B 0 1
state_g_1_2 C 0 1
state_1_2 B 0 1
zprod_1 C 0 2
state_g_2_0 C 0 1
state_2_0 B 0 1
state_g_2_1 C 0 1
state_2_1 B 0 1
state_g_2_2 C 0 1
state_2_2 B 0 1
zprod_2 C 0 2
state_g_3_0 C 0 1
state_3_0 B 0 1
state_g_3_1 C 0 1
state_3_1 B 0 1
state_g_3_2 C 0 1
state_3_2 B 0 1
zprod_3 C 0 2
r_max C 0 2
r_min C 0 2
< 0 6 4 1 5 1 6 1 7 -3 8 -3 9 -3
> 0 3 4 1 5 1 6 1
< 0 4 4 2 7 -3 8 -3 9 -3
< 0 4 5 2 7 -3 8 -3 9 -3
< 0 4 6 2 7 -3 8 -3 9 -3
< 9 2 7 1 8 -1
< 9 2 7 -1 8 1
< 9 2 7 1 9 -1
< 9 2 7 -1 9 1
< 9 2 8 1 9 -1
< 9 2 8 -1 9 1
< 0 3 7 -1 8 -5 9 -3
< 0 3 7 -5 8 -1 9 -3
< 0 3 7 -1 8 -3 9 -5
< 0 3 7 -5 8 -3 9 -1
< 0 3 7 -3 8 -1 9 -5
< 0 3 7 -3 8 -5 9 -1
< 1 3 0 1 1 0.14999999999999999 2 0.14999999999999999
< 18 5 1 2.6999999999999997 2 2.6999999999999997 4 1 5 1 6 1
> 0 2 1 1 2 1
< 6.666666666666667 1 1 1
< 6.666666666666667 1 2 1
> -0 1 10 1
> -12 6 1 -6 2 -6 7 -2 8 -2 9 -2 10 1
< -0 3 1 -6 2 -6 10 1
< -0 4 7 -2 8 -2 9 -2 10 1
< 0 7 4 1 5 1 6 1 7 -3 8 -3 9 -3 10 0.44999999999999996
= 0 6 11 1 12 1 13 1 14 -1 15 -1 16 -1
< 1 3 11 1 12 1 13 1
= 0 4 11 1 17 1 18 1 19 -1
= 0 4 14 1 19 -1 20 1 21 1
= 0 4 12 1 20 1 22 1 23 -1
= 0 4 15 1 17 1 23 -1 24 1
= 0 4 13 1 21 1 24 1 25 -1
= 0 4 16 1 18 1 22 1 25 -1
= 0 6 26 1 27 1 28 1 29 -1 30 -1 31 -1
< 1 3 26 1 27 1 28 1
= 0 4 26 1 32 1 33 1 34 -1
= 0 4 29 1 34 -1 35 1 36 1
= 0 4 27 1 35 1 37 1 38 -1
= 0 4 30 1 32 1 38 -1 39 1
= 0 4 28 1 36 1 39 1 40 -1
= 0 4 31 1 33 1 37 1 40 -1
< 0 2 11 -3 41 1
< 0 2 12 -3 42 1
< 0 2 13 -3 43 1
< 0 2 14 -3 44 1
< 0 2 20 -3 45 1
< 0 2 21 -3 46 1
< 0 2 15 -3 47 1
< 0 2 17 -3 48 1
< 0 2 24 -3 49 1
< 0 2 16 -3 50 1
< 0 2 18 -3 51 1
< 0 2 22 -3 52 1
= 0 7 19 -1 41 1 44 -1 45 -1 46 -1 48 1 51 1
= 0 7 23 -1 42 1 45 1 47 -1 48 -1 49 -1 52 1
= 0 7 25 -1 43 1 46 1 49 1 50 -1 51 -1 52 -1
= 0 9 19 -1 23 -1 25 -1 41 1 42 1 43 1 44 -1 47 -1 50 -1
< 0 2 26 -3 53 1
< 0 2 27 -3 54 1
< 0 2 28 -3 55 1
< 0 2 29 -3 56 1
< 0 2 35 -3 57 1
< 0 2 36 -3 58 1
< 0 2 30 -3 59 1
< 0 2 32 -3 60 1
< 0 2 39 -3 61 1
< 0 2 31 -3 62 1
< 0 2 33 -3 63 1
< 0 2 37 -3 64 1
= 0 7 34 -1 53 1 56 -1 57 -1 58 -1 60 1 63 1
= 0 7 38 -1 54 1 57 1 59 -1 60 -1 61 -1 64 1
= 0 7 40 -1 55 1 58 1 61 1 62 -1 63 -1 64 -1
= 0 9 34 -1 38 -1 40 -1 53 1 54 1 55 1 56 -1 59 -1 62 -1
< 1 2 19 1 34 1
< 1 2 23 1 38 1
< 1 2 25 1 40 1
< 3 3 65 1 66 1 67 1
> 0 3 65 1 66 1 67 1
< 0 3 68 1 69 -1 70 -1
< 0 3 70 -1 71 1 72 -1
< 0 3 69 -1 72 -1 73 1
< 0 3 74 1 75 -1 76 -1
< 0 3 76 -1 77 1 78 -1
< 0 3 75 -1 78 -1 79 1
> 0 2 19 -1 80 1
< 0 2 19 -3 80 1
> 0 2 23 -1 81 1
< 0 2 23 -3 81 1
> 0 2 25 -1 82 1
< 0 2 25 -3 82 1
< 2 3 20 3 80 1 81 -1
< 2 3 21 3 80 1 82 -1
< 2 3 17 3 80 -1 81 1
< 2 3 24 3 81 1 82 -1
< 2 3 18 3 80 -1 82 1
< 2 3 22 3 81 -1 82 1
> 0 2 34 -1 83 1
< 0 2 34 -3 83 1
> 0 2 38 -1 84 1
< 0 2 38 -3 84 1
> 0 2 40 -1 85 1
< 0 2 40 -3 85 1
< 2 3 35 3 83 1 84 -1
< 2 3 36 3 83 1 85 -1
< 2 3 32 3 83 -1 84 1
< 2 3 39 3 84 1 85 -1
< 2 3 33 3 83 -1 85 1
< 2 3 37 3 84 -1 85 1
< 0 2 19 -1 72 1
< 0 2 19 -1 68 1
< 0 2 19 -1 86 1
< 0 2 72 1 86 -1
< 0 3 19 -1 68 1 86 1
> 0 3 19 -1 68 1 72 1
< 0 2 19 -1 87 1
< 0 1 69 1
< 0 2 23 -1 71 1
< 0 2 23 -1 88 1
< 0 1 69 1
< 0 3 23 -1 71 1 88 1
> 0 3 23 -1 69 1 71 1
< 0 2 23 -1 89 1
< 0 2 25 -1 70 1
< 0 1 73 1
< 0 2 25 -1 90 1
< 0 2 70 1 90 -1
< 0 1 73 1
> 0 3 25 -1 70 1 73 1
< 0 2 25 -1 91 1
< 1 4 11 1 68 1 72 -1 87 1
> -1 4 11 -1 68 1 72 -1 87 1
< 1 4 12 1 69 -1 71 1 89 1
> -1 4 12 -1 69 -1 71 1 89 1
< 1 4 13 1 70 -1 73 1 91 1
> -1 4 13 -1 70 -1 73 1 91 1
< 1 5 20 1 69 -1 71 1 87 -1 89 1
> -1 5 20 -1 69 -1 71 1 87 -1 89 1
< 1 5 21 1 70 -1 73 1 87 -1 91 1
> -1 5 21 -1 70 -1 73 1 87 -1 91 1
< 1 5 17 1 68 1 72 -1 87 1 89 -1
> -1 5 17 -1 68 1 72 -1 87 1 89 -1
< 1 5 24 1 70 -1 73 1 89 -1 91 1
> -1 5 24 -1 70 -1 73 1 89 -1 91 1
< 1 5 18 1 68 1 72 -1 87 1 91 -1
> -1 5 18 -1 68 1 72 -1 87 1 91 -1
< 1 5 22 1 69 -1 71 1 89 1 91 -1
> -1 5 22 -1 69 -1 71 1 89 1 91 -1
> 0 6 68 -1 69 1 70 1 71 -1 72 1 73 -1
< 5 3 69 2 70 2 72 2
< 0 2 34 -1 78 1
< 0 2 34 -1 74 1
< 0 2 34 -1 92 1
< 0 2 78 1 92 -1
< 0 3 34 -1 74 1 92 1
> 0 3 34 -1 74 1 78 1
< 0 2 34 -2 93 1
< 0 1 75 1
< 0 2 38 -2 77 1
< 0 2 38 -1 94 1
< 0 1 75 1
< 0 3 38 -2 77 1 94 2
> 0 3 38 -1 75 1 77 1
< 0 2 38 -2 95 1
< 0 2 40 -2 76 1
< 0 1 79 1
< 0 2 40 -1 96 1
< 0 2 76 1 96 -2
< 0 1 79 1
> 0 3 40 -1 76 1 79 1
< 0 2 40 -2 97 1
< 2 4 26 2 74 1 78 -1 93 1
> -2 4 26 -2 74 1 78 -1 93 1
< 2 4 27 2 75 -1 77 1 95 1
> -2 4 27 -2 75 -1 77 1 95 1
< 2 4 28 2 76 -1 79 1 97 1
> -2 4 28 -2 76 -1 79 1 97 1
< 2 5 35 2 75 -1 77 1 93 -1 95 1
> -2 5 35 -2 75 -1 77 1 93 -1 95 1
< 2 5 36 2 76 -1 79 1 93 -1 97 1
> -2 5 36 -2 76 -1 79 1 93 -1 97 1
< 2 5 32 2 74 1 78 -1 93 1 95 -1
> -2 5 32 -2 74 1 78 -1 93 1 95 -1
< 2 5 39 2 76 -1 79 1 95 -1 97 1
> -2 5 39 -2 76 -1 79 1 95 -1 97 1
< 2 5 33 2 74 1 78 -1 93 1 97 -1
> -2 5 33 -2 74 1 78 -1 93 1 97 -1
< 2 5 37 2 75 -1 77 1 95 1 97 -1
> -2 5 37 -2 75 -1 77 1 95 1 97 -1
> 0 6 74 -1 75 1 76 1 77 -1 78 1 79 -1
< 5 3 75 2 76 2 78 2
< 19 4 19 7 23 7 69 2 72 2
< 23 4 19 9 25 9 70 2 72 2
< 19 4 23 7 25 7 69 2 70 2
< 32 6 19 9 23 9 25 9 69 2 70 2 72 2
< 19 4 34 7 38 7 75 2 78 2
< 27 4 34 11 40 11 76 2 78 2
< 23 4 38 9 40 9 75 2 76 2
< 38 6 34 11 38 11 40 11 75 2 76 2 78 2
= 1 5 65 1 68 -1 72 1 74 -1 78 1
= 0 2 7 1 65 -1
> -1 2 1 1 7 -1
> 1 2 1 1 7 1
= 0 5 66 1 69 1 71 -1 75 1 77 -1
= 0 2 8 1 66 -1
> -1 2 2 1 8 -1
> 1 2 2 1 8 1
= 2 5 67 1 70 1 73 -1 76 1 79 -1
= 0 2 9 1 67 -1
> -1 2 3 1 9 -1
> 1 2 3 1 9 1
< 1 3 19 -1 34 -1 65 1
< -1 3 19 -1 34 -1 65 -1
< 0 3 23 -2 38 -2 66 1
< 0 1 66 -1
< 2 1 67 1
< -2 3 25 -2 40 -2 67 -1
< 10 6 69 2 70 2 72 2 75 2 76 2 78 2
> 0 3 4 1 7 -1 8 1
> 0 3 4 1 7 1 8 -1
> 0 3 5 1 7 -1 9 1
> 0 3 5 1 7 1 9 -1
> 0 3 6 1 8 -1 9 1
> 0 3 6 1 8 1 9 -1
> 0 1 98 1
< 0 2 98 1 99 -1
> 0 1 100 1
< 0 2 100 1 101 -1
> 0 1 102 1
< 0 2 102 1 103 -1
= 1 3 99 1 101 1 103 1
= 0 3 65 1 101 -1 103 -2
= 0 4 0 -1 98 1 100 1 102 1
= 0 3 100 -1 102 -2 104 1
> 0 1 105 1
< 0 2 105 1 106 -1
> 0 1 107 1
< 0 2 107 1 108 -1
> 0 1 109 1
< 0 2 109 1 110 -1
= 1 3 106 1 108 1 110 1
= 0 3 66 1 108 -1 110 -2
= 0 4 0 -1 105 1 107 1 109 1
= 0 3 107 -1 109 -2 111 1
> 0 1 112 1
< 0 2 112 1 113 -1
> 0 1 114 1
< 0 2 114 1 115 -1
> 0 1 116 1
< 0 2 116 1 117 -1
= 1 3 113 1 115 1 117 1
= 0 3 67 1 115 -1 117 -2
= 0 4 0 -1 112 1 114 1 116 1
= 0 3 114 -1 116 -2 118 1
> 0 6 4 -1 5 -1 6 -1 104 3 111 3 118 3
