88 168
G C 0 1
e_1 C 0 1
e_2 C 0 1
e_3 C 0 1
x_0_0_1 B 0 1
x_0_0_2 B 0 1
x_0_0_3 B 0 1
x_0_1_0 B 0 1
x_0_2_0 B 0 1
x_0_3_0 B 0 1
x_0_2_1 B 0 1
x_0_3_1 B 0 1
z_0_1 B 0 1
x_0_1_2 B 0 1
x_0_1_3 B 0 1
x_0_3_2 B 0 1
z_0_2 B 0 1
x_0_2_3 B 0 1
z_0_3 B 0 1
x_1_0_1 B 0 1
x_1_0_2 B 0 1
x_1_0_3 B 0 1
x_1_1_0 B 0 1
x_1_2_0 B 0 1
x_1_3_0 B 0 1
x_1_2_1 B 0 1
x_1_3_1 B 0 1
z_1_1 B 0 1
x_1_1_2 B 0 1
x_1_1_3 B 0 1
x_1_3_2 B 0 1
z_1_2 B 0 1
x_1_2_3 B 0 1
z_1_3 B 0 1
ord_0_1 C 0 3
ord_0_2 C 0 3
ord_0_3 C 0 3
ord_1_1 C 0 3
ord_1_2 C 0 3
ord_1_3 C 0 3
p_0_1 I 0 1
d_0_1 I 0 1
mode_0_1 B 0 1
load_0_1 I 0 1
p_0_2 I 0 0
d_0_2 I 0 1
mode_0_2 B 0 1
load_0_2 I 0 1
p_0_3 I 0 1
d_0_3 I 0 0
mode_0_3 B 0 1
load_0_3 I 0 1
p_1_1 I 0 1
d_1_1 I 0 1
mode_1_1 B 0 1
load_1_1 I 0 2
p_1_2 I 0 0
d_1_2 I 0 2
mode_1_2 B 0 1
load_1_2 I 0 2
p_1_3 I 0 2
d_1_3 I 0 0
mode_1_3 B 0 1
load_1_3 I 0 2
Y_1 I 0 2
r_1 C 0 2
Y_2 I 0 2
r_2 C 0 2
Y_3 I 0 2
r_3 C 0 2
h_1_2 C 0 4
h_1_3 C 0 4
h_2_3 C 0 4
bit_1_0 B 0 1
bit_1_1 B 0 1
prod_1_0 C 0 1
prod_1_1 C 0 1
zprod_1 C 0 2
bit_2_0 B 0 1
bit_2_1 B 0 1
prod_2_0 C 0 1
prod_2_1 C 0 1
zprod_2 C 0 2
bit_3_0 B 0 1
bit_3_1 B 0 1
prod_3_0 C 0 1
prod_3_1 C 0 1
zprod_3 C 0 2
= 0 6 4 1 5 1 6 1 7 -1 8 -1 9 -1
< 1 3 4 1 5 1 6 1
= 0 4 4 1 10 1 11 1 12 -1
= 0 4 7 1 12 -1 13 1 14 1
= 0 4 5 1 13 1 15 1 16 -1
= 0 4 8 1 10 1 16 -1 17 1
= 0 4 6 1 14 1 17 1 18 -1
= 0 4 9 1 11 1 15 1 18 -1
= 0 6 19 1 20 1 21 1 22 -1 23 -1 24 -1
< 1 3 19 1 20 1 21 1
= 0 4 19 1 25 1 26 1 27 -1
= 0 4 22 1 27 -1 28 1 29 1
= 0 4 20 1 28 1 30 1 31 -1
= 0 4 23 1 25 1 31 -1 32 1
= 0 4 21 1 29 1 32 1 33 -1
= 0 4 24 1 26 1 30 1 33 -1
< 1 2 12 1 27 1
< 1 2 16 1 31 1
< 1 2 18 1 33 1
> 0 2 12 -1 34 1
< 0 2 12 -3 34 1
> 0 2 16 -1 35 1
< 0 2 16 -3 35 1
> 0 2 18 -1 36 1
< 0 2 18 -3 36 1
< 2 3 13 3 34 1 35 -1
< 2 3 14 3 34 1 36 -1
< 2 3 10 3 34 -1 35 1
< 2 3 17 3 35 1 36 -1
< 2 3 11 3 34 -1 36 1
< 2 3 15 3 35 -1 36 1
> 0 2 27 -1 37 1
< 0 2 27 -3 37 1
> 0 2 31 -1 38 1
< 0 2 31 -3 38 1
> 0 2 33 -1 39 1
< 0 2 33 -3 39 1
< 2 3 28 3 37 1 38 -1
< 2 3 29 3 37 1 39 -1
< 2 3 25 3 37 -1 38 1
< 2 3 32 3 38 1 39 -1
< 2 3 26 3 37 -1 39 1
< 2 3 30 3 38 -1 39 1
< 0 2 12 -1 40 1
< 0 2 12 -1 41 1
< 0 2 12 -1 42 1
< 0 2 40 1 42 -1
< 0 3 12 -1 41 1 42 1
> 0 3 12 -1 40 1 41 1
< 0 2 12 -1 43 1
< 0 1 44 1
< 0 2 16 -1 45 1
< 0 2 16 -1 46 1
< 0 1 44 1
< 0 3 16 -1 45 1 46 1
> 0 3 16 -1 44 1 45 1
< 0 2 16 -1 47 1
< 0 2 18 -1 48 1
< 0 1 49 1
< 0 2 18 -1 50 1
< 0 2 48 1 50 -1
< 0 1 49 1
> 0 3 18 -1 48 1 49 1
< 0 2 18 -1 51 1
< 1 4 4 1 40 -1 41 1 43 1
> -1 4 4 -1 40 -1 41 1 43 1
< 1 4 5 1 44 -1 45 1 47 1
> -1 4 5 -1 44 -1 45 1 47 1
< 1 4 6 1 48 -1 49 1 51 1
> -1 4 6 -1 48 -1 49 1 51 1
< 1 5 13 1 43 -1 44 -1 45 1 47 1
> -1 5 13 -1 43 -1 44 -1 45 1 47 1
< 1 5 14 1 43 -1 48 -1 49 1 51 1
> -1 5 14 -1 43 -1 48 -1 49 1 51 1
< 1 5 10 1 40 -1 41 1 43 1 47 -1
> -1 5 10 -1 40 -1 41 1 43 1 47 -1
< 1 5 17 1 47 -1 48 -1 49 1 51 1
> -1 5 17 -1 47 -1 48 -1 49 1 51 1
< 1 5 11 1 40 -1 41 1 43 1 51 -1
> -1 5 11 -1 40 -1 41 1 43 1 51 -1
< 1 5 15 1 44 -1 45 1 47 1 51 -1
> -1 5 15 -1 44 -1 45 1 47 1 51 -1
> 0 6 40 1 41 -1 44 1 45 -1 48 1 49 -1
< 5 3 40 2 44 2 48 2
< 0 2 27 -1 52 1
< 0 2 27 -1 53 1
< 0 2 27 -1 54 1
< 0 2 52 1 54 -1
< 0 3 27 -1 53 1 54 1
> 0 3 27 -1 52 1 53 1
< 0 2 27 -2 55 1
< 0 1 56 1
< 0 2 31 -2 57 1
< 0 2 31 -1 58 1
< 0 1 56 1
< 0 3 31 -2 57 1 58 2
> 0 3 31 -1 56 1 57 1
< 0 2 31 -2 59 1
< 0 2 33 -2 60 1
< 0 1 61 1
< 0 2 33 -1 62 1
< 0 2 60 1 62 -2
< 0 1 61 1
> 0 3 33 -1 60 1 61 1
< 0 2 33 -2 63 1
< 2 4 19 2 52 -1 53 1 55 1
> -2 4 19 -2 52 -1 53 1 55 1
< 2 4 20 2 56 -1 57 1 59 1
> -2 4 20 -2 56 -1 57 1 59 1
< 2 4 21 2 60 -1 61 1 63 1
> -2 4 21 -2 60 -1 61 1 63 1
< 2 5 28 2 55 -1 56 -1 57 1 59 1
> -2 5 28 -2 55 -1 56 -1 57 1 59 1
< 2 5 29 2 55 -1 60 -1 61 1 63 1
> -2 5 29 -2 55 -1 60 -1 61 1 63 1
< 2 5 25 2 52 -1 53 1 55 1 59 -1
> -2 5 25 -2 52 -1 53 1 55 1 59 -1
< 2 5 32 2 59 -1 60 -1 61 1 63 1
> -2 5 32 -2 59 -1 60 -1 61 1 63 1
< 2 5 26 2 52 -1 53 1 55 1 63 -1
> -2 5 26 -2 52 -1 53 1 55 1 63 -1
< 2 5 30 2 56 -1 57 1 59 1 63 -1
> -2 5 30 -2 56 -1 57 1 59 1 63 -1
> 0 6 52 1 53 -1 56 1 57 -1 60 1 61 -1
< 5 3 52 2 56 2 60 2
= 1 5 40 1 41 -1 52 1 53 -1 64 1
= 0 2 64 -1 65 1
> -1 2 1 1 65 -1
> 1 2 1 1 65 1
= 0 5 44 1 45 -1 56 1 57 -1 66 1
= 0 2 66 -1 67 1
> -1 2 2 1 67 -1
> 1 2 2 1 67 1
= 2 5 48 1 49 -1 60 1 61 -1 68 1
= 0 2 68 -1 69 1
> -1 2 3 1 69 -1
> 1 2 3 1 69 1
> 0 3 65 -1 67 1 70 1
> 0 3 65 1 67 -1 70 1
> 0 3 65 -1 69 1 71 1
> 0 3 65 1 69 -1 71 1
> 0 3 67 -1 69 1 72 1
> 0 3 67 1 69 -1 72 1
= 0 3 64 1 73 -1 74 -2
= 0 3 75 -1 76 -2 77 1
< 0 2 0 -1 75 1
< 0 2 73 -1 75 1
> -1 3 0 -1 73 -1 75 1
< 0 2 0 -1 76 1
< 0 2 74 -1 76 1
> -1 3 0 -1 74 -1 76 1
= 0 3 66 1 78 -1 79 -2
= 0 3 80 -1 81 -2 82 1
< 0 2 0 -1 80 1
< 0 2 78 -1 80 1
> -1 3 0 -1 78 -1 80 1
< 0 2 0 -1 81 1
< 0 2 79 -1 81 1
> -1 3 0 -1 79 -1 81 1
= 0 3 68 1 83 -1 84 -2
= 0 3 85 -1 86 -2 87 1
< 0 2 0 -1 85 1
< 0 2 83 -1 85 1
> -1 3 0 -1 83 -1 85 1
< 0 2 0 -1 86 1
< 0 2 84 -1 86 1
> -1 3 0 -1 84 -1 86 1
> 0 6 70 -1 71 -1 72 -1 77 3 82 3 87 3
