50 3 [20, 20, 20]
capacities = [100000, 35, 33, 30, 21, 32, 21, 24, 28, 31, 47, 20, 29, 21, 47, 31, 42, 24, 34, 33, 38, 44, 25, 30, 30, 26, 34, 34, 26, 24, 36, 26, 33, 50, 44, 35, 43, 26, 34, 35, 48, 43, 32, 31, 40, 42, 30, 47, 36, 38, 20]
initial     = [50000, 24, 9, 19, 21, 19, 14, 7, 13, 14, 25, 2, 25, 5, 26, 18, 31, 17, 21, 18, 18, 27, 5, 8, 20, 24, 16, 5, 12, 2, 24, 22, 12, 25, 18, 25, 33, 14, 16, 16, 24, 31, 9, 3, 32, 18, 24, 18, 28, 28, 20]
target      = [0, 16, 15, 10, 14, 20, 1, 9, 15, 8, 33, 11, 7, 8, 20, 12, 22, 10, 17, 28, 25, 14, 10, 7, 11, 8, 16, 21, 3, 15, 7, 5, 5, 16, 29, 28, 18, 6, 23, 11, 19, 14, 5, 10, 16, 12, 9, 13, 20, 13, 16]
weights    = [0.000000, 0.086538, 0.079231, 0.115769, 0.086538, 0.053654, 1.000000, 0.066239, 0.059744, 0.104808, 0.067716, 0.109790, 0.237912, 0.077404, 0.071923, 0.086538, 0.079895, 0.101154, 0.067195, 0.076099, 0.070462, 0.117857, 0.086538, 0.060440, 0.109790, 0.196154, 0.050000, 0.105678, 0.269231, 0.113333, 0.227473, 0.298462, 0.152308, 0.091106, 0.077719, 0.057830, 0.110897, 0.147436, 0.072241, 0.083217, 0.069231, 0.138736, 0.108462, 0.101154, 0.123077, 0.086538, 0.171795, 0.078107, 0.079231, 0.134320, 0.068269]
min_ratio  = [0.0000, 0.7000, 0.4200, 0.7000, 0.7000, 0.6650, 0.7000, 0.5444, 0.6067, 0.7000, 0.5303, 0.1273, 0.7000, 0.4375, 0.7000, 0.7000, 0.7000, 0.7000, 0.7000, 0.4500, 0.5040, 0.7000, 0.3500, 0.7000, 0.7000, 0.7000, 0.7000, 0.1667, 0.7000, 0.0933, 0.7000, 0.7000, 0.7000, 0.7000, 0.4345, 0.6250, 0.7000, 0.7000, 0.4870, 0.7000, 0.7000, 0.7000, 0.7000, 0.2100, 0.7000, 0.7000, 0.7000, 0.7000, 0.7000, 0.7000, 0.7000]
points = [(584400.000, 4511800.000), (584059.956, 4511542.564), (584780.446, 4511720.610), (584268.377, 4512186.114), (584176.213, 4511580.655), (584721.770, 4511801.665), (584276.056, 4512291.963), (584192.099, 4511430.972), (584633.620, 4511781.953), (584268.508, 4512301.364), (584115.498, 4511563.122), (584776.384, 4511745.536), (584266.033, 4512190.174), (584078.922, 4511425.562), (584672.247, 4511831.564), (584361.986, 4512264.244), (584188.848, 4511553.811), (584772.163, 4511681.818), (584403.322, 4512252.642), (584153.108, 4511519.147), (584759.236, 4511831.390), (584361.929, 4512201.864), (584122.227, 4511582.815), (584708.958, 4511720.125), (584323.243, 4512288.448), (584191.145, 4511553.817), (584650.121, 4511788.830), (584355.379, 4512161.723), (584050.052, 4511441.028), (584728.250, 4511840.307), (584400.721, 4512251.358), (584127.861, 4511505.740), (584707.103, 4511787.957), (584314.109, 4512238.276), (584035.928, 4511529.137), (584768.803, 4511724.879), (584255.980, 4512181.610), (584128.911, 4511455.242), (584781.709, 4511725.631), (584302.663, 4512157.624), (584087.506, 4511480.375), (584629.342, 4511713.800), (584347.334, 4512258.962), (584196.095, 4511435.187), (584711.466, 4511688.203), (584401.948, 4512284.788), (584091.214, 4511489.504), (584628.615, 4511720.181), (584267.572, 4512267.078), (584163.565, 4511494.147), (584634.015, 4511706.334)]
distances = [
{0.0000, 426.5016, 388.6408, 407.9319, 313.3573, 321.7746, 507.3359, 423.5616, 234.3158, 518.3205, 370.2059, 380.3040, 412.5323, 493.2492, 274.0704, 465.7980, 324.3372, 390.4772, 452.6547, 373.9436, 360.6047, 403.6632, 352.6006, 319.1158, 494.4425, 322.8415, 250.3699, 364.4645, 501.3227, 330.7156, 451.3588, 400.8099, 307.3387, 446.6126, 453.7788, 376.3762, 407.8823, 438.5741, 388.8859, 370.6342, 447.0038, 245.0062, 461.9742, 417.9301, 330.9220, 484.7919, 437.8996, 242.1486, 485.4888, 386.5840, 252.0644}
{426.5016, 0.0000, 742.1631, 676.4586, 122.3385, 710.7263, 779.9351, 172.9579, 621.6088, 786.9388, 59.2252, 744.6255, 679.6080, 118.5289, 677.0683, 782.3332, 129.3816, 725.6939, 788.7409, 96.0504, 756.5802, 725.1652, 74.1477, 672.8533, 790.9895, 131.6710, 639.4856, 686.0271, 102.0174, 731.6205, 786.4544, 77.2465, 692.1105, 740.6815, 27.5246, 731.9180, 668.4353, 111.2645, 744.6081, 661.2160, 68.0181, 594.5774, 771.8898, 173.3883, 667.5897, 817.2243, 61.5822, 595.7530, 753.6751, 114.3637, 596.9631}
{388.6408, 742.1631, 0.0000, 692.0319, 620.2293, 100.0633, 762.1376, 655.7757, 159.1250, 774.1805, 683.3427, 25.2552, 696.4991, 761.0441, 154.9767, 686.0372, 614.6626, 39.6655, 652.1360, 658.8925, 112.7929, 637.7789, 672.4874, 71.4895, 729.0232, 612.4500, 147.1008, 612.5864, 782.0745, 130.5824, 652.5987, 687.0487, 99.5731, 696.7410, 768.7446, 12.4003, 698.2733, 703.5036, 5.1782, 647.5015, 733.4012, 151.2572, 690.9479, 650.3320, 76.2130, 679.3805, 726.9451, 151.8310, 749.4447, 657.1350, 147.1246}
{407.9319, 676.4586, 692.0319, 0.0000, 612.4330, 594.4465, 106.1274, 758.9843, 544.7462, 115.2506, 641.4752, 672.4430, 4.6883, 783.7934, 537.4165, 121.9303, 637.2850, 712.8214, 150.4531, 676.8538, 605.6161, 94.8682, 620.7487, 641.2931, 116.1149, 636.9964, 550.9648, 90.3566, 776.4139, 575.3831, 147.5522, 694.7322, 592.4602, 69.3704, 696.8865, 680.5615, 13.1900, 744.0590, 689.6038, 44.5775, 728.5474, 594.4542, 107.4299, 754.3972, 666.5151, 166.0654, 718.7845, 588.9521, 80.9686, 699.8592, 603.2248}
{313.3573, 122.3385, 620.2293, 612.4330, 0.0000, 588.6238, 718.2807, 150.5238, 499.7416, 726.5947, 63.1956, 622.4073, 616.1011, 183.0830, 555.8819, 708.3823, 29.6694, 604.4758, 709.3273, 65.7043, 634.6526, 648.3752, 54.0293, 550.6985, 722.9031, 30.7129, 517.6151, 608.0625, 188.1816, 610.0525, 707.2808, 89.1639, 569.9279, 671.9225, 149.4456, 609.8885, 606.2254, 134.0369, 622.6101, 590.6631, 133.8842, 472.2851, 699.5592, 146.8204, 545.9506, 739.4315, 124.6323, 473.4293, 692.4760, 87.4275, 474.7400}
{321.7746, 710.7263, 100.0633, 594.4465, 588.6238, 0.0000, 662.6115, 646.5019, 90.3277, 674.6452, 651.5123, 78.3137, 598.8624, 744.7864, 57.8493, 586.0246, 587.7400, 130.0098, 552.0785, 634.9745, 47.8257, 538.1872, 638.2378, 82.5400, 629.1124, 585.6550, 72.7901, 513.6967, 762.4068, 39.1818, 552.5372, 663.5509, 20.0760, 597.3418, 738.0048, 90.0451, 601.0984, 686.6519, 96.8176, 549.8714, 710.9977, 127.5274, 591.0361, 640.8122, 113.9283, 579.3918, 703.5941, 123.7635, 650.3124, 637.3066, 129.5721}
{507.3359, 779.9351, 762.1376, 106.1274, 718.2807, 662.6115, 0.0000, 865.0745, 622.8664, 12.0560, 746.3160, 740.8849, 102.2813, 888.5450, 607.4000, 90.2902, 743.2861, 786.3836, 133.2018, 782.5343, 667.5253, 124.4669, 725.6403, 717.2188, 47.3181, 743.0140, 626.9505, 152.4950, 880.4362, 639.1190, 131.1109, 800.0674, 663.1920, 65.8054, 799.7278, 751.2552, 112.1643, 849.5605, 759.2209, 136.9481, 833.2022, 677.5569, 78.5473, 860.4988, 744.3841, 126.0962, 823.4719, 671.7384, 26.2911, 805.7070, 686.3647}
{423.5616, 172.9579, 655.7757, 758.9843, 150.5238, 646.5019, 865.0745, 0.0000, 564.0283, 873.7396, 152.7458, 663.5808, 762.7932, 113.3058, 625.3125, 850.4140, 122.8815, 631.9800, 848.3851, 96.4114, 694.2472, 789.3771, 167.1479, 592.2435, 867.4470, 122.8482, 581.2455, 748.7703, 142.4023, 674.5466, 846.4965, 98.5739, 626.6314, 816.4713, 184.4607, 647.2784, 753.3511, 67.6888, 659.1388, 735.0155, 115.6729, 520.7426, 842.4167, 5.8083, 579.5771, 879.2258, 116.6349, 523.6300, 839.5056, 69.3201, 520.6861}
{234.3158, 621.6088, 159.1250, 544.7462, 499.7416, 90.3277, 622.8664, 564.0283, 0.0000, 634.8974, 562.4381, 147.3355, 549.3312, 659.3205, 62.8754, 553.5252, 499.8711, 170.9421, 524.0097, 547.6842, 134.9945, 500.1415, 548.7972, 97.4600, 594.0299, 497.8251, 17.8769, 470.7899, 675.8556, 111.1762, 524.0072, 576.2686, 73.7278, 557.0619, 648.9616, 146.7379, 549.8526, 601.2243, 158.4375, 500.6613, 623.8500, 68.2868, 556.3251, 558.2778, 121.8562, 553.6383, 616.2219, 61.9738, 607.7319, 551.1651, 75.6199}
{518.3205, 786.9388, 774.1805, 115.2506, 726.5947, 674.6452, 12.0560, 873.7396, 634.8974, 0.0000, 753.9320, 752.9159, 111.2179, 896.0874, 619.4491, 100.5780, 751.7861, 798.4393, 143.3472, 790.6835, 679.4768, 136.4832, 733.2878, 729.2699, 56.2380, 751.5401, 638.9983, 164.4576, 887.6382, 651.1040, 141.3530, 807.9599, 675.2423, 77.8432, 806.4914, 763.3022, 120.4079, 857.5604, 771.2605, 147.7419, 840.7051, 689.5161, 89.5067, 869.1986, 756.4242, 134.4649, 830.9931, 683.7036, 34.2987, 814.0099, 698.3241}
{370.2059, 59.2252, 683.3427, 641.4752, 63.1956, 651.5123, 746.3160, 152.7458, 562.4381, 753.9320, 0.0000, 685.5980, 644.8678, 142.3398, 618.0856, 743.1879, 73.9380, 667.3065, 747.1817, 57.8644, 697.3994, 684.6305, 20.8108, 613.8762, 754.4906, 76.2170, 580.3148, 644.8764, 138.5287, 672.5298, 744.9970, 58.6985, 632.8873, 703.7602, 86.5241, 673.0326, 634.2414, 108.7105, 685.7447, 623.2684, 87.3535, 535.4801, 733.4450, 151.2056, 608.9519, 776.4372, 77.5195, 536.6158, 720.1949, 84.0712, 537.9307}
{380.3040, 744.6255, 25.2552, 672.4430, 622.4073, 78.3137, 740.8849, 663.5808, 147.3355, 752.9159, 685.5980, 0.0000, 676.8758, 767.3566, 135.0751, 663.9155, 618.0272, 63.8573, 629.5492, 663.1173, 87.5501, 616.4479, 674.0916, 72.0556, 707.1705, 615.8415, 133.4796, 591.9934, 787.5805, 106.2936, 630.0625, 691.4364, 81.2367, 675.6408, 771.4295, 22.0041, 678.9556, 709.5716, 20.6046, 627.8761, 738.1480, 150.4280, 669.0964, 658.0666, 86.6109, 656.5021, 731.4434, 149.9282, 728.6260, 662.3767, 147.6674}
{412.5323, 679.6080, 696.4991, 4.6883, 616.1011, 598.8624, 102.2813, 762.7932, 549.3312, 111.2179, 644.8678, 676.8758, 0.0000, 787.1733, 541.8589, 121.2163, 641.0272, 717.3516, 150.8328, 680.4620, 609.8973, 96.6058, 624.1512, 645.8548, 113.7141, 640.7486, 555.5178, 93.7670, 779.6584, 579.6998, 147.9335, 698.2413, 596.9265, 68.0079, 699.9413, 685.0383, 13.2063, 747.6141, 694.0615, 49.0023, 731.9059, 599.1039, 106.4978, 758.2190, 671.1073, 165.6039, 722.1490, 593.5984, 76.9198, 703.5286, 607.8753}
{493.2492, 118.5289, 761.0441, 783.7934, 183.0830, 744.7864, 888.5450, 113.3058, 659.3205, 896.0874, 142.3398, 767.3566, 787.1733, 0.0000, 718.9377, 885.1627, 168.9120, 739.0877, 888.4240, 119.4227, 792.1637, 826.2792, 163.1070, 695.4941, 896.8086, 170.4207, 676.9279, 786.3595, 32.7519, 770.4804, 886.2808, 93.9337, 725.2176, 846.0592, 112.1443, 752.0150, 776.5036, 58.1358, 764.1665, 765.4902, 55.4811, 621.3233, 875.5577, 117.5673, 684.9025, 917.9405, 65.1133, 623.6688, 862.4027, 108.9422, 622.0618}
{274.0704, 677.0683, 154.9767, 537.4165, 555.8819, 57.8493, 607.4000, 625.3125, 62.8754, 619.4491, 618.0856, 135.0751, 541.8589, 718.9377, 0.0000, 532.4230, 557.5138, 180.0194, 499.6279, 605.8952, 86.9892, 483.1351, 603.6537, 117.3298, 574.9323, 555.5199, 48.1219, 457.6134, 734.6050, 56.6817, 499.9538, 634.4424, 55.8256, 541.9202, 704.5307, 143.8916, 543.8847, 660.9325, 152.3272, 492.8568, 682.0959, 125.3362, 536.8778, 619.5441, 148.6283, 527.7062, 674.2427, 119.6235, 594.5038, 610.4151, 130.9359}
{465.7980, 782.3332, 686.0372, 121.9303, 708.3823, 586.0246, 90.2902, 850.4140, 553.5252, 100.5780, 743.1879, 663.9155, 121.2163, 885.1627, 532.4230, 0.0000, 731.2269, 712.3660, 42.9330, 773.8212, 587.5116, 62.3804, 722.3779, 645.3334, 45.6819, 730.6805, 555.9137, 102.7341, 880.3339, 560.2432, 40.8219, 793.8154, 588.1797, 54.4664, 804.1742, 675.5852, 134.4088, 841.9074, 682.8404, 122.0124, 830.5360, 611.9379, 15.5745, 845.4911, 673.7651, 44.9331, 820.6942, 605.8843, 94.4565, 795.2483, 620.6964}
{324.3372, 129.3816, 614.6626, 637.2850, 29.6694, 587.7400, 743.2861, 122.8815, 499.8711, 751.7861, 73.9380, 618.0272, 641.0272, 168.9120, 557.5138, 731.2269, 0.0000, 597.1963, 731.0028, 49.7880, 634.3448, 670.7683, 72.6608, 546.0541, 746.8298, 2.2975, 517.6940, 630.3095, 178.8410, 610.7662, 729.0150, 77.6541, 568.6939, 695.8324, 154.8974, 604.6596, 631.3784, 115.3608, 617.2575, 614.4469, 125.1511, 468.6488, 722.7428, 118.8445, 539.6212, 761.4063, 116.9081, 470.1859, 717.5990, 64.7988, 470.5715}
{390.4772, 725.6939, 39.6655, 712.8214, 604.4758, 130.0098, 786.3836, 631.9800, 170.9421, 798.4393, 667.3065, 63.8573, 717.3516, 739.0877, 180.0194, 712.3660, 597.1963, 0.0000, 679.6207, 640.0713, 150.1297, 662.3743, 657.4338, 73.9077, 754.6716, 594.9511, 162.3145, 635.6234, 761.1996, 164.4595, 679.9597, 667.9293, 124.4919, 720.7348, 751.9004, 43.1915, 718.4963, 681.9902, 44.8407, 668.4475, 713.6768, 146.3586, 716.6414, 626.6433, 61.0327, 707.5535, 707.5848, 148.5860, 772.7495, 636.8768, 140.3065}
{452.6547, 788.7409, 652.1360, 150.4531, 709.3273, 552.0785, 133.2018, 848.3851, 524.0097, 143.3472, 747.1817, 629.5492, 150.8328, 888.4240, 499.6279, 42.9330, 731.0028, 679.6207, 0.0000, 774.9980, 551.4781, 65.5122, 726.4178, 613.9937, 87.7190, 730.3263, 525.3869, 102.7855, 885.1652, 524.9754, 2.9008, 796.0789, 555.1718, 90.3623, 811.4420, 641.9588, 163.5703, 843.2961, 648.7815, 138.4220, 834.3479, 584.3255, 56.3429, 843.3124, 643.0742, 32.1749, 824.4942, 578.1627, 136.5152, 795.4859, 593.0200}
{373.9436, 96.0504, 658.8925, 676.8538, 65.7043, 634.9745, 782.5343, 96.4114, 547.6842, 790.6835, 57.8644, 663.1173, 680.4620, 119.4227, 605.8952, 773.8212, 49.7880, 640.0713, 774.9980, 0.0000, 681.8259, 713.9382, 70.7619, 591.0675, 787.8895, 51.4662, 565.4647, 673.6592, 129.3182, 658.7350, 772.9454, 28.5864, 615.7665, 736.9306, 117.6053, 649.1580, 670.4022, 68.3328, 661.6452, 655.7587, 76.2029, 514.4784, 764.8856, 94.3247, 583.3892, 805.0631, 68.6261, 516.2573, 756.6390, 27.0989, 516.0527}
{360.6047, 756.5802, 112.7929, 605.6161, 634.6526, 47.8257, 667.5253, 694.2472, 134.9945, 679.4768, 697.3994, 87.5501, 609.8973, 792.1637, 86.9892, 587.5116, 634.3448, 150.1297, 551.4781, 681.8259, 0.0000, 543.2342, 683.7910, 122.0979, 631.6577, 632.2771, 117.1217, 521.7466, 809.5211, 32.2430, 552.1829, 710.4102, 67.8554, 603.0702, 783.9205, 106.9403, 613.1234, 734.0280, 108.1203, 561.1483, 757.9131, 175.2142, 593.7007, 688.5526, 150.9457, 577.2557, 750.4257, 171.5496, 656.9302, 684.5117, 176.9729}
{403.6632, 725.1652, 637.7789, 94.8682, 648.3752, 538.1872, 124.4669, 789.3771, 500.1415, 136.4832, 684.6305, 616.4479, 96.6058, 826.2792, 483.1351, 62.3804, 670.7683, 662.3743, 65.5122, 713.9382, 543.2342, 0.0000, 663.8360, 593.7183, 94.8338, 670.1733, 503.6380, 40.6719, 822.2763, 514.6988, 62.8848, 734.4221, 538.9472, 60.1046, 747.5545, 626.9462, 107.8675, 782.1388, 634.8327, 73.9566, 771.9157, 556.5214, 58.9342, 784.4066, 621.3078, 92.0756, 762.0644, 550.5814, 114.7002, 734.9902, 565.3151}
{352.6006, 74.1477, 672.4874, 620.7487, 54.0293, 638.2378, 725.6403, 167.1479, 548.7972, 733.2878, 20.8108, 674.0916, 624.1512, 163.1070, 603.6537, 722.3779, 72.6608, 657.4338, 726.4178, 70.7619, 683.7910, 663.8360, 0.0000, 602.5837, 733.7068, 74.7706, 566.6693, 624.0945, 159.1000, 658.4575, 724.2296, 77.2806, 619.8087, 682.9693, 101.6309, 661.9995, 613.5511, 127.7479, 674.7688, 602.4638, 108.1643, 523.7581, 712.6348, 165.0772, 598.5892, 755.6517, 98.3294, 524.6890, 699.5292, 97.8308, 526.4828}
{319.1158, 672.8533, 71.4895, 641.2931, 550.6985, 82.5400, 717.2188, 592.2435, 97.4600, 729.2699, 613.8762, 72.0556, 645.8548, 695.4941, 117.3298, 645.3334, 546.0541, 73.9077, 613.9937, 591.0675, 122.0979, 593.7183, 602.5837, 0.0000, 686.8531, 543.8643, 90.4557, 565.7086, 715.5779, 121.7205, 614.1814, 619.3824, 67.8571, 651.4490, 699.6038, 60.0342, 646.6508, 637.6654, 72.9591, 597.0605, 666.0944, 79.8669, 648.9354, 586.7007, 32.0202, 642.7281, 659.3881, 80.3425, 702.8367, 590.3548, 76.2009}
{494.4425, 790.9895, 729.0232, 116.1149, 722.9031, 629.1124, 47.3181, 867.4470, 594.0299, 56.2380, 754.4906, 707.1705, 113.7141, 896.8086, 574.9323, 45.6819, 746.8298, 754.6716, 87.7190, 787.8895, 631.6577, 94.8338, 733.7068, 686.8531, 0.0000, 746.4139, 597.0486, 130.7368, 890.3677, 604.0377, 85.8978, 806.7256, 630.7455, 50.9974, 811.8519, 718.4249, 126.2490, 855.5684, 725.9157, 132.4329, 841.7567, 651.0891, 38.0763, 862.6825, 714.8503, 78.7895, 831.9548, 645.1198, 59.6320, 810.1920, 659.8763}
{322.8415, 131.6710, 612.4500, 636.9964, 30.7129, 585.6550, 743.0140, 122.8482, 497.8251, 751.5401, 76.2170, 615.8415, 640.7486, 170.4207, 555.5199, 730.6805, 2.2975, 594.9511, 730.3263, 51.4662, 632.2771, 670.1733, 74.7706, 543.8643, 746.4139, 0.0000, 515.6452, 629.7005, 180.6336, 608.7352, 728.3448, 79.4748, 566.5985, 695.4166, 157.1669, 602.4545, 631.1323, 116.5762, 615.0494, 614.0195, 127.0222, 466.4879, 722.2365, 118.7325, 537.3948, 760.7607, 118.8368, 468.0356, 717.3446, 65.7348, 468.3967}
{250.3699, 639.4856, 147.1008, 550.9648, 517.6151, 72.7901, 626.9505, 581.2455, 17.8769, 638.9983, 580.3148, 133.4796, 555.5178, 676.9279, 48.1219, 555.9137, 517.6940, 162.3145, 525.3869, 565.4647, 117.1217, 503.6380, 566.6693, 90.4557, 597.0486, 515.6452, 0.0000, 475.3117, 693.5767, 93.5631, 525.4830, 594.0500, 56.9887, 561.1640, 666.8382, 134.8161, 556.4376, 618.8219, 145.9779, 506.6912, 641.6225, 77.8545, 559.1991, 575.5022, 117.8517, 554.5844, 634.0127, 71.9387, 612.4253, 568.8357, 84.0540}
{364.4645, 686.0271, 612.5864, 90.3566, 608.0625, 513.6967, 152.4950, 748.7703, 470.7899, 164.4576, 644.8764, 591.9934, 93.7670, 786.3595, 457.6134, 102.7341, 630.3095, 635.6234, 102.7855, 673.6592, 521.7466, 40.6719, 624.0945, 565.7086, 130.7368, 629.7005, 475.3117, 0.0000, 782.7041, 492.2813, 100.4507, 694.3182, 513.2352, 86.9690, 708.6704, 601.4582, 101.3694, 741.8912, 609.8626, 52.8756, 732.1138, 525.0621, 97.5719, 743.7911, 592.4679, 131.5814, 722.2607, 519.2464, 137.1493, 694.5858, 533.8700}
{501.3227, 102.0174, 782.0745, 776.4139, 188.1816, 762.4068, 880.4362, 142.4023, 675.8556, 887.6382, 138.5287, 787.5805, 779.6584, 32.7519, 734.6050, 880.3339, 178.8410, 761.1996, 885.1652, 129.3182, 809.5211, 822.2763, 159.1000, 715.5779, 890.3677, 180.6336, 693.5767, 782.7041, 0.0000, 787.0046, 882.9516, 101.2021, 743.0175, 839.8391, 89.2341, 772.7709, 768.6793, 80.1296, 785.0609, 759.8175, 54.3232, 640.2976, 870.2835, 146.1595, 706.0902, 914.1999, 63.5948, 642.3876, 854.2096, 125.3273, 641.4048}
{330.7156, 731.6205, 130.5824, 575.3831, 610.0525, 39.1818, 639.1190, 674.5466, 111.1762, 651.1040, 672.5298, 106.2936, 579.6998, 770.4804, 56.6817, 560.2432, 610.7662, 164.4595, 524.9754, 658.7350, 32.2430, 514.6988, 658.4575, 121.7205, 604.0377, 608.7352, 93.5631, 492.2813, 787.0046, 0.0000, 525.5843, 687.3153, 56.4601, 574.3625, 759.0367, 122.3444, 582.6895, 712.3780, 126.5238, 530.8625, 734.9173, 160.5829, 566.0118, 668.8132, 153.0270, 551.3953, 727.2392, 156.0682, 627.9796, 662.3408, 163.7957}
{451.3588, 786.4544, 652.5987, 147.5522, 707.2808, 552.5372, 131.1109, 846.4965, 524.0072, 141.3530, 744.9970, 630.0625, 147.9335, 886.2808, 499.9538, 40.8219, 729.0150, 679.9597, 2.9008, 772.9454, 552.1829, 62.8848, 724.2296, 614.1814, 85.8978, 728.3448, 525.4830, 100.4507, 882.9516, 525.5843, 0.0000, 793.9764, 555.5275, 87.5943, 809.1211, 642.3902, 160.6696, 841.2378, 649.2615, 135.6516, 832.1768, 584.1545, 53.9251, 841.4313, 643.1998, 33.4523, 822.3231, 578.0008, 134.0735, 793.4802, 592.8558}
{400.8099, 77.2465, 687.0487, 694.7322, 89.1639, 663.5509, 800.0674, 98.5739, 576.2686, 807.9599, 58.6985, 691.4364, 698.2413, 93.9337, 634.4424, 793.8154, 77.6541, 667.9293, 796.0789, 28.5864, 710.4102, 734.4221, 77.2806, 619.3824, 806.7256, 79.4748, 594.0500, 694.3182, 101.2021, 687.3153, 793.9764, 0.0000, 644.3349, 755.8415, 94.8633, 677.3694, 687.9057, 50.5089, 689.8329, 674.9138, 47.6641, 542.9291, 784.5459, 98.1510, 611.4633, 825.8565, 40.0818, 544.7385, 774.0509, 37.5395, 544.4540}
{307.3387, 692.1105, 99.5731, 592.4602, 569.9279, 20.0760, 663.1920, 626.6314, 73.7278, 675.2423, 632.8873, 81.2367, 596.9265, 725.2176, 55.8256, 588.1797, 568.6939, 124.4919, 555.1718, 615.7665, 67.8554, 538.9472, 619.8087, 67.8571, 630.7455, 566.5985, 56.9887, 513.2352, 743.0175, 56.4601, 555.5275, 644.3349, 0.0000, 597.6883, 719.3491, 88.2371, 598.7275, 667.0867, 97.2138, 547.9286, 691.7413, 107.4523, 592.6884, 620.9470, 99.8490, 583.0616, 684.3918, 103.7006, 650.1883, 617.8647, 109.5632}
{446.6126, 740.6815, 696.7410, 69.3704, 671.9225, 597.3418, 65.8054, 816.4713, 557.0619, 77.8432, 703.7602, 675.6408, 68.0079, 846.0592, 541.9202, 54.4664, 695.8324, 720.7348, 90.3623, 736.9306, 603.0702, 60.1046, 682.9693, 651.4490, 50.9974, 695.4166, 561.1640, 86.9690, 839.8391, 574.3625, 87.5943, 755.8415, 597.6883, 0.0000, 761.7493, 685.8012, 81.1787, 804.6363, 693.8688, 81.4594, 791.0512, 611.9204, 39.1392, 811.7131, 678.5810, 99.3935, 781.2428, 606.0826, 54.7291, 759.2037, 620.7273}
{453.7788, 27.5246, 768.7446, 696.8865, 149.4456, 738.0048, 799.7278, 184.4607, 648.9616, 806.4914, 86.5241, 771.4295, 699.9413, 112.1443, 704.5307, 804.1742, 154.8974, 751.9004, 811.4420, 117.6053, 783.9205, 747.5545, 101.6309, 699.6038, 811.8519, 157.1669, 666.8382, 708.6704, 89.2341, 759.0367, 809.1211, 94.8633, 719.3491, 761.7493, 0.0000, 758.5653, 688.5808, 118.7698, 771.2322, 682.7471, 70.9796, 621.4823, 793.4852, 185.6880, 694.0124, 839.6300, 68.0246, 622.7167, 773.4443, 132.3465, 623.7845}
{376.3762, 731.9180, 12.4003, 680.5615, 609.8885, 90.0451, 751.2552, 647.2784, 146.7379, 763.3022, 673.0326, 22.0041, 685.0383, 752.0150, 143.8916, 675.5852, 604.6596, 43.1915, 641.9588, 649.1580, 106.9403, 626.9462, 661.9995, 60.0342, 718.4249, 602.4545, 134.8161, 601.4582, 772.7709, 122.3444, 642.3902, 677.3694, 88.2371, 685.8012, 758.5653, 0.0000, 686.7249, 694.3821, 12.9273, 636.0468, 723.8423, 139.9011, 680.3537, 641.8071, 68.0642, 669.3886, 717.3061, 140.2669, 738.3855, 647.7270, 136.0580}
{407.8823, 668.4353, 698.2733, 13.1900, 606.2254, 601.0984, 112.1643, 753.3511, 549.8526, 120.4079, 634.2414, 678.9556, 13.2063, 776.5036, 543.8847, 134.4088, 631.3784, 718.4963, 163.5703, 670.4022, 613.1234, 107.8675, 613.5511, 646.6508, 126.2490, 631.1323, 556.4376, 101.3694, 768.6793, 582.6895, 160.6696, 687.9057, 598.7275, 81.1787, 688.5808, 686.7249, 0.0000, 737.3984, 695.9219, 52.4844, 721.1891, 598.5359, 119.7040, 748.8210, 671.5039, 178.7521, 711.4476, 593.1050, 86.2509, 693.6463, 607.2876}
{438.5741, 111.2645, 703.5036, 744.0590, 134.0369, 686.6519, 849.5605, 67.6888, 601.2243, 857.5604, 108.7105, 709.5716, 747.6141, 58.1358, 660.9325, 841.9074, 115.3608, 681.9902, 843.2961, 68.3328, 734.0280, 782.1388, 127.7479, 637.6654, 855.5684, 116.5762, 618.8219, 741.8912, 80.1296, 712.3780, 841.2378, 50.5089, 667.0867, 804.6363, 118.7698, 694.3821, 737.3984, 0.0000, 706.5801, 723.5540, 48.4352, 563.2789, 832.8714, 70.1135, 627.4080, 873.3242, 50.9403, 565.5944, 823.5925, 52.1012, 564.0721}
{388.8859, 744.6081, 5.1782, 689.6038, 622.6101, 96.8176, 759.2209, 659.1388, 158.4375, 771.2605, 685.7447, 20.6046, 694.0615, 764.1665, 152.3272, 682.8404, 617.2575, 44.8407, 648.7815, 661.6452, 108.1203, 634.8327, 674.7688, 72.9591, 725.9157, 615.0494, 145.9779, 609.8626, 785.0609, 126.5238, 649.2615, 689.8329, 97.2138, 693.8688, 771.2322, 12.9273, 695.9219, 706.5801, 0.0000, 645.0604, 736.2524, 152.8257, 687.8394, 653.6830, 79.5926, 675.9249, 729.7523, 153.1906, 746.6602, 660.0653, 148.9489}
{370.6342, 661.2160, 647.5015, 44.5775, 590.6631, 549.8714, 136.9481, 735.0155, 500.6613, 147.7419, 623.2684, 627.8761, 49.0023, 765.4902, 492.8568, 122.0124, 614.4469, 668.4475, 138.4220, 655.7587, 561.1483, 73.9566, 602.4638, 597.0605, 132.4329, 614.0195, 506.6912, 52.8756, 759.8175, 530.8625, 135.6516, 674.9138, 547.9286, 81.4594, 682.7471, 636.0468, 52.4844, 723.5540, 645.0604, 0.0000, 710.6047, 551.0891, 110.7472, 730.2548, 622.4757, 161.3321, 700.7815, 545.5286, 114.9415, 677.9010, 559.8729}
{447.0038, 68.0181, 733.4012, 728.5474, 133.8842, 710.9977, 833.2022, 115.6729, 623.8500, 840.7051, 87.3535, 738.1480, 731.9059, 55.4811, 682.0959, 830.5360, 125.1511, 713.6768, 834.3479, 76.2029, 757.9131, 771.9157, 108.1643, 666.0944, 841.7567, 127.0222, 641.6225, 732.1138, 54.3232, 734.9173, 832.1768, 47.6641, 691.7413, 791.0512, 70.9796, 723.8423, 721.1891, 48.4352, 736.2524, 710.6047, 0.0000, 589.9768, 820.7977, 117.6153, 657.6607, 863.6860, 9.8537, 591.8663, 807.0475, 77.2957, 591.3790}
{245.0062, 594.5774, 151.2572, 594.4542, 472.2851, 127.5274, 677.5569, 520.7426, 68.2868, 689.5161, 535.4801, 150.4280, 599.1039, 621.3233, 125.3362, 611.9379, 468.6488, 146.3586, 584.3255, 514.4784, 175.2142, 556.5214, 523.7581, 79.8669, 651.0891, 466.4879, 77.8545, 525.0621, 640.2976, 160.5829, 584.1545, 542.9291, 107.4523, 611.9204, 621.4823, 139.9011, 598.5359, 563.2789, 152.8257, 551.0891, 589.9768, 0.0000, 613.7835, 515.0998, 86.0205, 614.6018, 583.0004, 6.4225, 661.0555, 514.9708, 8.8083}
{461.9742, 771.8898, 690.9479, 107.4299, 699.5592, 591.0361, 78.5473, 842.4167, 556.3251, 89.5067, 733.4450, 669.0964, 106.4978, 875.5577, 536.8778, 15.5745, 722.7428, 716.6414, 56.3429, 764.8856, 593.7007, 58.9342, 712.6348, 648.9354, 38.0763, 722.2365, 559.1991, 97.5719, 870.2835, 566.0118, 53.9251, 784.5459, 592.6884, 39.1392, 793.4852, 680.3537, 119.7040, 832.8714, 687.8394, 110.7472, 820.7977, 613.7835, 0.0000, 837.5433, 677.0212, 60.4117, 810.9642, 607.7862, 80.1743, 786.5831, 622.5627}
{417.9301, 173.3883, 650.3320, 754.3972, 146.8204, 640.8122, 860.4988, 5.8083, 558.2778, 869.1986, 151.2056, 658.0666, 758.2190, 117.5673, 619.5441, 845.4911, 118.8445, 626.6433, 843.3124, 94.3247, 688.5526, 784.4066, 165.0772, 586.7007, 862.6825, 118.7325, 575.5022, 743.7911, 146.1595, 668.8132, 841.4313, 98.1510, 620.9470, 811.7131, 185.6880, 641.8071, 748.8210, 70.1135, 653.6830, 730.2548, 117.6153, 515.0998, 837.5433, 0.0000, 574.1289, 874.1834, 118.1112, 517.9723, 834.9560, 67.3384, 515.0676}
{330.9220, 667.5897, 76.2130, 666.5151, 545.9506, 113.9283, 744.3841, 579.5771, 121.8562, 756.4242, 608.9519, 86.6109, 671.1073, 684.9025, 148.6283, 673.7651, 539.6212, 61.0327, 643.0742, 583.3892, 150.9457, 621.3078, 598.5892, 32.0202, 714.8503, 537.3948, 117.8517, 592.4679, 706.0902, 153.0270, 643.1998, 611.4633, 99.8490, 678.5810, 694.0124, 68.0642, 671.5039, 627.4080, 79.5926, 622.4757, 657.6607, 86.0205, 677.0212, 574.1289, 0.0000, 672.0973, 651.3008, 88.8076, 729.4780, 581.2507, 79.5442}
{484.7919, 817.2243, 679.3805, 166.0654, 739.4315, 579.3918, 126.0962, 879.2258, 553.6383, 134.4649, 776.4372, 656.5021, 165.6039, 917.9405, 527.7062, 44.9331, 761.4063, 707.5535, 32.1749, 805.0631, 577.2557, 92.0756, 755.6517, 642.7281, 78.7895, 760.7607, 554.5844, 131.5814, 914.1999, 551.3953, 33.4523, 825.8565, 583.0616, 99.3935, 839.6300, 669.3886, 178.7521, 873.3242, 675.9249, 161.3321, 863.6860, 614.6018, 60.4117, 874.1834, 672.0973, 0.0000, 853.8332, 608.4069, 135.5377, 825.7958, 623.2693}
{437.8996, 61.5822, 726.9451, 718.7845, 124.6323, 703.5941, 823.4719, 116.6349, 616.2219, 830.9931, 77.5195, 731.4434, 722.1490, 65.1133, 674.2427, 820.6942, 116.9081, 707.5848, 824.4942, 68.6261, 750.4257, 762.0644, 98.3294, 659.3881, 831.9548, 118.8368, 634.0127, 722.2607, 63.5948, 727.2392, 822.3231, 40.0818, 684.3918, 781.2428, 68.0246, 717.3061, 711.4476, 50.9403, 729.7523, 700.7815, 9.8537, 583.0004, 810.9642, 118.1112, 651.3008, 853.8332, 0.0000, 584.8174, 797.3225, 72.4997, 584.5063}
{242.1486, 595.7530, 151.8310, 588.9521, 473.4293, 123.7635, 671.7384, 523.6300, 61.9738, 683.7036, 536.6158, 149.9282, 593.5984, 623.6688, 119.6235, 605.8843, 470.1859, 148.5860, 578.1627, 516.2573, 171.5496, 550.5814, 524.6890, 80.3425, 645.1198, 468.0356, 71.9387, 519.2464, 642.3876, 156.0682, 578.0008, 544.7385, 103.7006, 606.0826, 622.7167, 140.2669, 593.1050, 565.5944, 153.1906, 545.5286, 591.8663, 6.4225, 607.7862, 517.9723, 88.8076, 608.4069, 584.8174, 0.0000, 655.3234, 517.0712, 14.8631}
{485.4888, 753.6751, 749.4447, 80.9686, 692.4760, 650.3124, 26.2911, 839.5056, 607.7319, 34.2987, 720.1949, 728.6260, 76.9198, 862.4027, 594.5038, 94.4565, 717.5990, 772.7495, 136.5152, 756.6390, 656.9302, 114.7002, 699.5292, 702.8367, 59.6320, 717.3446, 612.4253, 137.1493, 854.2096, 627.9796, 134.0735, 774.0509, 650.1883, 54.7291, 773.4443, 738.3855, 86.2509, 823.5925, 746.6602, 114.9415, 807.0475, 661.0555, 80.1743, 834.9560, 729.4780, 135.5377, 797.3225, 655.3234, 0.0000, 779.8972, 669.8621}
{386.5840, 114.3637, 657.1350, 699.8592, 87.4275, 637.3066, 805.7070, 69.3201, 551.1651, 814.0099, 84.0712, 662.3767, 703.5286, 108.9422, 610.4151, 795.2483, 64.7988, 636.8768, 795.4859, 27.0989, 684.5117, 734.9902, 97.8308, 590.3548, 810.1920, 65.7348, 568.8357, 694.5858, 125.3273, 662.3408, 793.4802, 37.5395, 617.8647, 759.2037, 132.3465, 647.7270, 693.6463, 52.1012, 660.0653, 677.9010, 77.2957, 514.9708, 786.5831, 67.3384, 581.2507, 825.7958, 72.4997, 517.0712, 779.8972, 0.0000, 516.0873}
{252.0644, 596.9631, 147.1246, 603.2248, 474.7400, 129.5721, 686.3647, 520.6861, 75.6199, 698.3241, 537.9307, 147.6674, 607.8753, 622.0618, 130.9359, 620.6964, 470.5715, 140.3065, 593.0200, 516.0527, 176.9729, 565.3151, 526.4828, 76.2009, 659.8763, 468.3967, 84.0540, 533.8700, 641.4048, 163.7957, 592.8558, 544.4540, 109.5632, 620.7273, 623.7845, 136.0580, 607.2876, 564.0721, 148.9489, 559.8729, 591.3790, 8.8083, 622.5627, 515.0676, 79.5442, 623.2693, 584.5063, 14.8631, 669.8621, 516.0873, 0.0000}
]
