run_id,node_uid,parent_uid,event,row_attachment_mode,theoretical_full_rows,theoretical_full_bounds,inherited_rows,inherited_bounds,exact_duplicate_rows_omitted,identical_bounds_omitted,dominance_omissions,delta_rows_attached,delta_bounds_attached,row_factory_seconds,families,aggregate_signature,status,failure_reason
stage3__moderate_seed3302__s0__1800s__dense_on,1,0,branch_bounds_only,full-inherited-pack,1421,42,0,0,0,0,0,0,41,0.0143915,direct_gini_cap|direct_gini_floor|gini_interval_bound|gini_pairwise_spread|interval_tight_mccormick_G_bit|low_gini_centering_band|objective_lower_estimator_cutoff|penalty_deviation_upper_bound|penalty_final_inventory_domain|penalty_lower_bound_closure|required_station_movement|sp_product_mccormick|sp_product_objective_estimator_paper_safe|variable_s_low_gini_centering,bd2fefa786f80746,passed,
stage3__moderate_seed3302__s0__1800s__dense_on,2,0,branch_bounds_only,full-inherited-pack,1421,42,0,0,0,0,0,0,41,0.015007899999999999,direct_gini_cap|direct_gini_floor|gini_interval_bound|gini_pairwise_spread|interval_tight_mccormick_G_bit|low_gini_centering_band|objective_lower_estimator_cutoff|penalty_deviation_upper_bound|penalty_final_inventory_domain|penalty_lower_bound_closure|required_station_movement|sp_product_mccormick|sp_product_objective_estimator_paper_safe|variable_s_low_gini_centering,cbbe33e81c958526,passed,
stage3__moderate_seed3302__s0__1800s__dense_on,1,0,deferred_first_relaxation_attach,full-inherited-pack,1421,42,0,0,0,0,0,1421,41,0.0141668,direct_gini_cap|direct_gini_floor|gini_interval_bound|gini_pairwise_spread|interval_tight_mccormick_G_bit|low_gini_centering_band|objective_lower_estimator_cutoff|penalty_deviation_upper_bound|penalty_final_inventory_domain|penalty_lower_bound_closure|required_station_movement|sp_product_mccormick|sp_product_objective_estimator_paper_safe|variable_s_low_gini_centering,bd2fefa786f80746,passed,
stage3__moderate_seed3302__s0__1800s__dense_on,3,1,branch_bounds_only,full-inherited-pack,1421,42,0,0,0,0,0,0,41,0.0154231,direct_gini_cap|direct_gini_floor|gini_interval_bound|gini_pairwise_spread|interval_tight_mccormick_G_bit|low_gini_centering_band|objective_lower_estimator_cutoff|penalty_deviation_upper_bound|penalty_final_inventory_domain|penalty_lower_bound_closure|required_station_movement|sp_product_mccormick|sp_product_objective_estimator_paper_safe|variable_s_low_gini_centering,d0211e3afbe05eef,passed,
stage3__moderate_seed3302__s0__1800s__dense_on,4,1,branch_bounds_only,full-inherited-pack,1421,42,0,0,0,0,0,0,41,0.014305099999999999,direct_gini_cap|direct_gini_floor|gini_interval_bound|gini_pairwise_spread|interval_tight_mccormick_G_bit|low_gini_centering_band|objective_lower_estimator_cutoff|penalty_deviation_upper_bound|penalty_final_inventory_domain|penalty_lower_bound_closure|required_station_movement|sp_product_mccormick|sp_product_objective_estimator_paper_safe|variable_s_low_gini_centering,5f0c1720487d2ab4,passed,
stage3__moderate_seed3302__s0__1800s__dense_on,2,0,deferred_first_relaxation_attach,full-inherited-pack,1421,42,0,0,0,0,0,1421,41,0.0144735,direct_gini_cap|direct_gini_floor|gini_interval_bound|gini_pairwise_spread|interval_tight_mccormick_G_bit|low_gini_centering_band|objective_lower_estimator_cutoff|penalty_deviation_upper_bound|penalty_final_inventory_domain|penalty_lower_bound_closure|required_station_movement|sp_product_mccormick|sp_product_objective_estimator_paper_safe|variable_s_low_gini_centering,cbbe33e81c958526,passed,
stage3__moderate_seed3302__s0__1800s__dense_on,5,2,branch_bounds_only,full-inherited-pack,1421,42,0,0,0,0,0,0,41,0.014994499999999999,direct_gini_cap|direct_gini_floor|gini_interval_bound|gini_pairwise_spread|interval_tight_mccormick_G_bit|low_gini_centering_band|objective_lower_estimator_cutoff|penalty_deviation_upper_bound|penalty_final_inventory_domain|penalty_lower_bound_closure|required_station_movement|sp_product_mccormick|sp_product_objective_estimator_paper_safe|variable_s_low_gini_centering,845865dfe411d288,passed,
stage3__moderate_seed3302__s0__1800s__dense_on,6,2,branch_bounds_only,full-inherited-pack,1423,42,0,0,0,0,0,0,41,0.014693400000000001,direct_gini_cap|direct_gini_floor|gini_interval_bound|gini_pairwise_spread|interval_tight_mccormick_G_bit|low_gini_centering_band|objective_lower_estimator_cutoff|penalty_deviation_upper_bound|penalty_final_inventory_domain|penalty_lower_bound_closure|required_station_movement|sp_product_mccormick|sp_product_objective_estimator_paper_safe|variable_s_low_gini_centering,388bcf49d0fb2ae3,passed,
stage3__moderate_seed3302__s0__1800s__dense_on,3,1,deferred_first_relaxation_attach,full-inherited-pack,1421,42,0,0,0,0,0,1421,41,0.0141786,direct_gini_cap|direct_gini_floor|gini_interval_bound|gini_pairwise_spread|interval_tight_mccormick_G_bit|low_gini_centering_band|objective_lower_estimator_cutoff|penalty_deviation_upper_bound|penalty_final_inventory_domain|penalty_lower_bound_closure|required_station_movement|sp_product_mccormick|sp_product_objective_estimator_paper_safe|variable_s_low_gini_centering,d0211e3afbe05eef,passed,
stage3__moderate_seed3302__s0__1800s__dense_on,7,3,branch_bounds_only,full-inherited-pack,1421,42,0,0,0,0,0,0,41,0.014351900000000001,direct_gini_cap|direct_gini_floor|gini_interval_bound|gini_pairwise_spread|interval_tight_mccormick_G_bit|low_gini_centering_band|objective_lower_estimator_cutoff|penalty_deviation_upper_bound|penalty_final_inventory_domain|penalty_lower_bound_closure|required_station_movement|sp_product_mccormick|sp_product_objective_estimator_paper_safe|variable_s_low_gini_centering,5b2df6ac159621b8,passed,
stage3__moderate_seed3302__s0__1800s__dense_on,8,3,branch_bounds_only,full-inherited-pack,1421,42,0,0,0,0,0,0,41,0.014183899999999999,direct_gini_cap|direct_gini_floor|gini_interval_bound|gini_pairwise_spread|interval_tight_mccormick_G_bit|low_gini_centering_band|objective_lower_estimator_cutoff|penalty_deviation_upper_bound|penalty_final_inventory_domain|penalty_lower_bound_closure|required_station_movement|sp_product_mccormick|sp_product_objective_estimator_paper_safe|variable_s_low_gini_centering,9b575d45eb17646f,passed,
stage3__moderate_seed3302__s0__1800s__dense_on,4,1,deferred_first_relaxation_attach,full-inherited-pack,1421,42,0,0,0,0,0,1421,41,0.0145547,direct_gini_cap|direct_gini_floor|gini_interval_bound|gini_pairwise_spread|interval_tight_mccormick_G_bit|low_gini_centering_band|objective_lower_estimator_cutoff|penalty_deviation_upper_bound|penalty_final_inventory_domain|penalty_lower_bound_closure|required_station_movement|sp_product_mccormick|sp_product_objective_estimator_paper_safe|variable_s_low_gini_centering,5f0c1720487d2ab4,passed,
stage3__moderate_seed3302__s0__1800s__dense_on,9,4,branch_bounds_only,full-inherited-pack,1421,42,0,0,0,0,0,0,41,0.0151945,direct_gini_cap|direct_gini_floor|gini_interval_bound|gini_pairwise_spread|interval_tight_mccormick_G_bit|low_gini_centering_band|objective_lower_estimator_cutoff|penalty_deviation_upper_bound|penalty_final_inventory_domain|penalty_lower_bound_closure|required_station_movement|sp_product_mccormick|sp_product_objective_estimator_paper_safe|variable_s_low_gini_centering,2878619e55bcfcc2,passed,
stage3__moderate_seed3302__s0__1800s__dense_on,10,4,branch_bounds_only,full-inherited-pack,1421,42,0,0,0,0,0,0,41,0.0143473,direct_gini_cap|direct_gini_floor|gini_interval_bound|gini_pairwise_spread|interval_tight_mccormick_G_bit|low_gini_centering_band|objective_lower_estimator_cutoff|penalty_deviation_upper_bound|penalty_final_inventory_domain|penalty_lower_bound_closure|required_station_movement|sp_product_mccormick|sp_product_objective_estimator_paper_safe|variable_s_low_gini_centering,846d8a4f2cb20e75,passed,
stage3__moderate_seed3302__s0__1800s__dense_on,7,3,deferred_first_relaxation_attach,full-inherited-pack,1421,42,0,0,0,0,0,1421,41,0.014255200000000001,direct_gini_cap|direct_gini_floor|gini_interval_bound|gini_pairwise_spread|interval_tight_mccormick_G_bit|low_gini_centering_band|objective_lower_estimator_cutoff|penalty_deviation_upper_bound|penalty_final_inventory_domain|penalty_lower_bound_closure|required_station_movement|sp_product_mccormick|sp_product_objective_estimator_paper_safe|variable_s_low_gini_centering,5b2df6ac159621b8,passed,
stage3__moderate_seed3302__s0__1800s__dense_on,11,7,branch_bounds_only,full-inherited-pack,1421,42,0,0,0,0,0,0,41,0.014074100000000001,direct_gini_cap|direct_gini_floor|gini_interval_bound|gini_pairwise_spread|interval_tight_mccormick_G_bit|low_gini_centering_band|objective_lower_estimator_cutoff|penalty_deviation_upper_bound|penalty_final_inventory_domain|penalty_lower_bound_closure|required_station_movement|sp_product_mccormick|sp_product_objective_estimator_paper_safe|variable_s_low_gini_centering,d311b20bebb643ce,passed,
stage3__moderate_seed3302__s0__1800s__dense_on,12,7,branch_bounds_only,full-inherited-pack,1421,42,0,0,0,0,0,0,41,0.0141601,direct_gini_cap|direct_gini_floor|gini_interval_bound|gini_pairwise_spread|interval_tight_mccormick_G_bit|low_gini_centering_band|objective_lower_estimator_cutoff|penalty_deviation_upper_bound|penalty_final_inventory_domain|penalty_lower_bound_closure|required_station_movement|sp_product_mccormick|sp_product_objective_estimator_paper_safe|variable_s_low_gini_centering,13bf27e6bd8cb0c1,passed,
stage3__moderate_seed3302__s0__1800s__dense_on,8,3,deferred_first_relaxation_attach,full-inherited-pack,1421,42,0,0,0,0,0,1421,41,0.014584,direct_gini_cap|direct_gini_floor|gini_interval_bound|gini_pairwise_spread|interval_tight_mccormick_G_bit|low_gini_centering_band|objective_lower_estimator_cutoff|penalty_deviation_upper_bound|penalty_final_inventory_domain|penalty_lower_bound_closure|required_station_movement|sp_product_mccormick|sp_product_objective_estimator_paper_safe|variable_s_low_gini_centering,9b575d45eb17646f,passed,
stage3__moderate_seed3302__s0__1800s__dense_on,13,8,branch_bounds_only,full-inherited-pack,1421,42,0,0,0,0,0,0,41,0.014476899999999999,direct_gini_cap|direct_gini_floor|gini_interval_bound|gini_pairwise_spread|interval_tight_mccormick_G_bit|low_gini_centering_band|objective_lower_estimator_cutoff|penalty_deviation_upper_bound|penalty_final_inventory_domain|penalty_lower_bound_closure|required_station_movement|sp_product_mccormick|sp_product_objective_estimator_paper_safe|variable_s_low_gini_centering,ed633020f4a22681,passed,
stage3__moderate_seed3302__s0__1800s__dense_on,14,8,branch_bounds_only,full-inherited-pack,1421,42,0,0,0,0,0,0,41,0.0144262,direct_gini_cap|direct_gini_floor|gini_interval_bound|gini_pairwise_spread|interval_tight_mccormick_G_bit|low_gini_centering_band|objective_lower_estimator_cutoff|penalty_deviation_upper_bound|penalty_final_inventory_domain|penalty_lower_bound_closure|required_station_movement|sp_product_mccormick|sp_product_objective_estimator_paper_safe|variable_s_low_gini_centering,3477aee351fca754,passed,
stage3__moderate_seed3302__s0__1800s__dense_on,13,8,deferred_first_relaxation_attach,full-inherited-pack,1421,42,0,0,0,0,0,1421,41,0.0146467,direct_gini_cap|direct_gini_floor|gini_interval_bound|gini_pairwise_spread|interval_tight_mccormick_G_bit|low_gini_centering_band|objective_lower_estimator_cutoff|penalty_deviation_upper_bound|penalty_final_inventory_domain|penalty_lower_bound_closure|required_station_movement|sp_product_mccormick|sp_product_objective_estimator_paper_safe|variable_s_low_gini_centering,ed633020f4a22681,passed,
stage3__moderate_seed3302__s0__1800s__dense_on,15,13,branch_bounds_only,full-inherited-pack,1421,42,0,0,0,0,0,0,41,0.0145924,direct_gini_cap|direct_gini_floor|gini_interval_bound|gini_pairwise_spread|interval_tight_mccormick_G_bit|low_gini_centering_band|objective_lower_estimator_cutoff|penalty_deviation_upper_bound|penalty_final_inventory_domain|penalty_lower_bound_closure|required_station_movement|sp_product_mccormick|sp_product_objective_estimator_paper_safe|variable_s_low_gini_centering,9ffa80c194ab720b,passed,
stage3__moderate_seed3302__s0__1800s__dense_on,16,13,branch_bounds_only,full-inherited-pack,1421,42,0,0,0,0,0,0,41,0.0142723,direct_gini_cap|direct_gini_floor|gini_interval_bound|gini_pairwise_spread|interval_tight_mccormick_G_bit|low_gini_centering_band|objective_lower_estimator_cutoff|penalty_deviation_upper_bound|penalty_final_inventory_domain|penalty_lower_bound_closure|required_station_movement|sp_product_mccormick|sp_product_objective_estimator_paper_safe|variable_s_low_gini_centering,637468f26aa5d90f,passed,
stage3__moderate_seed3302__s0__1800s__dense_on,14,8,deferred_first_relaxation_attach,full-inherited-pack,1421,42,0,0,0,0,0,1421,41,0.0151495,direct_gini_cap|direct_gini_floor|gini_interval_bound|gini_pairwise_spread|interval_tight_mccormick_G_bit|low_gini_centering_band|objective_lower_estimator_cutoff|penalty_deviation_upper_bound|penalty_final_inventory_domain|penalty_lower_bound_closure|required_station_movement|sp_product_mccormick|sp_product_objective_estimator_paper_safe|variable_s_low_gini_centering,3477aee351fca754,passed,
stage3__moderate_seed3302__s0__1800s__dense_on,17,14,branch_bounds_only,full-inherited-pack,1421,42,0,0,0,0,0,0,41,0.0145796,direct_gini_cap|direct_gini_floor|gini_interval_bound|gini_pairwise_spread|interval_tight_mccormick_G_bit|low_gini_centering_band|objective_lower_estimator_cutoff|penalty_deviation_upper_bound|penalty_final_inventory_domain|penalty_lower_bound_closure|required_station_movement|sp_product_mccormick|sp_product_objective_estimator_paper_safe|variable_s_low_gini_centering,77f1b9134e56d334,passed,
stage3__moderate_seed3302__s0__1800s__dense_on,18,14,branch_bounds_only,full-inherited-pack,1421,42,0,0,0,0,0,0,41,0.014553099999999999,direct_gini_cap|direct_gini_floor|gini_interval_bound|gini_pairwise_spread|interval_tight_mccormick_G_bit|low_gini_centering_band|objective_lower_estimator_cutoff|penalty_deviation_upper_bound|penalty_final_inventory_domain|penalty_lower_bound_closure|required_station_movement|sp_product_mccormick|sp_product_objective_estimator_paper_safe|variable_s_low_gini_centering,a3159d747bb82e93,passed,
stage3__moderate_seed3302__s0__1800s__dense_on,15,13,deferred_first_relaxation_attach,full-inherited-pack,1421,42,0,0,0,0,0,1421,41,0.014687499999999999,direct_gini_cap|direct_gini_floor|gini_interval_bound|gini_pairwise_spread|interval_tight_mccormick_G_bit|low_gini_centering_band|objective_lower_estimator_cutoff|penalty_deviation_upper_bound|penalty_final_inventory_domain|penalty_lower_bound_closure|required_station_movement|sp_product_mccormick|sp_product_objective_estimator_paper_safe|variable_s_low_gini_centering,9ffa80c194ab720b,passed,
stage3__moderate_seed3302__s0__1800s__dense_on,19,15,branch_bounds_only,full-inherited-pack,1421,42,0,0,0,0,0,0,41,0.014173,direct_gini_cap|direct_gini_floor|gini_interval_bound|gini_pairwise_spread|interval_tight_mccormick_G_bit|low_gini_centering_band|objective_lower_estimator_cutoff|penalty_deviation_upper_bound|penalty_final_inventory_domain|penalty_lower_bound_closure|required_station_movement|sp_product_mccormick|sp_product_objective_estimator_paper_safe|variable_s_low_gini_centering,f31290cb8d1bcbfc,passed,
stage3__moderate_seed3302__s0__1800s__dense_on,20,15,branch_bounds_only,full-inherited-pack,1421,42,0,0,0,0,0,0,41,0.014314,direct_gini_cap|direct_gini_floor|gini_interval_bound|gini_pairwise_spread|interval_tight_mccormick_G_bit|low_gini_centering_band|objective_lower_estimator_cutoff|penalty_deviation_upper_bound|penalty_final_inventory_domain|penalty_lower_bound_closure|required_station_movement|sp_product_mccormick|sp_product_objective_estimator_paper_safe|variable_s_low_gini_centering,826c086e1284128d,passed,
stage3__moderate_seed3302__s0__1800s__dense_on,16,13,deferred_first_relaxation_attach,full-inherited-pack,1421,42,0,0,0,0,0,1421,41,0.0147376,direct_gini_cap|direct_gini_floor|gini_interval_bound|gini_pairwise_spread|interval_tight_mccormick_G_bit|low_gini_centering_band|objective_lower_estimator_cutoff|penalty_deviation_upper_bound|penalty_final_inventory_domain|penalty_lower_bound_closure|required_station_movement|sp_product_mccormick|sp_product_objective_estimator_paper_safe|variable_s_low_gini_centering,637468f26aa5d90f,passed,
stage3__moderate_seed3302__s0__1800s__dense_on,21,16,branch_bounds_only,full-inherited-pack,1421,42,0,0,0,0,0,0,41,0.014452599999999999,direct_gini_cap|direct_gini_floor|gini_interval_bound|gini_pairwise_spread|interval_tight_mccormick_G_bit|low_gini_centering_band|objective_lower_estimator_cutoff|penalty_deviation_upper_bound|penalty_final_inventory_domain|penalty_lower_bound_closure|required_station_movement|sp_product_mccormick|sp_product_objective_estimator_paper_safe|variable_s_low_gini_centering,dfc1a0559377a8d1,passed,
stage3__moderate_seed3302__s0__1800s__dense_on,22,16,branch_bounds_only,full-inherited-pack,1421,42,0,0,0,0,0,0,41,0.0146301,direct_gini_cap|direct_gini_floor|gini_interval_bound|gini_pairwise_spread|interval_tight_mccormick_G_bit|low_gini_centering_band|objective_lower_estimator_cutoff|penalty_deviation_upper_bound|penalty_final_inventory_domain|penalty_lower_bound_closure|required_station_movement|sp_product_mccormick|sp_product_objective_estimator_paper_safe|variable_s_low_gini_centering,f259c9ea2213edff,passed,
stage3__moderate_seed3302__s0__1800s__dense_on,19,15,deferred_first_relaxation_attach,full-inherited-pack,1421,42,0,0,0,0,0,1421,41,0.014914699999999999,direct_gini_cap|direct_gini_floor|gini_interval_bound|gini_pairwise_spread|interval_tight_mccormick_G_bit|low_gini_centering_band|objective_lower_estimator_cutoff|penalty_deviation_upper_bound|penalty_final_inventory_domain|penalty_lower_bound_closure|required_station_movement|sp_product_mccormick|sp_product_objective_estimator_paper_safe|variable_s_low_gini_centering,f31290cb8d1bcbfc,passed,
stage3__moderate_seed3302__s0__1800s__dense_on,23,19,branch_bounds_only,full-inherited-pack,1421,42,0,0,0,0,0,0,41,0.0144137,direct_gini_cap|direct_gini_floor|gini_interval_bound|gini_pairwise_spread|interval_tight_mccormick_G_bit|low_gini_centering_band|objective_lower_estimator_cutoff|penalty_deviation_upper_bound|penalty_final_inventory_domain|penalty_lower_bound_closure|required_station_movement|sp_product_mccormick|sp_product_objective_estimator_paper_safe|variable_s_low_gini_centering,b26f6ced6953e7a2,passed,
stage3__moderate_seed3302__s0__1800s__dense_on,24,19,branch_bounds_only,full-inherited-pack,1421,42,0,0,0,0,0,0,41,0.014263100000000001,direct_gini_cap|direct_gini_floor|gini_interval_bound|gini_pairwise_spread|interval_tight_mccormick_G_bit|low_gini_centering_band|objective_lower_estimator_cutoff|penalty_deviation_upper_bound|penalty_final_inventory_domain|penalty_lower_bound_closure|required_station_movement|sp_product_mccormick|sp_product_objective_estimator_paper_safe|variable_s_low_gini_centering,d047a19c82a17e54,passed,
stage3__moderate_seed3302__s0__1800s__dense_on,20,15,deferred_first_relaxation_attach,full-inherited-pack,1421,42,0,0,0,0,0,1421,41,0.0146797,direct_gini_cap|direct_gini_floor|gini_interval_bound|gini_pairwise_spread|interval_tight_mccormick_G_bit|low_gini_centering_band|objective_lower_estimator_cutoff|penalty_deviation_upper_bound|penalty_final_inventory_domain|penalty_lower_bound_closure|required_station_movement|sp_product_mccormick|sp_product_objective_estimator_paper_safe|variable_s_low_gini_centering,826c086e1284128d,passed,
stage3__moderate_seed3302__s0__1800s__dense_on,25,20,branch_bounds_only,full-inherited-pack,1421,42,0,0,0,0,0,0,41,0.0142556,direct_gini_cap|direct_gini_floor|gini_interval_bound|gini_pairwise_spread|interval_tight_mccormick_G_bit|low_gini_centering_band|objective_lower_estimator_cutoff|penalty_deviation_upper_bound|penalty_final_inventory_domain|penalty_lower_bound_closure|required_station_movement|sp_product_mccormick|sp_product_objective_estimator_paper_safe|variable_s_low_gini_centering,8ba3f69a94fb4bf9,passed,
stage3__moderate_seed3302__s0__1800s__dense_on,26,20,branch_bounds_only,full-inherited-pack,1421,42,0,0,0,0,0,0,41,0.015061,direct_gini_cap|direct_gini_floor|gini_interval_bound|gini_pairwise_spread|interval_tight_mccormick_G_bit|low_gini_centering_band|objective_lower_estimator_cutoff|penalty_deviation_upper_bound|penalty_final_inventory_domain|penalty_lower_bound_closure|required_station_movement|sp_product_mccormick|sp_product_objective_estimator_paper_safe|variable_s_low_gini_centering,9a7115fe32956bad,passed,
stage3__moderate_seed3302__s0__1800s__dense_on,25,20,deferred_first_relaxation_attach,full-inherited-pack,1421,42,0,0,0,0,0,1421,41,0.0143784,direct_gini_cap|direct_gini_floor|gini_interval_bound|gini_pairwise_spread|interval_tight_mccormick_G_bit|low_gini_centering_band|objective_lower_estimator_cutoff|penalty_deviation_upper_bound|penalty_final_inventory_domain|penalty_lower_bound_closure|required_station_movement|sp_product_mccormick|sp_product_objective_estimator_paper_safe|variable_s_low_gini_centering,8ba3f69a94fb4bf9,passed,
stage3__moderate_seed3302__s0__1800s__dense_on,27,25,branch_bounds_only,full-inherited-pack,1421,42,0,0,0,0,0,0,41,0.0147177,direct_gini_cap|direct_gini_floor|gini_interval_bound|gini_pairwise_spread|interval_tight_mccormick_G_bit|low_gini_centering_band|objective_lower_estimator_cutoff|penalty_deviation_upper_bound|penalty_final_inventory_domain|penalty_lower_bound_closure|required_station_movement|sp_product_mccormick|sp_product_objective_estimator_paper_safe|variable_s_low_gini_centering,70846cd697c12686,passed,
stage3__moderate_seed3302__s0__1800s__dense_on,28,25,branch_bounds_only,full-inherited-pack,1421,42,0,0,0,0,0,0,41,0.0147923,direct_gini_cap|direct_gini_floor|gini_interval_bound|gini_pairwise_spread|interval_tight_mccormick_G_bit|low_gini_centering_band|objective_lower_estimator_cutoff|penalty_deviation_upper_bound|penalty_final_inventory_domain|penalty_lower_bound_closure|required_station_movement|sp_product_mccormick|sp_product_objective_estimator_paper_safe|variable_s_low_gini_centering,f80739d66c787f09,passed,
stage3__moderate_seed3302__s0__1800s__dense_on,26,20,deferred_first_relaxation_attach,full-inherited-pack,1421,42,0,0,0,0,0,1421,41,0.0147353,direct_gini_cap|direct_gini_floor|gini_interval_bound|gini_pairwise_spread|interval_tight_mccormick_G_bit|low_gini_centering_band|objective_lower_estimator_cutoff|penalty_deviation_upper_bound|penalty_final_inventory_domain|penalty_lower_bound_closure|required_station_movement|sp_product_mccormick|sp_product_objective_estimator_paper_safe|variable_s_low_gini_centering,9a7115fe32956bad,passed,
stage3__moderate_seed3302__s0__1800s__dense_on,29,26,branch_bounds_only,full-inherited-pack,1421,42,0,0,0,0,0,0,41,0.0143251,direct_gini_cap|direct_gini_floor|gini_interval_bound|gini_pairwise_spread|interval_tight_mccormick_G_bit|low_gini_centering_band|objective_lower_estimator_cutoff|penalty_deviation_upper_bound|penalty_final_inventory_domain|penalty_lower_bound_closure|required_station_movement|sp_product_mccormick|sp_product_objective_estimator_paper_safe|variable_s_low_gini_centering,e007e1b59b13e56c,passed,
stage3__moderate_seed3302__s0__1800s__dense_on,30,26,branch_bounds_only,full-inherited-pack,1421,42,0,0,0,0,0,0,41,0.014323199999999999,direct_gini_cap|direct_gini_floor|gini_interval_bound|gini_pairwise_spread|interval_tight_mccormick_G_bit|low_gini_centering_band|objective_lower_estimator_cutoff|penalty_deviation_upper_bound|penalty_final_inventory_domain|penalty_lower_bound_closure|required_station_movement|sp_product_mccormick|sp_product_objective_estimator_paper_safe|variable_s_low_gini_centering,b4a4caa65332dd69,passed,
stage3__moderate_seed3302__s0__1800s__dense_on,29,26,deferred_first_relaxation_attach,full-inherited-pack,1421,42,0,0,0,0,0,1421,41,0.014608700000000001,direct_gini_cap|direct_gini_floor|gini_interval_bound|gini_pairwise_spread|interval_tight_mccormick_G_bit|low_gini_centering_band|objective_lower_estimator_cutoff|penalty_deviation_upper_bound|penalty_final_inventory_domain|penalty_lower_bound_closure|required_station_movement|sp_product_mccormick|sp_product_objective_estimator_paper_safe|variable_s_low_gini_centering,e007e1b59b13e56c,passed,
stage3__moderate_seed3302__s0__1800s__dense_on,31,29,branch_bounds_only,full-inherited-pack,1421,42,0,0,0,0,0,0,41,0.0146205,direct_gini_cap|direct_gini_floor|gini_interval_bound|gini_pairwise_spread|interval_tight_mccormick_G_bit|low_gini_centering_band|objective_lower_estimator_cutoff|penalty_deviation_upper_bound|penalty_final_inventory_domain|penalty_lower_bound_closure|required_station_movement|sp_product_mccormick|sp_product_objective_estimator_paper_safe|variable_s_low_gini_centering,e7c9dd79c40fbdbb,passed,
stage3__moderate_seed3302__s0__1800s__dense_on,32,29,branch_bounds_only,full-inherited-pack,1421,42,0,0,0,0,0,0,41,0.014293500000000001,direct_gini_cap|direct_gini_floor|gini_interval_bound|gini_pairwise_spread|interval_tight_mccormick_G_bit|low_gini_centering_band|objective_lower_estimator_cutoff|penalty_deviation_upper_bound|penalty_final_inventory_domain|penalty_lower_bound_closure|required_station_movement|sp_product_mccormick|sp_product_objective_estimator_paper_safe|variable_s_low_gini_centering,c6676b90c4d87a0f,passed,
stage3__moderate_seed3302__s0__1800s__dense_on,30,26,deferred_first_relaxation_attach,full-inherited-pack,1421,42,0,0,0,0,0,1421,41,0.014943400000000001,direct_gini_cap|direct_gini_floor|gini_interval_bound|gini_pairwise_spread|interval_tight_mccormick_G_bit|low_gini_centering_band|objective_lower_estimator_cutoff|penalty_deviation_upper_bound|penalty_final_inventory_domain|penalty_lower_bound_closure|required_station_movement|sp_product_mccormick|sp_product_objective_estimator_paper_safe|variable_s_low_gini_centering,b4a4caa65332dd69,passed,
stage3__moderate_seed3302__s0__1800s__dense_on,33,30,branch_bounds_only,full-inherited-pack,1421,42,0,0,0,0,0,0,41,0.014319999999999999,direct_gini_cap|direct_gini_floor|gini_interval_bound|gini_pairwise_spread|interval_tight_mccormick_G_bit|low_gini_centering_band|objective_lower_estimator_cutoff|penalty_deviation_upper_bound|penalty_final_inventory_domain|penalty_lower_bound_closure|required_station_movement|sp_product_mccormick|sp_product_objective_estimator_paper_safe|variable_s_low_gini_centering,17528a9dd6f7986a,passed,
stage3__moderate_seed3302__s0__1800s__dense_on,34,30,branch_bounds_only,full-inherited-pack,1421,42,0,0,0,0,0,0,41,0.014806700000000001,direct_gini_cap|direct_gini_floor|gini_interval_bound|gini_pairwise_spread|interval_tight_mccormick_G_bit|low_gini_centering_band|objective_lower_estimator_cutoff|penalty_deviation_upper_bound|penalty_final_inventory_domain|penalty_lower_bound_closure|required_station_movement|sp_product_mccormick|sp_product_objective_estimator_paper_safe|variable_s_low_gini_centering,a5ff1f1b4e9760aa,passed,
stage3__moderate_seed3302__s0__1800s__dense_on,33,30,deferred_first_relaxation_attach,full-inherited-pack,1421,42,0,0,0,0,0,1421,41,0.0150562,direct_gini_cap|direct_gini_floor|gini_interval_bound|gini_pairwise_spread|interval_tight_mccormick_G_bit|low_gini_centering_band|objective_lower_estimator_cutoff|penalty_deviation_upper_bound|penalty_final_inventory_domain|penalty_lower_bound_closure|required_station_movement|sp_product_mccormick|sp_product_objective_estimator_paper_safe|variable_s_low_gini_centering,17528a9dd6f7986a,passed,
stage3__moderate_seed3302__s0__1800s__dense_on,35,33,branch_bounds_only,full-inherited-pack,1421,42,0,0,0,0,0,0,41,0.0149476,direct_gini_cap|direct_gini_floor|gini_interval_bound|gini_pairwise_spread|interval_tight_mccormick_G_bit|low_gini_centering_band|objective_lower_estimator_cutoff|penalty_deviation_upper_bound|penalty_final_inventory_domain|penalty_lower_bound_closure|required_station_movement|sp_product_mccormick|sp_product_objective_estimator_paper_safe|variable_s_low_gini_centering,323b218ea3da88e8,passed,
stage3__moderate_seed3302__s0__1800s__dense_on,36,33,branch_bounds_only,full-inherited-pack,1421,42,0,0,0,0,0,0,41,0.014308,direct_gini_cap|direct_gini_floor|gini_interval_bound|gini_pairwise_spread|interval_tight_mccormick_G_bit|low_gini_centering_band|objective_lower_estimator_cutoff|penalty_deviation_upper_bound|penalty_final_inventory_domain|penalty_lower_bound_closure|required_station_movement|sp_product_mccormick|sp_product_objective_estimator_paper_safe|variable_s_low_gini_centering,84e5dbb59c539f79,passed,
stage3__moderate_seed3302__s0__1800s__dense_on,35,33,deferred_first_relaxation_attach,full-inherited-pack,1421,42,0,0,0,0,0,1421,41,0.0144359,direct_gini_cap|direct_gini_floor|gini_interval_bound|gini_pairwise_spread|interval_tight_mccormick_G_bit|low_gini_centering_band|objective_lower_estimator_cutoff|penalty_deviation_upper_bound|penalty_final_inventory_domain|penalty_lower_bound_closure|required_station_movement|sp_product_mccormick|sp_product_objective_estimator_paper_safe|variable_s_low_gini_centering,323b218ea3da88e8,passed,
stage3__moderate_seed3302__s0__1800s__dense_on,36,33,deferred_first_relaxation_attach,full-inherited-pack,1421,42,0,0,0,0,0,1421,41,0.0152966,direct_gini_cap|direct_gini_floor|gini_interval_bound|gini_pairwise_spread|interval_tight_mccormick_G_bit|low_gini_centering_band|objective_lower_estimator_cutoff|penalty_deviation_upper_bound|penalty_final_inventory_domain|penalty_lower_bound_closure|required_station_movement|sp_product_mccormick|sp_product_objective_estimator_paper_safe|variable_s_low_gini_centering,84e5dbb59c539f79,passed,
stage3__moderate_seed3302__s0__1800s__dense_on,12,7,deferred_first_relaxation_attach,full-inherited-pack,1421,42,0,0,0,0,0,1421,41,0.014710300000000001,direct_gini_cap|direct_gini_floor|gini_interval_bound|gini_pairwise_spread|interval_tight_mccormick_G_bit|low_gini_centering_band|objective_lower_estimator_cutoff|penalty_deviation_upper_bound|penalty_final_inventory_domain|penalty_lower_bound_closure|required_station_movement|sp_product_mccormick|sp_product_objective_estimator_paper_safe|variable_s_low_gini_centering,13bf27e6bd8cb0c1,passed,
stage3__moderate_seed3302__s0__1800s__dense_on,181,12,branch_bounds_only,full-inherited-pack,1421,42,0,0,0,0,0,0,41,0.0144625,direct_gini_cap|direct_gini_floor|gini_interval_bound|gini_pairwise_spread|interval_tight_mccormick_G_bit|low_gini_centering_band|objective_lower_estimator_cutoff|penalty_deviation_upper_bound|penalty_final_inventory_domain|penalty_lower_bound_closure|required_station_movement|sp_product_mccormick|sp_product_objective_estimator_paper_safe|variable_s_low_gini_centering,bd9c61cfaa12af26,passed,
stage3__moderate_seed3302__s0__1800s__dense_on,182,12,branch_bounds_only,full-inherited-pack,1421,42,0,0,0,0,0,0,41,0.014193300000000001,direct_gini_cap|direct_gini_floor|gini_interval_bound|gini_pairwise_spread|interval_tight_mccormick_G_bit|low_gini_centering_band|objective_lower_estimator_cutoff|penalty_deviation_upper_bound|penalty_final_inventory_domain|penalty_lower_bound_closure|required_station_movement|sp_product_mccormick|sp_product_objective_estimator_paper_safe|variable_s_low_gini_centering,306917d55ac8c2cc,passed,
stage3__moderate_seed3302__s0__1800s__dense_on,181,12,deferred_first_relaxation_attach,full-inherited-pack,1421,42,0,0,0,0,0,1421,41,0.014298999999999999,direct_gini_cap|direct_gini_floor|gini_interval_bound|gini_pairwise_spread|interval_tight_mccormick_G_bit|low_gini_centering_band|objective_lower_estimator_cutoff|penalty_deviation_upper_bound|penalty_final_inventory_domain|penalty_lower_bound_closure|required_station_movement|sp_product_mccormick|sp_product_objective_estimator_paper_safe|variable_s_low_gini_centering,bd9c61cfaa12af26,passed,
stage3__moderate_seed3302__s0__1800s__dense_on,183,181,branch_bounds_only,full-inherited-pack,1421,42,0,0,0,0,0,0,41,0.016533900000000001,direct_gini_cap|direct_gini_floor|gini_interval_bound|gini_pairwise_spread|interval_tight_mccormick_G_bit|low_gini_centering_band|objective_lower_estimator_cutoff|penalty_deviation_upper_bound|penalty_final_inventory_domain|penalty_lower_bound_closure|required_station_movement|sp_product_mccormick|sp_product_objective_estimator_paper_safe|variable_s_low_gini_centering,6704eb1947ae4bf9,passed,
stage3__moderate_seed3302__s0__1800s__dense_on,184,181,branch_bounds_only,full-inherited-pack,1421,42,0,0,0,0,0,0,41,0.019232900000000001,direct_gini_cap|direct_gini_floor|gini_interval_bound|gini_pairwise_spread|interval_tight_mccormick_G_bit|low_gini_centering_band|objective_lower_estimator_cutoff|penalty_deviation_upper_bound|penalty_final_inventory_domain|penalty_lower_bound_closure|required_station_movement|sp_product_mccormick|sp_product_objective_estimator_paper_safe|variable_s_low_gini_centering,07e0148c851f8abb,passed,
stage3__moderate_seed3302__s0__1800s__dense_on,182,12,deferred_first_relaxation_attach,full-inherited-pack,1421,42,0,0,0,0,0,1421,41,0.019171899999999999,direct_gini_cap|direct_gini_floor|gini_interval_bound|gini_pairwise_spread|interval_tight_mccormick_G_bit|low_gini_centering_band|objective_lower_estimator_cutoff|penalty_deviation_upper_bound|penalty_final_inventory_domain|penalty_lower_bound_closure|required_station_movement|sp_product_mccormick|sp_product_objective_estimator_paper_safe|variable_s_low_gini_centering,306917d55ac8c2cc,passed,
stage3__moderate_seed3302__s0__1800s__dense_on,185,182,branch_bounds_only,full-inherited-pack,1421,42,0,0,0,0,0,0,41,0.0148582,direct_gini_cap|direct_gini_floor|gini_interval_bound|gini_pairwise_spread|interval_tight_mccormick_G_bit|low_gini_centering_band|objective_lower_estimator_cutoff|penalty_deviation_upper_bound|penalty_final_inventory_domain|penalty_lower_bound_closure|required_station_movement|sp_product_mccormick|sp_product_objective_estimator_paper_safe|variable_s_low_gini_centering,a34c44cca3fb49bf,passed,
stage3__moderate_seed3302__s0__1800s__dense_on,186,182,branch_bounds_only,full-inherited-pack,1421,42,0,0,0,0,0,0,41,0.0144875,direct_gini_cap|direct_gini_floor|gini_interval_bound|gini_pairwise_spread|interval_tight_mccormick_G_bit|low_gini_centering_band|objective_lower_estimator_cutoff|penalty_deviation_upper_bound|penalty_final_inventory_domain|penalty_lower_bound_closure|required_station_movement|sp_product_mccormick|sp_product_objective_estimator_paper_safe|variable_s_low_gini_centering,f83271b11274e511,passed,
stage3__moderate_seed3302__s0__1800s__dense_on,185,182,deferred_first_relaxation_attach,full-inherited-pack,1421,42,0,0,0,0,0,1421,41,0.014583199999999999,direct_gini_cap|direct_gini_floor|gini_interval_bound|gini_pairwise_spread|interval_tight_mccormick_G_bit|low_gini_centering_band|objective_lower_estimator_cutoff|penalty_deviation_upper_bound|penalty_final_inventory_domain|penalty_lower_bound_closure|required_station_movement|sp_product_mccormick|sp_product_objective_estimator_paper_safe|variable_s_low_gini_centering,a34c44cca3fb49bf,passed,
stage3__moderate_seed3302__s0__1800s__dense_on,187,185,branch_bounds_only,full-inherited-pack,1421,42,0,0,0,0,0,0,41,0.0149371,direct_gini_cap|direct_gini_floor|gini_interval_bound|gini_pairwise_spread|interval_tight_mccormick_G_bit|low_gini_centering_band|objective_lower_estimator_cutoff|penalty_deviation_upper_bound|penalty_final_inventory_domain|penalty_lower_bound_closure|required_station_movement|sp_product_mccormick|sp_product_objective_estimator_paper_safe|variable_s_low_gini_centering,91c18e405c9fae87,passed,
stage3__moderate_seed3302__s0__1800s__dense_on,188,185,branch_bounds_only,full-inherited-pack,1421,42,0,0,0,0,0,0,41,0.014369,direct_gini_cap|direct_gini_floor|gini_interval_bound|gini_pairwise_spread|interval_tight_mccormick_G_bit|low_gini_centering_band|objective_lower_estimator_cutoff|penalty_deviation_upper_bound|penalty_final_inventory_domain|penalty_lower_bound_closure|required_station_movement|sp_product_mccormick|sp_product_objective_estimator_paper_safe|variable_s_low_gini_centering,47b43b0193ec7cf7,passed,
stage3__moderate_seed3302__s0__1800s__dense_on,186,182,deferred_first_relaxation_attach,full-inherited-pack,1421,42,0,0,0,0,0,1421,41,0.015333599999999999,direct_gini_cap|direct_gini_floor|gini_interval_bound|gini_pairwise_spread|interval_tight_mccormick_G_bit|low_gini_centering_band|objective_lower_estimator_cutoff|penalty_deviation_upper_bound|penalty_final_inventory_domain|penalty_lower_bound_closure|required_station_movement|sp_product_mccormick|sp_product_objective_estimator_paper_safe|variable_s_low_gini_centering,f83271b11274e511,passed,
stage3__moderate_seed3302__s0__1800s__dense_on,189,186,branch_bounds_only,full-inherited-pack,1421,42,0,0,0,0,0,0,41,0.014351900000000001,direct_gini_cap|direct_gini_floor|gini_interval_bound|gini_pairwise_spread|interval_tight_mccormick_G_bit|low_gini_centering_band|objective_lower_estimator_cutoff|penalty_deviation_upper_bound|penalty_final_inventory_domain|penalty_lower_bound_closure|required_station_movement|sp_product_mccormick|sp_product_objective_estimator_paper_safe|variable_s_low_gini_centering,2fa9c1b26e869f4d,passed,
stage3__moderate_seed3302__s0__1800s__dense_on,190,186,branch_bounds_only,full-inherited-pack,1421,42,0,0,0,0,0,0,41,0.0141756,direct_gini_cap|direct_gini_floor|gini_interval_bound|gini_pairwise_spread|interval_tight_mccormick_G_bit|low_gini_centering_band|objective_lower_estimator_cutoff|penalty_deviation_upper_bound|penalty_final_inventory_domain|penalty_lower_bound_closure|required_station_movement|sp_product_mccormick|sp_product_objective_estimator_paper_safe|variable_s_low_gini_centering,2fe97d21eef0b20b,passed,
stage3__moderate_seed3302__s0__1800s__dense_on,189,186,deferred_first_relaxation_attach,full-inherited-pack,1421,42,0,0,0,0,0,1421,41,0.0145793,direct_gini_cap|direct_gini_floor|gini_interval_bound|gini_pairwise_spread|interval_tight_mccormick_G_bit|low_gini_centering_band|objective_lower_estimator_cutoff|penalty_deviation_upper_bound|penalty_final_inventory_domain|penalty_lower_bound_closure|required_station_movement|sp_product_mccormick|sp_product_objective_estimator_paper_safe|variable_s_low_gini_centering,2fa9c1b26e869f4d,passed,
stage3__moderate_seed3302__s0__1800s__dense_on,191,189,branch_bounds_only,full-inherited-pack,1421,42,0,0,0,0,0,0,41,0.0155327,direct_gini_cap|direct_gini_floor|gini_interval_bound|gini_pairwise_spread|interval_tight_mccormick_G_bit|low_gini_centering_band|objective_lower_estimator_cutoff|penalty_deviation_upper_bound|penalty_final_inventory_domain|penalty_lower_bound_closure|required_station_movement|sp_product_mccormick|sp_product_objective_estimator_paper_safe|variable_s_low_gini_centering,afb6900b55c3cff6,passed,
stage3__moderate_seed3302__s0__1800s__dense_on,192,189,branch_bounds_only,full-inherited-pack,1421,42,0,0,0,0,0,0,41,0.014535299999999999,direct_gini_cap|direct_gini_floor|gini_interval_bound|gini_pairwise_spread|interval_tight_mccormick_G_bit|low_gini_centering_band|objective_lower_estimator_cutoff|penalty_deviation_upper_bound|penalty_final_inventory_domain|penalty_lower_bound_closure|required_station_movement|sp_product_mccormick|sp_product_objective_estimator_paper_safe|variable_s_low_gini_centering,888146f891ac9dd9,passed,
stage3__moderate_seed3302__s0__1800s__dense_on,190,186,deferred_first_relaxation_attach,full-inherited-pack,1421,42,0,0,0,0,0,1421,41,0.0145968,direct_gini_cap|direct_gini_floor|gini_interval_bound|gini_pairwise_spread|interval_tight_mccormick_G_bit|low_gini_centering_band|objective_lower_estimator_cutoff|penalty_deviation_upper_bound|penalty_final_inventory_domain|penalty_lower_bound_closure|required_station_movement|sp_product_mccormick|sp_product_objective_estimator_paper_safe|variable_s_low_gini_centering,2fe97d21eef0b20b,passed,
stage3__moderate_seed3302__s0__1800s__dense_on,193,190,branch_bounds_only,full-inherited-pack,1421,42,0,0,0,0,0,0,41,0.0146214,direct_gini_cap|direct_gini_floor|gini_interval_bound|gini_pairwise_spread|interval_tight_mccormick_G_bit|low_gini_centering_band|objective_lower_estimator_cutoff|penalty_deviation_upper_bound|penalty_final_inventory_domain|penalty_lower_bound_closure|required_station_movement|sp_product_mccormick|sp_product_objective_estimator_paper_safe|variable_s_low_gini_centering,762f4d85f5c5f64b,passed,
stage3__moderate_seed3302__s0__1800s__dense_on,194,190,branch_bounds_only,full-inherited-pack,1421,42,0,0,0,0,0,0,41,0.0143176,direct_gini_cap|direct_gini_floor|gini_interval_bound|gini_pairwise_spread|interval_tight_mccormick_G_bit|low_gini_centering_band|objective_lower_estimator_cutoff|penalty_deviation_upper_bound|penalty_final_inventory_domain|penalty_lower_bound_closure|required_station_movement|sp_product_mccormick|sp_product_objective_estimator_paper_safe|variable_s_low_gini_centering,bd64b54922cdf9ca,passed,
stage3__moderate_seed3302__s0__1800s__dense_on,193,190,deferred_first_relaxation_attach,full-inherited-pack,1421,42,0,0,0,0,0,1421,41,0.0145089,direct_gini_cap|direct_gini_floor|gini_interval_bound|gini_pairwise_spread|interval_tight_mccormick_G_bit|low_gini_centering_band|objective_lower_estimator_cutoff|penalty_deviation_upper_bound|penalty_final_inventory_domain|penalty_lower_bound_closure|required_station_movement|sp_product_mccormick|sp_product_objective_estimator_paper_safe|variable_s_low_gini_centering,762f4d85f5c5f64b,passed,
stage3__moderate_seed3302__s0__1800s__dense_on,195,193,branch_bounds_only,full-inherited-pack,1421,42,0,0,0,0,0,0,41,0.0145565,direct_gini_cap|direct_gini_floor|gini_interval_bound|gini_pairwise_spread|interval_tight_mccormick_G_bit|low_gini_centering_band|objective_lower_estimator_cutoff|penalty_deviation_upper_bound|penalty_final_inventory_domain|penalty_lower_bound_closure|required_station_movement|sp_product_mccormick|sp_product_objective_estimator_paper_safe|variable_s_low_gini_centering,f9feb5095514b3bb,passed,
stage3__moderate_seed3302__s0__1800s__dense_on,196,193,branch_bounds_only,full-inherited-pack,1421,42,0,0,0,0,0,0,41,0.0145544,direct_gini_cap|direct_gini_floor|gini_interval_bound|gini_pairwise_spread|interval_tight_mccormick_G_bit|low_gini_centering_band|objective_lower_estimator_cutoff|penalty_deviation_upper_bound|penalty_final_inventory_domain|penalty_lower_bound_closure|required_station_movement|sp_product_mccormick|sp_product_objective_estimator_paper_safe|variable_s_low_gini_centering,a8cb3904494936f9,passed,
stage3__moderate_seed3302__s0__1800s__dense_on,195,193,deferred_first_relaxation_attach,full-inherited-pack,1421,42,0,0,0,0,0,1421,41,0.014903,direct_gini_cap|direct_gini_floor|gini_interval_bound|gini_pairwise_spread|interval_tight_mccormick_G_bit|low_gini_centering_band|objective_lower_estimator_cutoff|penalty_deviation_upper_bound|penalty_final_inventory_domain|penalty_lower_bound_closure|required_station_movement|sp_product_mccormick|sp_product_objective_estimator_paper_safe|variable_s_low_gini_centering,f9feb5095514b3bb,passed,
stage3__moderate_seed3302__s0__1800s__dense_on,197,195,branch_bounds_only,full-inherited-pack,1421,42,0,0,0,0,0,0,41,0.0143386,direct_gini_cap|direct_gini_floor|gini_interval_bound|gini_pairwise_spread|interval_tight_mccormick_G_bit|low_gini_centering_band|objective_lower_estimator_cutoff|penalty_deviation_upper_bound|penalty_final_inventory_domain|penalty_lower_bound_closure|required_station_movement|sp_product_mccormick|sp_product_objective_estimator_paper_safe|variable_s_low_gini_centering,2a3f8dc592a8cd6d,passed,
stage3__moderate_seed3302__s0__1800s__dense_on,198,195,branch_bounds_only,full-inherited-pack,1421,42,0,0,0,0,0,0,41,0.015027799999999999,direct_gini_cap|direct_gini_floor|gini_interval_bound|gini_pairwise_spread|interval_tight_mccormick_G_bit|low_gini_centering_band|objective_lower_estimator_cutoff|penalty_deviation_upper_bound|penalty_final_inventory_domain|penalty_lower_bound_closure|required_station_movement|sp_product_mccormick|sp_product_objective_estimator_paper_safe|variable_s_low_gini_centering,ce1997fab452ce35,passed,
stage3__moderate_seed3302__s0__1800s__dense_on,196,193,deferred_first_relaxation_attach,full-inherited-pack,1421,42,0,0,0,0,0,1421,41,0.014510199999999999,direct_gini_cap|direct_gini_floor|gini_interval_bound|gini_pairwise_spread|interval_tight_mccormick_G_bit|low_gini_centering_band|objective_lower_estimator_cutoff|penalty_deviation_upper_bound|penalty_final_inventory_domain|penalty_lower_bound_closure|required_station_movement|sp_product_mccormick|sp_product_objective_estimator_paper_safe|variable_s_low_gini_centering,a8cb3904494936f9,passed,
stage3__moderate_seed3302__s0__1800s__dense_on,199,196,branch_bounds_only,full-inherited-pack,1421,42,0,0,0,0,0,0,41,0.0153408,direct_gini_cap|direct_gini_floor|gini_interval_bound|gini_pairwise_spread|interval_tight_mccormick_G_bit|low_gini_centering_band|objective_lower_estimator_cutoff|penalty_deviation_upper_bound|penalty_final_inventory_domain|penalty_lower_bound_closure|required_station_movement|sp_product_mccormick|sp_product_objective_estimator_paper_safe|variable_s_low_gini_centering,fba45c9635e56502,passed,
stage3__moderate_seed3302__s0__1800s__dense_on,200,196,branch_bounds_only,full-inherited-pack,1421,42,0,0,0,0,0,0,41,0.014430800000000001,direct_gini_cap|direct_gini_floor|gini_interval_bound|gini_pairwise_spread|interval_tight_mccormick_G_bit|low_gini_centering_band|objective_lower_estimator_cutoff|penalty_deviation_upper_bound|penalty_final_inventory_domain|penalty_lower_bound_closure|required_station_movement|sp_product_mccormick|sp_product_objective_estimator_paper_safe|variable_s_low_gini_centering,bb03f36d9262f05d,passed,
stage3__moderate_seed3302__s0__1800s__dense_on,199,196,deferred_first_relaxation_attach,full-inherited-pack,1421,42,0,0,0,0,0,1421,41,0.0144788,direct_gini_cap|direct_gini_floor|gini_interval_bound|gini_pairwise_spread|interval_tight_mccormick_G_bit|low_gini_centering_band|objective_lower_estimator_cutoff|penalty_deviation_upper_bound|penalty_final_inventory_domain|penalty_lower_bound_closure|required_station_movement|sp_product_mccormick|sp_product_objective_estimator_paper_safe|variable_s_low_gini_centering,fba45c9635e56502,passed,
stage3__moderate_seed3302__s0__1800s__dense_on,200,196,deferred_first_relaxation_attach,full-inherited-pack,1421,42,0,0,0,0,0,1421,41,0.015201299999999999,direct_gini_cap|direct_gini_floor|gini_interval_bound|gini_pairwise_spread|interval_tight_mccormick_G_bit|low_gini_centering_band|objective_lower_estimator_cutoff|penalty_deviation_upper_bound|penalty_final_inventory_domain|penalty_lower_bound_closure|required_station_movement|sp_product_mccormick|sp_product_objective_estimator_paper_safe|variable_s_low_gini_centering,bb03f36d9262f05d,passed,
stage3__moderate_seed3302__s0__1800s__dense_on,11,7,deferred_first_relaxation_attach,full-inherited-pack,1421,42,0,0,0,0,0,1421,41,0.014459899999999999,direct_gini_cap|direct_gini_floor|gini_interval_bound|gini_pairwise_spread|interval_tight_mccormick_G_bit|low_gini_centering_band|objective_lower_estimator_cutoff|penalty_deviation_upper_bound|penalty_final_inventory_domain|penalty_lower_bound_closure|required_station_movement|sp_product_mccormick|sp_product_objective_estimator_paper_safe|variable_s_low_gini_centering,d311b20bebb643ce,passed,
stage3__moderate_seed3302__s0__1800s__dense_on,223,11,branch_bounds_only,full-inherited-pack,1421,42,0,0,0,0,0,0,41,0.0144528,direct_gini_cap|direct_gini_floor|gini_interval_bound|gini_pairwise_spread|interval_tight_mccormick_G_bit|low_gini_centering_band|objective_lower_estimator_cutoff|penalty_deviation_upper_bound|penalty_final_inventory_domain|penalty_lower_bound_closure|required_station_movement|sp_product_mccormick|sp_product_objective_estimator_paper_safe|variable_s_low_gini_centering,f8c7bb2dc0f2b8fb,passed,
stage3__moderate_seed3302__s0__1800s__dense_on,224,11,branch_bounds_only,full-inherited-pack,1421,42,0,0,0,0,0,0,41,0.0144695,direct_gini_cap|direct_gini_floor|gini_interval_bound|gini_pairwise_spread|interval_tight_mccormick_G_bit|low_gini_centering_band|objective_lower_estimator_cutoff|penalty_deviation_upper_bound|penalty_final_inventory_domain|penalty_lower_bound_closure|required_station_movement|sp_product_mccormick|sp_product_objective_estimator_paper_safe|variable_s_low_gini_centering,e45d9fceb1ba109e,passed,
stage3__moderate_seed3302__s0__1800s__dense_on,223,11,deferred_first_relaxation_attach,full-inherited-pack,1421,42,0,0,0,0,0,1421,41,0.0145868,direct_gini_cap|direct_gini_floor|gini_interval_bound|gini_pairwise_spread|interval_tight_mccormick_G_bit|low_gini_centering_band|objective_lower_estimator_cutoff|penalty_deviation_upper_bound|penalty_final_inventory_domain|penalty_lower_bound_closure|required_station_movement|sp_product_mccormick|sp_product_objective_estimator_paper_safe|variable_s_low_gini_centering,f8c7bb2dc0f2b8fb,passed,
stage3__moderate_seed3302__s0__1800s__dense_on,224,11,deferred_first_relaxation_attach,full-inherited-pack,1421,42,0,0,0,0,0,1421,41,0.0144981,direct_gini_cap|direct_gini_floor|gini_interval_bound|gini_pairwise_spread|interval_tight_mccormick_G_bit|low_gini_centering_band|objective_lower_estimator_cutoff|penalty_deviation_upper_bound|penalty_final_inventory_domain|penalty_lower_bound_closure|required_station_movement|sp_product_mccormick|sp_product_objective_estimator_paper_safe|variable_s_low_gini_centering,e45d9fceb1ba109e,passed,
stage3__moderate_seed3302__s0__1800s__dense_on,225,224,branch_bounds_only,full-inherited-pack,1421,42,0,0,0,0,0,0,41,0.0144942,direct_gini_cap|direct_gini_floor|gini_interval_bound|gini_pairwise_spread|interval_tight_mccormick_G_bit|low_gini_centering_band|objective_lower_estimator_cutoff|penalty_deviation_upper_bound|penalty_final_inventory_domain|penalty_lower_bound_closure|required_station_movement|sp_product_mccormick|sp_product_objective_estimator_paper_safe|variable_s_low_gini_centering,7369947c780d9e88,passed,
stage3__moderate_seed3302__s0__1800s__dense_on,226,224,branch_bounds_only,full-inherited-pack,1421,42,0,0,0,0,0,0,41,0.014604600000000001,direct_gini_cap|direct_gini_floor|gini_interval_bound|gini_pairwise_spread|interval_tight_mccormick_G_bit|low_gini_centering_band|objective_lower_estimator_cutoff|penalty_deviation_upper_bound|penalty_final_inventory_domain|penalty_lower_bound_closure|required_station_movement|sp_product_mccormick|sp_product_objective_estimator_paper_safe|variable_s_low_gini_centering,ae81db4819e62fd0,passed,
stage3__moderate_seed3302__s0__1800s__dense_on,225,224,deferred_first_relaxation_attach,full-inherited-pack,1421,42,0,0,0,0,0,1421,41,0.0147081,direct_gini_cap|direct_gini_floor|gini_interval_bound|gini_pairwise_spread|interval_tight_mccormick_G_bit|low_gini_centering_band|objective_lower_estimator_cutoff|penalty_deviation_upper_bound|penalty_final_inventory_domain|penalty_lower_bound_closure|required_station_movement|sp_product_mccormick|sp_product_objective_estimator_paper_safe|variable_s_low_gini_centering,7369947c780d9e88,passed,
stage3__moderate_seed3302__s0__1800s__dense_on,227,225,branch_bounds_only,full-inherited-pack,1421,42,0,0,0,0,0,0,41,0.014262800000000001,direct_gini_cap|direct_gini_floor|gini_interval_bound|gini_pairwise_spread|interval_tight_mccormick_G_bit|low_gini_centering_band|objective_lower_estimator_cutoff|penalty_deviation_upper_bound|penalty_final_inventory_domain|penalty_lower_bound_closure|required_station_movement|sp_product_mccormick|sp_product_objective_estimator_paper_safe|variable_s_low_gini_centering,e1857d442000e1b5,passed,
stage3__moderate_seed3302__s0__1800s__dense_on,228,225,branch_bounds_only,full-inherited-pack,1421,42,0,0,0,0,0,0,41,0.014374,direct_gini_cap|direct_gini_floor|gini_interval_bound|gini_pairwise_spread|interval_tight_mccormick_G_bit|low_gini_centering_band|objective_lower_estimator_cutoff|penalty_deviation_upper_bound|penalty_final_inventory_domain|penalty_lower_bound_closure|required_station_movement|sp_product_mccormick|sp_product_objective_estimator_paper_safe|variable_s_low_gini_centering,616c5e7a2da3fb6b,passed,
stage3__moderate_seed3302__s0__1800s__dense_on,226,224,deferred_first_relaxation_attach,full-inherited-pack,1421,42,0,0,0,0,0,1421,41,0.014608700000000001,direct_gini_cap|direct_gini_floor|gini_interval_bound|gini_pairwise_spread|interval_tight_mccormick_G_bit|low_gini_centering_band|objective_lower_estimator_cutoff|penalty_deviation_upper_bound|penalty_final_inventory_domain|penalty_lower_bound_closure|required_station_movement|sp_product_mccormick|sp_product_objective_estimator_paper_safe|variable_s_low_gini_centering,ae81db4819e62fd0,passed,
stage3__moderate_seed3302__s0__1800s__dense_on,229,226,branch_bounds_only,full-inherited-pack,1421,42,0,0,0,0,0,0,41,0.0145275,direct_gini_cap|direct_gini_floor|gini_interval_bound|gini_pairwise_spread|interval_tight_mccormick_G_bit|low_gini_centering_band|objective_lower_estimator_cutoff|penalty_deviation_upper_bound|penalty_final_inventory_domain|penalty_lower_bound_closure|required_station_movement|sp_product_mccormick|sp_product_objective_estimator_paper_safe|variable_s_low_gini_centering,44a5f9afc9814dec,passed,
stage3__moderate_seed3302__s0__1800s__dense_on,230,226,branch_bounds_only,full-inherited-pack,1421,42,0,0,0,0,0,0,41,0.0145253,direct_gini_cap|direct_gini_floor|gini_interval_bound|gini_pairwise_spread|interval_tight_mccormick_G_bit|low_gini_centering_band|objective_lower_estimator_cutoff|penalty_deviation_upper_bound|penalty_final_inventory_domain|penalty_lower_bound_closure|required_station_movement|sp_product_mccormick|sp_product_objective_estimator_paper_safe|variable_s_low_gini_centering,d342b67ed93c023f,passed,
stage3__moderate_seed3302__s0__1800s__dense_on,229,226,deferred_first_relaxation_attach,full-inherited-pack,1421,42,0,0,0,0,0,1421,41,0.014430999999999999,direct_gini_cap|direct_gini_floor|gini_interval_bound|gini_pairwise_spread|interval_tight_mccormick_G_bit|low_gini_centering_band|objective_lower_estimator_cutoff|penalty_deviation_upper_bound|penalty_final_inventory_domain|penalty_lower_bound_closure|required_station_movement|sp_product_mccormick|sp_product_objective_estimator_paper_safe|variable_s_low_gini_centering,44a5f9afc9814dec,passed,
stage3__moderate_seed3302__s0__1800s__dense_on,231,229,branch_bounds_only,full-inherited-pack,1421,42,0,0,0,0,0,0,41,0.014445400000000001,direct_gini_cap|direct_gini_floor|gini_interval_bound|gini_pairwise_spread|interval_tight_mccormick_G_bit|low_gini_centering_band|objective_lower_estimator_cutoff|penalty_deviation_upper_bound|penalty_final_inventory_domain|penalty_lower_bound_closure|required_station_movement|sp_product_mccormick|sp_product_objective_estimator_paper_safe|variable_s_low_gini_centering,46f81e8269f04b22,passed,
stage3__moderate_seed3302__s0__1800s__dense_on,232,229,branch_bounds_only,full-inherited-pack,1421,42,0,0,0,0,0,0,41,0.014178899999999999,direct_gini_cap|direct_gini_floor|gini_interval_bound|gini_pairwise_spread|interval_tight_mccormick_G_bit|low_gini_centering_band|objective_lower_estimator_cutoff|penalty_deviation_upper_bound|penalty_final_inventory_domain|penalty_lower_bound_closure|required_station_movement|sp_product_mccormick|sp_product_objective_estimator_paper_safe|variable_s_low_gini_centering,97d461cc29915803,passed,
stage3__moderate_seed3302__s0__1800s__dense_on,230,226,deferred_first_relaxation_attach,full-inherited-pack,1421,42,0,0,0,0,0,1421,41,0.0147507,direct_gini_cap|direct_gini_floor|gini_interval_bound|gini_pairwise_spread|interval_tight_mccormick_G_bit|low_gini_centering_band|objective_lower_estimator_cutoff|penalty_deviation_upper_bound|penalty_final_inventory_domain|penalty_lower_bound_closure|required_station_movement|sp_product_mccormick|sp_product_objective_estimator_paper_safe|variable_s_low_gini_centering,d342b67ed93c023f,passed,
stage3__moderate_seed3302__s0__1800s__dense_on,233,230,branch_bounds_only,full-inherited-pack,1421,42,0,0,0,0,0,0,41,0.015199499999999999,direct_gini_cap|direct_gini_floor|gini_interval_bound|gini_pairwise_spread|interval_tight_mccormick_G_bit|low_gini_centering_band|objective_lower_estimator_cutoff|penalty_deviation_upper_bound|penalty_final_inventory_domain|penalty_lower_bound_closure|required_station_movement|sp_product_mccormick|sp_product_objective_estimator_paper_safe|variable_s_low_gini_centering,199adef7d95156b6,passed,
stage3__moderate_seed3302__s0__1800s__dense_on,234,230,branch_bounds_only,full-inherited-pack,1421,42,0,0,0,0,0,0,41,0.015492199999999999,direct_gini_cap|direct_gini_floor|gini_interval_bound|gini_pairwise_spread|interval_tight_mccormick_G_bit|low_gini_centering_band|objective_lower_estimator_cutoff|penalty_deviation_upper_bound|penalty_final_inventory_domain|penalty_lower_bound_closure|required_station_movement|sp_product_mccormick|sp_product_objective_estimator_paper_safe|variable_s_low_gini_centering,cd20d9ff5d4f259b,passed,
stage3__moderate_seed3302__s0__1800s__dense_on,233,230,deferred_first_relaxation_attach,full-inherited-pack,1421,42,0,0,0,0,0,1421,41,0.016178700000000001,direct_gini_cap|direct_gini_floor|gini_interval_bound|gini_pairwise_spread|interval_tight_mccormick_G_bit|low_gini_centering_band|objective_lower_estimator_cutoff|penalty_deviation_upper_bound|penalty_final_inventory_domain|penalty_lower_bound_closure|required_station_movement|sp_product_mccormick|sp_product_objective_estimator_paper_safe|variable_s_low_gini_centering,199adef7d95156b6,passed,
stage3__moderate_seed3302__s0__1800s__dense_on,235,233,branch_bounds_only,full-inherited-pack,1421,42,0,0,0,0,0,0,41,0.020395799999999999,direct_gini_cap|direct_gini_floor|gini_interval_bound|gini_pairwise_spread|interval_tight_mccormick_G_bit|low_gini_centering_band|objective_lower_estimator_cutoff|penalty_deviation_upper_bound|penalty_final_inventory_domain|penalty_lower_bound_closure|required_station_movement|sp_product_mccormick|sp_product_objective_estimator_paper_safe|variable_s_low_gini_centering,e0bcafefc06a476a,passed,
stage3__moderate_seed3302__s0__1800s__dense_on,236,233,branch_bounds_only,full-inherited-pack,1421,42,0,0,0,0,0,0,41,0.014876,direct_gini_cap|direct_gini_floor|gini_interval_bound|gini_pairwise_spread|interval_tight_mccormick_G_bit|low_gini_centering_band|objective_lower_estimator_cutoff|penalty_deviation_upper_bound|penalty_final_inventory_domain|penalty_lower_bound_closure|required_station_movement|sp_product_mccormick|sp_product_objective_estimator_paper_safe|variable_s_low_gini_centering,79fb80ad8893daa5,passed,
stage3__moderate_seed3302__s0__1800s__dense_on,234,230,deferred_first_relaxation_attach,full-inherited-pack,1421,42,0,0,0,0,0,1421,41,0.0149918,direct_gini_cap|direct_gini_floor|gini_interval_bound|gini_pairwise_spread|interval_tight_mccormick_G_bit|low_gini_centering_band|objective_lower_estimator_cutoff|penalty_deviation_upper_bound|penalty_final_inventory_domain|penalty_lower_bound_closure|required_station_movement|sp_product_mccormick|sp_product_objective_estimator_paper_safe|variable_s_low_gini_centering,cd20d9ff5d4f259b,passed,
stage3__moderate_seed3302__s0__1800s__dense_on,237,234,branch_bounds_only,full-inherited-pack,1421,42,0,0,0,0,0,0,41,0.0178082,direct_gini_cap|direct_gini_floor|gini_interval_bound|gini_pairwise_spread|interval_tight_mccormick_G_bit|low_gini_centering_band|objective_lower_estimator_cutoff|penalty_deviation_upper_bound|penalty_final_inventory_domain|penalty_lower_bound_closure|required_station_movement|sp_product_mccormick|sp_product_objective_estimator_paper_safe|variable_s_low_gini_centering,a07ecb2da1c03361,passed,
stage3__moderate_seed3302__s0__1800s__dense_on,238,234,branch_bounds_only,full-inherited-pack,1421,42,0,0,0,0,0,0,41,0.0152596,direct_gini_cap|direct_gini_floor|gini_interval_bound|gini_pairwise_spread|interval_tight_mccormick_G_bit|low_gini_centering_band|objective_lower_estimator_cutoff|penalty_deviation_upper_bound|penalty_final_inventory_domain|penalty_lower_bound_closure|required_station_movement|sp_product_mccormick|sp_product_objective_estimator_paper_safe|variable_s_low_gini_centering,42489dbf04b24a3b,passed,
stage3__moderate_seed3302__s0__1800s__dense_on,237,234,deferred_first_relaxation_attach,full-inherited-pack,1421,42,0,0,0,0,0,1421,41,0.015556800000000001,direct_gini_cap|direct_gini_floor|gini_interval_bound|gini_pairwise_spread|interval_tight_mccormick_G_bit|low_gini_centering_band|objective_lower_estimator_cutoff|penalty_deviation_upper_bound|penalty_final_inventory_domain|penalty_lower_bound_closure|required_station_movement|sp_product_mccormick|sp_product_objective_estimator_paper_safe|variable_s_low_gini_centering,a07ecb2da1c03361,passed,
stage3__moderate_seed3302__s0__1800s__dense_on,239,237,branch_bounds_only,full-inherited-pack,1421,42,0,0,0,0,0,0,41,0.0146277,direct_gini_cap|direct_gini_floor|gini_interval_bound|gini_pairwise_spread|interval_tight_mccormick_G_bit|low_gini_centering_band|objective_lower_estimator_cutoff|penalty_deviation_upper_bound|penalty_final_inventory_domain|penalty_lower_bound_closure|required_station_movement|sp_product_mccormick|sp_product_objective_estimator_paper_safe|variable_s_low_gini_centering,3b4c0403533ba73f,passed,
stage3__moderate_seed3302__s0__1800s__dense_on,240,237,branch_bounds_only,full-inherited-pack,1421,42,0,0,0,0,0,0,41,0.014536800000000001,direct_gini_cap|direct_gini_floor|gini_interval_bound|gini_pairwise_spread|interval_tight_mccormick_G_bit|low_gini_centering_band|objective_lower_estimator_cutoff|penalty_deviation_upper_bound|penalty_final_inventory_domain|penalty_lower_bound_closure|required_station_movement|sp_product_mccormick|sp_product_objective_estimator_paper_safe|variable_s_low_gini_centering,d31eae367db97a76,passed,
stage3__moderate_seed3302__s0__1800s__dense_on,238,234,deferred_first_relaxation_attach,full-inherited-pack,1421,42,0,0,0,0,0,1421,41,0.0148247,direct_gini_cap|direct_gini_floor|gini_interval_bound|gini_pairwise_spread|interval_tight_mccormick_G_bit|low_gini_centering_band|objective_lower_estimator_cutoff|penalty_deviation_upper_bound|penalty_final_inventory_domain|penalty_lower_bound_closure|required_station_movement|sp_product_mccormick|sp_product_objective_estimator_paper_safe|variable_s_low_gini_centering,42489dbf04b24a3b,passed,
stage3__moderate_seed3302__s0__1800s__dense_on,241,238,branch_bounds_only,full-inherited-pack,1421,42,0,0,0,0,0,0,41,0.014416,direct_gini_cap|direct_gini_floor|gini_interval_bound|gini_pairwise_spread|interval_tight_mccormick_G_bit|low_gini_centering_band|objective_lower_estimator_cutoff|penalty_deviation_upper_bound|penalty_final_inventory_domain|penalty_lower_bound_closure|required_station_movement|sp_product_mccormick|sp_product_objective_estimator_paper_safe|variable_s_low_gini_centering,72520f65c36329b1,passed,
stage3__moderate_seed3302__s0__1800s__dense_on,242,238,branch_bounds_only,full-inherited-pack,1421,42,0,0,0,0,0,0,41,0.016023099999999998,direct_gini_cap|direct_gini_floor|gini_interval_bound|gini_pairwise_spread|interval_tight_mccormick_G_bit|low_gini_centering_band|objective_lower_estimator_cutoff|penalty_deviation_upper_bound|penalty_final_inventory_domain|penalty_lower_bound_closure|required_station_movement|sp_product_mccormick|sp_product_objective_estimator_paper_safe|variable_s_low_gini_centering,ac2d901a58fd9f04,passed,
stage3__moderate_seed3302__s0__1800s__dense_on,241,238,deferred_first_relaxation_attach,full-inherited-pack,1421,42,0,0,0,0,0,1421,41,0.0155289,direct_gini_cap|direct_gini_floor|gini_interval_bound|gini_pairwise_spread|interval_tight_mccormick_G_bit|low_gini_centering_band|objective_lower_estimator_cutoff|penalty_deviation_upper_bound|penalty_final_inventory_domain|penalty_lower_bound_closure|required_station_movement|sp_product_mccormick|sp_product_objective_estimator_paper_safe|variable_s_low_gini_centering,72520f65c36329b1,passed,
stage3__moderate_seed3302__s0__1800s__dense_on,242,238,deferred_first_relaxation_attach,full-inherited-pack,1421,42,0,0,0,0,0,1421,41,0.0164656,direct_gini_cap|direct_gini_floor|gini_interval_bound|gini_pairwise_spread|interval_tight_mccormick_G_bit|low_gini_centering_band|objective_lower_estimator_cutoff|penalty_deviation_upper_bound|penalty_final_inventory_domain|penalty_lower_bound_closure|required_station_movement|sp_product_mccormick|sp_product_objective_estimator_paper_safe|variable_s_low_gini_centering,ac2d901a58fd9f04,passed,
stage3__moderate_seed3302__s0__1800s__dense_on,22,16,deferred_first_relaxation_attach,full-inherited-pack,1421,42,0,0,0,0,0,1421,41,0.0153907,direct_gini_cap|direct_gini_floor|gini_interval_bound|gini_pairwise_spread|interval_tight_mccormick_G_bit|low_gini_centering_band|objective_lower_estimator_cutoff|penalty_deviation_upper_bound|penalty_final_inventory_domain|penalty_lower_bound_closure|required_station_movement|sp_product_mccormick|sp_product_objective_estimator_paper_safe|variable_s_low_gini_centering,f259c9ea2213edff,passed,
stage3__moderate_seed3302__s0__1800s__dense_on,251,22,branch_bounds_only,full-inherited-pack,1421,42,0,0,0,0,0,0,41,0.014317,direct_gini_cap|direct_gini_floor|gini_interval_bound|gini_pairwise_spread|interval_tight_mccormick_G_bit|low_gini_centering_band|objective_lower_estimator_cutoff|penalty_deviation_upper_bound|penalty_final_inventory_domain|penalty_lower_bound_closure|required_station_movement|sp_product_mccormick|sp_product_objective_estimator_paper_safe|variable_s_low_gini_centering,ba6b2966bef75bba,passed,
stage3__moderate_seed3302__s0__1800s__dense_on,252,22,branch_bounds_only,full-inherited-pack,1421,42,0,0,0,0,0,0,41,0.014273900000000001,direct_gini_cap|direct_gini_floor|gini_interval_bound|gini_pairwise_spread|interval_tight_mccormick_G_bit|low_gini_centering_band|objective_lower_estimator_cutoff|penalty_deviation_upper_bound|penalty_final_inventory_domain|penalty_lower_bound_closure|required_station_movement|sp_product_mccormick|sp_product_objective_estimator_paper_safe|variable_s_low_gini_centering,f886396cbccc3dfc,passed,
stage3__moderate_seed3302__s0__1800s__dense_on,251,22,deferred_first_relaxation_attach,full-inherited-pack,1421,42,0,0,0,0,0,1421,41,0.0145966,direct_gini_cap|direct_gini_floor|gini_interval_bound|gini_pairwise_spread|interval_tight_mccormick_G_bit|low_gini_centering_band|objective_lower_estimator_cutoff|penalty_deviation_upper_bound|penalty_final_inventory_domain|penalty_lower_bound_closure|required_station_movement|sp_product_mccormick|sp_product_objective_estimator_paper_safe|variable_s_low_gini_centering,ba6b2966bef75bba,passed,
stage3__moderate_seed3302__s0__1800s__dense_on,253,251,branch_bounds_only,full-inherited-pack,1421,42,0,0,0,0,0,0,41,0.0145005,direct_gini_cap|direct_gini_floor|gini_interval_bound|gini_pairwise_spread|interval_tight_mccormick_G_bit|low_gini_centering_band|objective_lower_estimator_cutoff|penalty_deviation_upper_bound|penalty_final_inventory_domain|penalty_lower_bound_closure|required_station_movement|sp_product_mccormick|sp_product_objective_estimator_paper_safe|variable_s_low_gini_centering,6aca08a938a906fe,passed,
stage3__moderate_seed3302__s0__1800s__dense_on,254,251,branch_bounds_only,full-inherited-pack,1421,42,0,0,0,0,0,0,41,0.014581,direct_gini_cap|direct_gini_floor|gini_interval_bound|gini_pairwise_spread|interval_tight_mccormick_G_bit|low_gini_centering_band|objective_lower_estimator_cutoff|penalty_deviation_upper_bound|penalty_final_inventory_domain|penalty_lower_bound_closure|required_station_movement|sp_product_mccormick|sp_product_objective_estimator_paper_safe|variable_s_low_gini_centering,94a62681d5e74182,passed,
stage3__moderate_seed3302__s0__1800s__dense_on,253,251,deferred_first_relaxation_attach,full-inherited-pack,1421,42,0,0,0,0,0,1421,41,0.014341899999999999,direct_gini_cap|direct_gini_floor|gini_interval_bound|gini_pairwise_spread|interval_tight_mccormick_G_bit|low_gini_centering_band|objective_lower_estimator_cutoff|penalty_deviation_upper_bound|penalty_final_inventory_domain|penalty_lower_bound_closure|required_station_movement|sp_product_mccormick|sp_product_objective_estimator_paper_safe|variable_s_low_gini_centering,6aca08a938a906fe,passed,
stage3__moderate_seed3302__s0__1800s__dense_on,255,253,branch_bounds_only,full-inherited-pack,1421,42,0,0,0,0,0,0,41,0.014782399999999999,direct_gini_cap|direct_gini_floor|gini_interval_bound|gini_pairwise_spread|interval_tight_mccormick_G_bit|low_gini_centering_band|objective_lower_estimator_cutoff|penalty_deviation_upper_bound|penalty_final_inventory_domain|penalty_lower_bound_closure|required_station_movement|sp_product_mccormick|sp_product_objective_estimator_paper_safe|variable_s_low_gini_centering,922564873468e1f5,passed,
stage3__moderate_seed3302__s0__1800s__dense_on,256,253,branch_bounds_only,full-inherited-pack,1421,42,0,0,0,0,0,0,41,0.0144625,direct_gini_cap|direct_gini_floor|gini_interval_bound|gini_pairwise_spread|interval_tight_mccormick_G_bit|low_gini_centering_band|objective_lower_estimator_cutoff|penalty_deviation_upper_bound|penalty_final_inventory_domain|penalty_lower_bound_closure|required_station_movement|sp_product_mccormick|sp_product_objective_estimator_paper_safe|variable_s_low_gini_centering,490eeedef72c26fb,passed,
stage3__moderate_seed3302__s0__1800s__dense_on,255,253,deferred_first_relaxation_attach,full-inherited-pack,1421,42,0,0,0,0,0,1421,41,0.0144353,direct_gini_cap|direct_gini_floor|gini_interval_bound|gini_pairwise_spread|interval_tight_mccormick_G_bit|low_gini_centering_band|objective_lower_estimator_cutoff|penalty_deviation_upper_bound|penalty_final_inventory_domain|penalty_lower_bound_closure|required_station_movement|sp_product_mccormick|sp_product_objective_estimator_paper_safe|variable_s_low_gini_centering,922564873468e1f5,passed,
stage3__moderate_seed3302__s0__1800s__dense_on,257,255,branch_bounds_only,full-inherited-pack,1421,42,0,0,0,0,0,0,41,0.0146424,direct_gini_cap|direct_gini_floor|gini_interval_bound|gini_pairwise_spread|interval_tight_mccormick_G_bit|low_gini_centering_band|objective_lower_estimator_cutoff|penalty_deviation_upper_bound|penalty_final_inventory_domain|penalty_lower_bound_closure|required_station_movement|sp_product_mccormick|sp_product_objective_estimator_paper_safe|variable_s_low_gini_centering,39b7bcd9daaa6224,passed,
stage3__moderate_seed3302__s0__1800s__dense_on,258,255,branch_bounds_only,full-inherited-pack,1421,42,0,0,0,0,0,0,41,0.014434000000000001,direct_gini_cap|direct_gini_floor|gini_interval_bound|gini_pairwise_spread|interval_tight_mccormick_G_bit|low_gini_centering_band|objective_lower_estimator_cutoff|penalty_deviation_upper_bound|penalty_final_inventory_domain|penalty_lower_bound_closure|required_station_movement|sp_product_mccormick|sp_product_objective_estimator_paper_safe|variable_s_low_gini_centering,7c2570cf7687c755,passed,
stage3__moderate_seed3302__s0__1800s__dense_on,257,255,deferred_first_relaxation_attach,full-inherited-pack,1421,42,0,0,0,0,0,1421,41,0.0149955,direct_gini_cap|direct_gini_floor|gini_interval_bound|gini_pairwise_spread|interval_tight_mccormick_G_bit|low_gini_centering_band|objective_lower_estimator_cutoff|penalty_deviation_upper_bound|penalty_final_inventory_domain|penalty_lower_bound_closure|required_station_movement|sp_product_mccormick|sp_product_objective_estimator_paper_safe|variable_s_low_gini_centering,39b7bcd9daaa6224,passed,
stage3__moderate_seed3302__s0__1800s__dense_on,21,16,deferred_first_relaxation_attach,full-inherited-pack,1421,42,0,0,0,0,0,1421,41,0.019832300000000001,direct_gini_cap|direct_gini_floor|gini_interval_bound|gini_pairwise_spread|interval_tight_mccormick_G_bit|low_gini_centering_band|objective_lower_estimator_cutoff|penalty_deviation_upper_bound|penalty_final_inventory_domain|penalty_lower_bound_closure|required_station_movement|sp_product_mccormick|sp_product_objective_estimator_paper_safe|variable_s_low_gini_centering,dfc1a0559377a8d1,passed,
stage3__moderate_seed3302__s0__1800s__dense_on,307,21,branch_bounds_only,full-inherited-pack,1421,42,0,0,0,0,0,0,41,0.022903199999999999,direct_gini_cap|direct_gini_floor|gini_interval_bound|gini_pairwise_spread|interval_tight_mccormick_G_bit|low_gini_centering_band|objective_lower_estimator_cutoff|penalty_deviation_upper_bound|penalty_final_inventory_domain|penalty_lower_bound_closure|required_station_movement|sp_product_mccormick|sp_product_objective_estimator_paper_safe|variable_s_low_gini_centering,dd13df66fd685a9c,passed,
stage3__moderate_seed3302__s0__1800s__dense_on,308,21,branch_bounds_only,full-inherited-pack,1421,42,0,0,0,0,0,0,41,0.019758499999999998,direct_gini_cap|direct_gini_floor|gini_interval_bound|gini_pairwise_spread|interval_tight_mccormick_G_bit|low_gini_centering_band|objective_lower_estimator_cutoff|penalty_deviation_upper_bound|penalty_final_inventory_domain|penalty_lower_bound_closure|required_station_movement|sp_product_mccormick|sp_product_objective_estimator_paper_safe|variable_s_low_gini_centering,6501756cdc7b199d,passed,
stage3__moderate_seed3302__s0__1800s__dense_on,307,21,deferred_first_relaxation_attach,full-inherited-pack,1421,42,0,0,0,0,0,1421,41,0.0151421,direct_gini_cap|direct_gini_floor|gini_interval_bound|gini_pairwise_spread|interval_tight_mccormick_G_bit|low_gini_centering_band|objective_lower_estimator_cutoff|penalty_deviation_upper_bound|penalty_final_inventory_domain|penalty_lower_bound_closure|required_station_movement|sp_product_mccormick|sp_product_objective_estimator_paper_safe|variable_s_low_gini_centering,dd13df66fd685a9c,passed,
stage3__moderate_seed3302__s0__1800s__dense_on,309,307,branch_bounds_only,full-inherited-pack,1421,42,0,0,0,0,0,0,41,0.015873100000000001,direct_gini_cap|direct_gini_floor|gini_interval_bound|gini_pairwise_spread|interval_tight_mccormick_G_bit|low_gini_centering_band|objective_lower_estimator_cutoff|penalty_deviation_upper_bound|penalty_final_inventory_domain|penalty_lower_bound_closure|required_station_movement|sp_product_mccormick|sp_product_objective_estimator_paper_safe|variable_s_low_gini_centering,defa28c2ca13c986,passed,
stage3__moderate_seed3302__s0__1800s__dense_on,310,307,branch_bounds_only,full-inherited-pack,1421,42,0,0,0,0,0,0,41,0.015713100000000001,direct_gini_cap|direct_gini_floor|gini_interval_bound|gini_pairwise_spread|interval_tight_mccormick_G_bit|low_gini_centering_band|objective_lower_estimator_cutoff|penalty_deviation_upper_bound|penalty_final_inventory_domain|penalty_lower_bound_closure|required_station_movement|sp_product_mccormick|sp_product_objective_estimator_paper_safe|variable_s_low_gini_centering,a88708e2e3decab8,passed,
stage3__moderate_seed3302__s0__1800s__dense_on,308,21,deferred_first_relaxation_attach,full-inherited-pack,1421,42,0,0,0,0,0,1421,41,0.0144295,direct_gini_cap|direct_gini_floor|gini_interval_bound|gini_pairwise_spread|interval_tight_mccormick_G_bit|low_gini_centering_band|objective_lower_estimator_cutoff|penalty_deviation_upper_bound|penalty_final_inventory_domain|penalty_lower_bound_closure|required_station_movement|sp_product_mccormick|sp_product_objective_estimator_paper_safe|variable_s_low_gini_centering,6501756cdc7b199d,passed,
stage3__moderate_seed3302__s0__1800s__dense_on,311,308,branch_bounds_only,full-inherited-pack,1421,42,0,0,0,0,0,0,41,0.0427458,direct_gini_cap|direct_gini_floor|gini_interval_bound|gini_pairwise_spread|interval_tight_mccormick_G_bit|low_gini_centering_band|objective_lower_estimator_cutoff|penalty_deviation_upper_bound|penalty_final_inventory_domain|penalty_lower_bound_closure|required_station_movement|sp_product_mccormick|sp_product_objective_estimator_paper_safe|variable_s_low_gini_centering,3ac70b98c73cac42,passed,
stage3__moderate_seed3302__s0__1800s__dense_on,312,308,branch_bounds_only,full-inherited-pack,1421,42,0,0,0,0,0,0,41,0.017670700000000001,direct_gini_cap|direct_gini_floor|gini_interval_bound|gini_pairwise_spread|interval_tight_mccormick_G_bit|low_gini_centering_band|objective_lower_estimator_cutoff|penalty_deviation_upper_bound|penalty_final_inventory_domain|penalty_lower_bound_closure|required_station_movement|sp_product_mccormick|sp_product_objective_estimator_paper_safe|variable_s_low_gini_centering,0d5863e1a35557ad,passed,
stage3__moderate_seed3302__s0__1800s__dense_on,309,307,deferred_first_relaxation_attach,full-inherited-pack,1421,42,0,0,0,0,0,1421,41,0.016711199999999999,direct_gini_cap|direct_gini_floor|gini_interval_bound|gini_pairwise_spread|interval_tight_mccormick_G_bit|low_gini_centering_band|objective_lower_estimator_cutoff|penalty_deviation_upper_bound|penalty_final_inventory_domain|penalty_lower_bound_closure|required_station_movement|sp_product_mccormick|sp_product_objective_estimator_paper_safe|variable_s_low_gini_centering,defa28c2ca13c986,passed,
stage3__moderate_seed3302__s0__1800s__dense_on,313,309,branch_bounds_only,full-inherited-pack,1421,42,0,0,0,0,0,0,41,0.014523100000000001,direct_gini_cap|direct_gini_floor|gini_interval_bound|gini_pairwise_spread|interval_tight_mccormick_G_bit|low_gini_centering_band|objective_lower_estimator_cutoff|penalty_deviation_upper_bound|penalty_final_inventory_domain|penalty_lower_bound_closure|required_station_movement|sp_product_mccormick|sp_product_objective_estimator_paper_safe|variable_s_low_gini_centering,f6ace2fca5be0abe,passed,
stage3__moderate_seed3302__s0__1800s__dense_on,314,309,branch_bounds_only,full-inherited-pack,1421,42,0,0,0,0,0,0,41,0.0143269,direct_gini_cap|direct_gini_floor|gini_interval_bound|gini_pairwise_spread|interval_tight_mccormick_G_bit|low_gini_centering_band|objective_lower_estimator_cutoff|penalty_deviation_upper_bound|penalty_final_inventory_domain|penalty_lower_bound_closure|required_station_movement|sp_product_mccormick|sp_product_objective_estimator_paper_safe|variable_s_low_gini_centering,5cdeffe3d1f32e20,passed,
stage3__moderate_seed3302__s0__1800s__dense_on,310,307,deferred_first_relaxation_attach,full-inherited-pack,1421,42,0,0,0,0,0,1421,41,0.0149058,direct_gini_cap|direct_gini_floor|gini_interval_bound|gini_pairwise_spread|interval_tight_mccormick_G_bit|low_gini_centering_band|objective_lower_estimator_cutoff|penalty_deviation_upper_bound|penalty_final_inventory_domain|penalty_lower_bound_closure|required_station_movement|sp_product_mccormick|sp_product_objective_estimator_paper_safe|variable_s_low_gini_centering,a88708e2e3decab8,passed,
stage3__moderate_seed3302__s0__1800s__dense_on,315,310,branch_bounds_only,full-inherited-pack,1421,42,0,0,0,0,0,0,41,0.0144198,direct_gini_cap|direct_gini_floor|gini_interval_bound|gini_pairwise_spread|interval_tight_mccormick_G_bit|low_gini_centering_band|objective_lower_estimator_cutoff|penalty_deviation_upper_bound|penalty_final_inventory_domain|penalty_lower_bound_closure|required_station_movement|sp_product_mccormick|sp_product_objective_estimator_paper_safe|variable_s_low_gini_centering,111fa56fa7cf3241,passed,
stage3__moderate_seed3302__s0__1800s__dense_on,316,310,branch_bounds_only,full-inherited-pack,1421,42,0,0,0,0,0,0,41,0.0144479,direct_gini_cap|direct_gini_floor|gini_interval_bound|gini_pairwise_spread|interval_tight_mccormick_G_bit|low_gini_centering_band|objective_lower_estimator_cutoff|penalty_deviation_upper_bound|penalty_final_inventory_domain|penalty_lower_bound_closure|required_station_movement|sp_product_mccormick|sp_product_objective_estimator_paper_safe|variable_s_low_gini_centering,0842f3058f3f4e2d,passed,
stage3__moderate_seed3302__s0__1800s__dense_on,313,309,deferred_first_relaxation_attach,full-inherited-pack,1421,42,0,0,0,0,0,1421,41,0.014410900000000001,direct_gini_cap|direct_gini_floor|gini_interval_bound|gini_pairwise_spread|interval_tight_mccormick_G_bit|low_gini_centering_band|objective_lower_estimator_cutoff|penalty_deviation_upper_bound|penalty_final_inventory_domain|penalty_lower_bound_closure|required_station_movement|sp_product_mccormick|sp_product_objective_estimator_paper_safe|variable_s_low_gini_centering,f6ace2fca5be0abe,passed,
stage3__moderate_seed3302__s0__1800s__dense_on,317,313,branch_bounds_only,full-inherited-pack,1421,42,0,0,0,0,0,0,41,0.014521900000000001,direct_gini_cap|direct_gini_floor|gini_interval_bound|gini_pairwise_spread|interval_tight_mccormick_G_bit|low_gini_centering_band|objective_lower_estimator_cutoff|penalty_deviation_upper_bound|penalty_final_inventory_domain|penalty_lower_bound_closure|required_station_movement|sp_product_mccormick|sp_product_objective_estimator_paper_safe|variable_s_low_gini_centering,15375e8838d012ab,passed,
stage3__moderate_seed3302__s0__1800s__dense_on,318,313,branch_bounds_only,full-inherited-pack,1421,42,0,0,0,0,0,0,41,0.0145459,direct_gini_cap|direct_gini_floor|gini_interval_bound|gini_pairwise_spread|interval_tight_mccormick_G_bit|low_gini_centering_band|objective_lower_estimator_cutoff|penalty_deviation_upper_bound|penalty_final_inventory_domain|penalty_lower_bound_closure|required_station_movement|sp_product_mccormick|sp_product_objective_estimator_paper_safe|variable_s_low_gini_centering,40ced9da892bc69e,passed,
stage3__moderate_seed3302__s0__1800s__dense_on,314,309,deferred_first_relaxation_attach,full-inherited-pack,1421,42,0,0,0,0,0,1421,41,0.015048300000000001,direct_gini_cap|direct_gini_floor|gini_interval_bound|gini_pairwise_spread|interval_tight_mccormick_G_bit|low_gini_centering_band|objective_lower_estimator_cutoff|penalty_deviation_upper_bound|penalty_final_inventory_domain|penalty_lower_bound_closure|required_station_movement|sp_product_mccormick|sp_product_objective_estimator_paper_safe|variable_s_low_gini_centering,5cdeffe3d1f32e20,passed,
stage3__moderate_seed3302__s0__1800s__dense_on,319,314,branch_bounds_only,full-inherited-pack,1421,42,0,0,0,0,0,0,41,0.0145533,direct_gini_cap|direct_gini_floor|gini_interval_bound|gini_pairwise_spread|interval_tight_mccormick_G_bit|low_gini_centering_band|objective_lower_estimator_cutoff|penalty_deviation_upper_bound|penalty_final_inventory_domain|penalty_lower_bound_closure|required_station_movement|sp_product_mccormick|sp_product_objective_estimator_paper_safe|variable_s_low_gini_centering,8895863a1ceb08a5,passed,
stage3__moderate_seed3302__s0__1800s__dense_on,320,314,branch_bounds_only,full-inherited-pack,1421,42,0,0,0,0,0,0,41,0.014132199999999999,direct_gini_cap|direct_gini_floor|gini_interval_bound|gini_pairwise_spread|interval_tight_mccormick_G_bit|low_gini_centering_band|objective_lower_estimator_cutoff|penalty_deviation_upper_bound|penalty_final_inventory_domain|penalty_lower_bound_closure|required_station_movement|sp_product_mccormick|sp_product_objective_estimator_paper_safe|variable_s_low_gini_centering,8032abf30d03a4d9,passed,
stage3__moderate_seed3302__s0__1800s__dense_on,317,313,deferred_first_relaxation_attach,full-inherited-pack,1421,42,0,0,0,0,0,1421,41,0.0147873,direct_gini_cap|direct_gini_floor|gini_interval_bound|gini_pairwise_spread|interval_tight_mccormick_G_bit|low_gini_centering_band|objective_lower_estimator_cutoff|penalty_deviation_upper_bound|penalty_final_inventory_domain|penalty_lower_bound_closure|required_station_movement|sp_product_mccormick|sp_product_objective_estimator_paper_safe|variable_s_low_gini_centering,15375e8838d012ab,passed,
stage3__moderate_seed3302__s0__1800s__dense_on,318,313,deferred_first_relaxation_attach,full-inherited-pack,1421,42,0,0,0,0,0,1421,41,0.0144636,direct_gini_cap|direct_gini_floor|gini_interval_bound|gini_pairwise_spread|interval_tight_mccormick_G_bit|low_gini_centering_band|objective_lower_estimator_cutoff|penalty_deviation_upper_bound|penalty_final_inventory_domain|penalty_lower_bound_closure|required_station_movement|sp_product_mccormick|sp_product_objective_estimator_paper_safe|variable_s_low_gini_centering,40ced9da892bc69e,passed,
stage3__moderate_seed3302__s0__1800s__dense_on,18,14,deferred_first_relaxation_attach,full-inherited-pack,1421,42,0,0,0,0,0,1421,41,0.014472799999999999,direct_gini_cap|direct_gini_floor|gini_interval_bound|gini_pairwise_spread|interval_tight_mccormick_G_bit|low_gini_centering_band|objective_lower_estimator_cutoff|penalty_deviation_upper_bound|penalty_final_inventory_domain|penalty_lower_bound_closure|required_station_movement|sp_product_mccormick|sp_product_objective_estimator_paper_safe|variable_s_low_gini_centering,a3159d747bb82e93,passed,
stage3__moderate_seed3302__s0__1800s__dense_on,403,18,branch_bounds_only,full-inherited-pack,1421,42,0,0,0,0,0,0,41,0.0158067,direct_gini_cap|direct_gini_floor|gini_interval_bound|gini_pairwise_spread|interval_tight_mccormick_G_bit|low_gini_centering_band|objective_lower_estimator_cutoff|penalty_deviation_upper_bound|penalty_final_inventory_domain|penalty_lower_bound_closure|required_station_movement|sp_product_mccormick|sp_product_objective_estimator_paper_safe|variable_s_low_gini_centering,78b0278ebe4f6786,passed,
stage3__moderate_seed3302__s0__1800s__dense_on,404,18,branch_bounds_only,full-inherited-pack,1421,42,0,0,0,0,0,0,41,0.0145752,direct_gini_cap|direct_gini_floor|gini_interval_bound|gini_pairwise_spread|interval_tight_mccormick_G_bit|low_gini_centering_band|objective_lower_estimator_cutoff|penalty_deviation_upper_bound|penalty_final_inventory_domain|penalty_lower_bound_closure|required_station_movement|sp_product_mccormick|sp_product_objective_estimator_paper_safe|variable_s_low_gini_centering,c9516898512a74fe,passed,
stage3__moderate_seed3302__s0__1800s__dense_on,403,18,deferred_first_relaxation_attach,full-inherited-pack,1421,42,0,0,0,0,0,1421,41,0.0142218,direct_gini_cap|direct_gini_floor|gini_interval_bound|gini_pairwise_spread|interval_tight_mccormick_G_bit|low_gini_centering_band|objective_lower_estimator_cutoff|penalty_deviation_upper_bound|penalty_final_inventory_domain|penalty_lower_bound_closure|required_station_movement|sp_product_mccormick|sp_product_objective_estimator_paper_safe|variable_s_low_gini_centering,78b0278ebe4f6786,passed,
stage3__moderate_seed3302__s0__1800s__dense_on,405,403,branch_bounds_only,full-inherited-pack,1421,42,0,0,0,0,0,0,41,0.014359200000000001,direct_gini_cap|direct_gini_floor|gini_interval_bound|gini_pairwise_spread|interval_tight_mccormick_G_bit|low_gini_centering_band|objective_lower_estimator_cutoff|penalty_deviation_upper_bound|penalty_final_inventory_domain|penalty_lower_bound_closure|required_station_movement|sp_product_mccormick|sp_product_objective_estimator_paper_safe|variable_s_low_gini_centering,1679b69f88f0b7c3,passed,
stage3__moderate_seed3302__s0__1800s__dense_on,406,403,branch_bounds_only,full-inherited-pack,1421,42,0,0,0,0,0,0,41,0.014366200000000001,direct_gini_cap|direct_gini_floor|gini_interval_bound|gini_pairwise_spread|interval_tight_mccormick_G_bit|low_gini_centering_band|objective_lower_estimator_cutoff|penalty_deviation_upper_bound|penalty_final_inventory_domain|penalty_lower_bound_closure|required_station_movement|sp_product_mccormick|sp_product_objective_estimator_paper_safe|variable_s_low_gini_centering,3cfcab553fce472c,passed,
stage3__moderate_seed3302__s0__1800s__dense_on,405,403,deferred_first_relaxation_attach,full-inherited-pack,1421,42,0,0,0,0,0,1421,41,0.0144079,direct_gini_cap|direct_gini_floor|gini_interval_bound|gini_pairwise_spread|interval_tight_mccormick_G_bit|low_gini_centering_band|objective_lower_estimator_cutoff|penalty_deviation_upper_bound|penalty_final_inventory_domain|penalty_lower_bound_closure|required_station_movement|sp_product_mccormick|sp_product_objective_estimator_paper_safe|variable_s_low_gini_centering,1679b69f88f0b7c3,passed,
stage3__moderate_seed3302__s0__1800s__dense_on,407,405,branch_bounds_only,full-inherited-pack,1421,42,0,0,0,0,0,0,41,0.014849899999999999,direct_gini_cap|direct_gini_floor|gini_interval_bound|gini_pairwise_spread|interval_tight_mccormick_G_bit|low_gini_centering_band|objective_lower_estimator_cutoff|penalty_deviation_upper_bound|penalty_final_inventory_domain|penalty_lower_bound_closure|required_station_movement|sp_product_mccormick|sp_product_objective_estimator_paper_safe|variable_s_low_gini_centering,a0b40b6c04ede03a,passed,
stage3__moderate_seed3302__s0__1800s__dense_on,408,405,branch_bounds_only,full-inherited-pack,1421,42,0,0,0,0,0,0,41,0.0146602,direct_gini_cap|direct_gini_floor|gini_interval_bound|gini_pairwise_spread|interval_tight_mccormick_G_bit|low_gini_centering_band|objective_lower_estimator_cutoff|penalty_deviation_upper_bound|penalty_final_inventory_domain|penalty_lower_bound_closure|required_station_movement|sp_product_mccormick|sp_product_objective_estimator_paper_safe|variable_s_low_gini_centering,57859b00a166afc2,passed,
stage3__moderate_seed3302__s0__1800s__dense_on,407,405,deferred_first_relaxation_attach,full-inherited-pack,1421,42,0,0,0,0,0,1421,41,0.0144455,direct_gini_cap|direct_gini_floor|gini_interval_bound|gini_pairwise_spread|interval_tight_mccormick_G_bit|low_gini_centering_band|objective_lower_estimator_cutoff|penalty_deviation_upper_bound|penalty_final_inventory_domain|penalty_lower_bound_closure|required_station_movement|sp_product_mccormick|sp_product_objective_estimator_paper_safe|variable_s_low_gini_centering,a0b40b6c04ede03a,passed,
stage3__moderate_seed3302__s0__1800s__dense_on,409,407,branch_bounds_only,full-inherited-pack,1421,42,0,0,0,0,0,0,41,0.0142781,direct_gini_cap|direct_gini_floor|gini_interval_bound|gini_pairwise_spread|interval_tight_mccormick_G_bit|low_gini_centering_band|objective_lower_estimator_cutoff|penalty_deviation_upper_bound|penalty_final_inventory_domain|penalty_lower_bound_closure|required_station_movement|sp_product_mccormick|sp_product_objective_estimator_paper_safe|variable_s_low_gini_centering,04dde9d8a7f92945,passed,
stage3__moderate_seed3302__s0__1800s__dense_on,410,407,branch_bounds_only,full-inherited-pack,1421,42,0,0,0,0,0,0,41,0.0141776,direct_gini_cap|direct_gini_floor|gini_interval_bound|gini_pairwise_spread|interval_tight_mccormick_G_bit|low_gini_centering_band|objective_lower_estimator_cutoff|penalty_deviation_upper_bound|penalty_final_inventory_domain|penalty_lower_bound_closure|required_station_movement|sp_product_mccormick|sp_product_objective_estimator_paper_safe|variable_s_low_gini_centering,7385123f50eee711,passed,
stage3__moderate_seed3302__s0__1800s__dense_on,409,407,deferred_first_relaxation_attach,full-inherited-pack,1421,42,0,0,0,0,0,1421,41,0.0145731,direct_gini_cap|direct_gini_floor|gini_interval_bound|gini_pairwise_spread|interval_tight_mccormick_G_bit|low_gini_centering_band|objective_lower_estimator_cutoff|penalty_deviation_upper_bound|penalty_final_inventory_domain|penalty_lower_bound_closure|required_station_movement|sp_product_mccormick|sp_product_objective_estimator_paper_safe|variable_s_low_gini_centering,04dde9d8a7f92945,passed,
stage3__moderate_seed3302__s0__1800s__dense_on,411,409,branch_bounds_only,full-inherited-pack,1421,42,0,0,0,0,0,0,41,0.014451800000000001,direct_gini_cap|direct_gini_floor|gini_interval_bound|gini_pairwise_spread|interval_tight_mccormick_G_bit|low_gini_centering_band|objective_lower_estimator_cutoff|penalty_deviation_upper_bound|penalty_final_inventory_domain|penalty_lower_bound_closure|required_station_movement|sp_product_mccormick|sp_product_objective_estimator_paper_safe|variable_s_low_gini_centering,c516be588c8b8c46,passed,
stage3__moderate_seed3302__s0__1800s__dense_on,412,409,branch_bounds_only,full-inherited-pack,1421,42,0,0,0,0,0,0,41,0.0142466,direct_gini_cap|direct_gini_floor|gini_interval_bound|gini_pairwise_spread|interval_tight_mccormick_G_bit|low_gini_centering_band|objective_lower_estimator_cutoff|penalty_deviation_upper_bound|penalty_final_inventory_domain|penalty_lower_bound_closure|required_station_movement|sp_product_mccormick|sp_product_objective_estimator_paper_safe|variable_s_low_gini_centering,692bf7b38085a30d,passed,
stage3__moderate_seed3302__s0__1800s__dense_on,411,409,deferred_first_relaxation_attach,full-inherited-pack,1421,42,0,0,0,0,0,1421,41,0.0144963,direct_gini_cap|direct_gini_floor|gini_interval_bound|gini_pairwise_spread|interval_tight_mccormick_G_bit|low_gini_centering_band|objective_lower_estimator_cutoff|penalty_deviation_upper_bound|penalty_final_inventory_domain|penalty_lower_bound_closure|required_station_movement|sp_product_mccormick|sp_product_objective_estimator_paper_safe|variable_s_low_gini_centering,c516be588c8b8c46,passed,
stage3__moderate_seed3302__s0__1800s__dense_on,412,409,deferred_first_relaxation_attach,full-inherited-pack,1421,42,0,0,0,0,0,1421,41,0.014430500000000001,direct_gini_cap|direct_gini_floor|gini_interval_bound|gini_pairwise_spread|interval_tight_mccormick_G_bit|low_gini_centering_band|objective_lower_estimator_cutoff|penalty_deviation_upper_bound|penalty_final_inventory_domain|penalty_lower_bound_closure|required_station_movement|sp_product_mccormick|sp_product_objective_estimator_paper_safe|variable_s_low_gini_centering,692bf7b38085a30d,passed,
stage3__moderate_seed3302__s0__1800s__dense_on,17,14,deferred_first_relaxation_attach,full-inherited-pack,1421,42,0,0,0,0,0,1421,41,0.0147715,direct_gini_cap|direct_gini_floor|gini_interval_bound|gini_pairwise_spread|interval_tight_mccormick_G_bit|low_gini_centering_band|objective_lower_estimator_cutoff|penalty_deviation_upper_bound|penalty_final_inventory_domain|penalty_lower_bound_closure|required_station_movement|sp_product_mccormick|sp_product_objective_estimator_paper_safe|variable_s_low_gini_centering,77f1b9134e56d334,passed,
stage3__moderate_seed3302__s0__1800s__dense_on,491,17,branch_bounds_only,full-inherited-pack,1421,42,0,0,0,0,0,0,41,0.0146623,direct_gini_cap|direct_gini_floor|gini_interval_bound|gini_pairwise_spread|interval_tight_mccormick_G_bit|low_gini_centering_band|objective_lower_estimator_cutoff|penalty_deviation_upper_bound|penalty_final_inventory_domain|penalty_lower_bound_closure|required_station_movement|sp_product_mccormick|sp_product_objective_estimator_paper_safe|variable_s_low_gini_centering,d483811938bc6b09,passed,
stage3__moderate_seed3302__s0__1800s__dense_on,492,17,branch_bounds_only,full-inherited-pack,1421,42,0,0,0,0,0,0,41,0.015049999999999999,direct_gini_cap|direct_gini_floor|gini_interval_bound|gini_pairwise_spread|interval_tight_mccormick_G_bit|low_gini_centering_band|objective_lower_estimator_cutoff|penalty_deviation_upper_bound|penalty_final_inventory_domain|penalty_lower_bound_closure|required_station_movement|sp_product_mccormick|sp_product_objective_estimator_paper_safe|variable_s_low_gini_centering,ae98a556696e8b5f,passed,
stage3__moderate_seed3302__s0__1800s__dense_on,491,17,deferred_first_relaxation_attach,full-inherited-pack,1421,42,0,0,0,0,0,1421,41,0.0144783,direct_gini_cap|direct_gini_floor|gini_interval_bound|gini_pairwise_spread|interval_tight_mccormick_G_bit|low_gini_centering_band|objective_lower_estimator_cutoff|penalty_deviation_upper_bound|penalty_final_inventory_domain|penalty_lower_bound_closure|required_station_movement|sp_product_mccormick|sp_product_objective_estimator_paper_safe|variable_s_low_gini_centering,d483811938bc6b09,passed,
stage3__moderate_seed3302__s0__1800s__dense_on,493,491,branch_bounds_only,full-inherited-pack,1421,42,0,0,0,0,0,0,41,0.0144536,direct_gini_cap|direct_gini_floor|gini_interval_bound|gini_pairwise_spread|interval_tight_mccormick_G_bit|low_gini_centering_band|objective_lower_estimator_cutoff|penalty_deviation_upper_bound|penalty_final_inventory_domain|penalty_lower_bound_closure|required_station_movement|sp_product_mccormick|sp_product_objective_estimator_paper_safe|variable_s_low_gini_centering,82d864aa9c89aae2,passed,
stage3__moderate_seed3302__s0__1800s__dense_on,494,491,branch_bounds_only,full-inherited-pack,1421,42,0,0,0,0,0,0,41,0.014187399999999999,direct_gini_cap|direct_gini_floor|gini_interval_bound|gini_pairwise_spread|interval_tight_mccormick_G_bit|low_gini_centering_band|objective_lower_estimator_cutoff|penalty_deviation_upper_bound|penalty_final_inventory_domain|penalty_lower_bound_closure|required_station_movement|sp_product_mccormick|sp_product_objective_estimator_paper_safe|variable_s_low_gini_centering,0bf067cc80917543,passed,
stage3__moderate_seed3302__s0__1800s__dense_on,492,17,deferred_first_relaxation_attach,full-inherited-pack,1421,42,0,0,0,0,0,1421,41,0.0146596,direct_gini_cap|direct_gini_floor|gini_interval_bound|gini_pairwise_spread|interval_tight_mccormick_G_bit|low_gini_centering_band|objective_lower_estimator_cutoff|penalty_deviation_upper_bound|penalty_final_inventory_domain|penalty_lower_bound_closure|required_station_movement|sp_product_mccormick|sp_product_objective_estimator_paper_safe|variable_s_low_gini_centering,ae98a556696e8b5f,passed,
stage3__moderate_seed3302__s0__1800s__dense_on,495,492,branch_bounds_only,full-inherited-pack,1421,42,0,0,0,0,0,0,41,0.014406800000000001,direct_gini_cap|direct_gini_floor|gini_interval_bound|gini_pairwise_spread|interval_tight_mccormick_G_bit|low_gini_centering_band|objective_lower_estimator_cutoff|penalty_deviation_upper_bound|penalty_final_inventory_domain|penalty_lower_bound_closure|required_station_movement|sp_product_mccormick|sp_product_objective_estimator_paper_safe|variable_s_low_gini_centering,019f20b09bd9d529,passed,
stage3__moderate_seed3302__s0__1800s__dense_on,496,492,branch_bounds_only,full-inherited-pack,1421,42,0,0,0,0,0,0,41,0.0142945,direct_gini_cap|direct_gini_floor|gini_interval_bound|gini_pairwise_spread|interval_tight_mccormick_G_bit|low_gini_centering_band|objective_lower_estimator_cutoff|penalty_deviation_upper_bound|penalty_final_inventory_domain|penalty_lower_bound_closure|required_station_movement|sp_product_mccormick|sp_product_objective_estimator_paper_safe|variable_s_low_gini_centering,dd7ebf7f468afd9d,passed,
stage3__moderate_seed3302__s0__1800s__dense_on,493,491,deferred_first_relaxation_attach,full-inherited-pack,1421,42,0,0,0,0,0,1421,41,0.0148091,direct_gini_cap|direct_gini_floor|gini_interval_bound|gini_pairwise_spread|interval_tight_mccormick_G_bit|low_gini_centering_band|objective_lower_estimator_cutoff|penalty_deviation_upper_bound|penalty_final_inventory_domain|penalty_lower_bound_closure|required_station_movement|sp_product_mccormick|sp_product_objective_estimator_paper_safe|variable_s_low_gini_centering,82d864aa9c89aae2,passed,
stage3__moderate_seed3302__s0__1800s__dense_on,497,493,branch_bounds_only,full-inherited-pack,1421,42,0,0,0,0,0,0,41,0.0146657,direct_gini_cap|direct_gini_floor|gini_interval_bound|gini_pairwise_spread|interval_tight_mccormick_G_bit|low_gini_centering_band|objective_lower_estimator_cutoff|penalty_deviation_upper_bound|penalty_final_inventory_domain|penalty_lower_bound_closure|required_station_movement|sp_product_mccormick|sp_product_objective_estimator_paper_safe|variable_s_low_gini_centering,d27b92441b4d54cd,passed,
stage3__moderate_seed3302__s0__1800s__dense_on,498,493,branch_bounds_only,full-inherited-pack,1421,42,0,0,0,0,0,0,41,0.0149477,direct_gini_cap|direct_gini_floor|gini_interval_bound|gini_pairwise_spread|interval_tight_mccormick_G_bit|low_gini_centering_band|objective_lower_estimator_cutoff|penalty_deviation_upper_bound|penalty_final_inventory_domain|penalty_lower_bound_closure|required_station_movement|sp_product_mccormick|sp_product_objective_estimator_paper_safe|variable_s_low_gini_centering,328f4346ada7e8fb,passed,
stage3__moderate_seed3302__s0__1800s__dense_on,497,493,deferred_first_relaxation_attach,full-inherited-pack,1421,42,0,0,0,0,0,1421,41,0.014574999999999999,direct_gini_cap|direct_gini_floor|gini_interval_bound|gini_pairwise_spread|interval_tight_mccormick_G_bit|low_gini_centering_band|objective_lower_estimator_cutoff|penalty_deviation_upper_bound|penalty_final_inventory_domain|penalty_lower_bound_closure|required_station_movement|sp_product_mccormick|sp_product_objective_estimator_paper_safe|variable_s_low_gini_centering,d27b92441b4d54cd,passed,
stage3__moderate_seed3302__s0__1800s__dense_on,499,497,branch_bounds_only,full-inherited-pack,1421,42,0,0,0,0,0,0,41,0.014503200000000001,direct_gini_cap|direct_gini_floor|gini_interval_bound|gini_pairwise_spread|interval_tight_mccormick_G_bit|low_gini_centering_band|objective_lower_estimator_cutoff|penalty_deviation_upper_bound|penalty_final_inventory_domain|penalty_lower_bound_closure|required_station_movement|sp_product_mccormick|sp_product_objective_estimator_paper_safe|variable_s_low_gini_centering,24f3fccaec6e3113,passed,
stage3__moderate_seed3302__s0__1800s__dense_on,500,497,branch_bounds_only,full-inherited-pack,1421,42,0,0,0,0,0,0,41,0.0145074,direct_gini_cap|direct_gini_floor|gini_interval_bound|gini_pairwise_spread|interval_tight_mccormick_G_bit|low_gini_centering_band|objective_lower_estimator_cutoff|penalty_deviation_upper_bound|penalty_final_inventory_domain|penalty_lower_bound_closure|required_station_movement|sp_product_mccormick|sp_product_objective_estimator_paper_safe|variable_s_low_gini_centering,1b71819878da28e3,passed,
stage3__moderate_seed3302__s0__1800s__dense_on,498,493,deferred_first_relaxation_attach,full-inherited-pack,1421,42,0,0,0,0,0,1421,41,0.014622599999999999,direct_gini_cap|direct_gini_floor|gini_interval_bound|gini_pairwise_spread|interval_tight_mccormick_G_bit|low_gini_centering_band|objective_lower_estimator_cutoff|penalty_deviation_upper_bound|penalty_final_inventory_domain|penalty_lower_bound_closure|required_station_movement|sp_product_mccormick|sp_product_objective_estimator_paper_safe|variable_s_low_gini_centering,328f4346ada7e8fb,passed,
stage3__moderate_seed3302__s0__1800s__dense_on,501,498,branch_bounds_only,full-inherited-pack,1421,42,0,0,0,0,0,0,41,0.014572099999999999,direct_gini_cap|direct_gini_floor|gini_interval_bound|gini_pairwise_spread|interval_tight_mccormick_G_bit|low_gini_centering_band|objective_lower_estimator_cutoff|penalty_deviation_upper_bound|penalty_final_inventory_domain|penalty_lower_bound_closure|required_station_movement|sp_product_mccormick|sp_product_objective_estimator_paper_safe|variable_s_low_gini_centering,f53647208f6596da,passed,
stage3__moderate_seed3302__s0__1800s__dense_on,502,498,branch_bounds_only,full-inherited-pack,1421,42,0,0,0,0,0,0,41,0.014582100000000001,direct_gini_cap|direct_gini_floor|gini_interval_bound|gini_pairwise_spread|interval_tight_mccormick_G_bit|low_gini_centering_band|objective_lower_estimator_cutoff|penalty_deviation_upper_bound|penalty_final_inventory_domain|penalty_lower_bound_closure|required_station_movement|sp_product_mccormick|sp_product_objective_estimator_paper_safe|variable_s_low_gini_centering,1d5b0d14238ad4ea,passed,
stage3__moderate_seed3302__s0__1800s__dense_on,499,497,deferred_first_relaxation_attach,full-inherited-pack,1421,42,0,0,0,0,0,1421,41,0.014801999999999999,direct_gini_cap|direct_gini_floor|gini_interval_bound|gini_pairwise_spread|interval_tight_mccormick_G_bit|low_gini_centering_band|objective_lower_estimator_cutoff|penalty_deviation_upper_bound|penalty_final_inventory_domain|penalty_lower_bound_closure|required_station_movement|sp_product_mccormick|sp_product_objective_estimator_paper_safe|variable_s_low_gini_centering,24f3fccaec6e3113,passed,
stage3__moderate_seed3302__s0__1800s__dense_on,503,499,branch_bounds_only,full-inherited-pack,1421,42,0,0,0,0,0,0,41,0.0151635,direct_gini_cap|direct_gini_floor|gini_interval_bound|gini_pairwise_spread|interval_tight_mccormick_G_bit|low_gini_centering_band|objective_lower_estimator_cutoff|penalty_deviation_upper_bound|penalty_final_inventory_domain|penalty_lower_bound_closure|required_station_movement|sp_product_mccormick|sp_product_objective_estimator_paper_safe|variable_s_low_gini_centering,75e3044b0d328864,passed,
stage3__moderate_seed3302__s0__1800s__dense_on,504,499,branch_bounds_only,full-inherited-pack,1421,42,0,0,0,0,0,0,41,0.0147142,direct_gini_cap|direct_gini_floor|gini_interval_bound|gini_pairwise_spread|interval_tight_mccormick_G_bit|low_gini_centering_band|objective_lower_estimator_cutoff|penalty_deviation_upper_bound|penalty_final_inventory_domain|penalty_lower_bound_closure|required_station_movement|sp_product_mccormick|sp_product_objective_estimator_paper_safe|variable_s_low_gini_centering,c8bd18806c600491,passed,
stage3__moderate_seed3302__s0__1800s__dense_on,500,497,deferred_first_relaxation_attach,full-inherited-pack,1421,42,0,0,0,0,0,1421,41,0.0154358,direct_gini_cap|direct_gini_floor|gini_interval_bound|gini_pairwise_spread|interval_tight_mccormick_G_bit|low_gini_centering_band|objective_lower_estimator_cutoff|penalty_deviation_upper_bound|penalty_final_inventory_domain|penalty_lower_bound_closure|required_station_movement|sp_product_mccormick|sp_product_objective_estimator_paper_safe|variable_s_low_gini_centering,1b71819878da28e3,passed,
stage3__moderate_seed3302__s0__1800s__dense_on,505,500,branch_bounds_only,full-inherited-pack,1421,42,0,0,0,0,0,0,41,0.014495900000000001,direct_gini_cap|direct_gini_floor|gini_interval_bound|gini_pairwise_spread|interval_tight_mccormick_G_bit|low_gini_centering_band|objective_lower_estimator_cutoff|penalty_deviation_upper_bound|penalty_final_inventory_domain|penalty_lower_bound_closure|required_station_movement|sp_product_mccormick|sp_product_objective_estimator_paper_safe|variable_s_low_gini_centering,98fe9880082b2fc0,passed,
stage3__moderate_seed3302__s0__1800s__dense_on,506,500,branch_bounds_only,full-inherited-pack,1421,42,0,0,0,0,0,0,41,0.0146879,direct_gini_cap|direct_gini_floor|gini_interval_bound|gini_pairwise_spread|interval_tight_mccormick_G_bit|low_gini_centering_band|objective_lower_estimator_cutoff|penalty_deviation_upper_bound|penalty_final_inventory_domain|penalty_lower_bound_closure|required_station_movement|sp_product_mccormick|sp_product_objective_estimator_paper_safe|variable_s_low_gini_centering,f4e1fda3b02e40fc,passed,
stage3__moderate_seed3302__s0__1800s__dense_on,505,500,deferred_first_relaxation_attach,full-inherited-pack,1421,42,0,0,0,0,0,1421,41,0.014444,direct_gini_cap|direct_gini_floor|gini_interval_bound|gini_pairwise_spread|interval_tight_mccormick_G_bit|low_gini_centering_band|objective_lower_estimator_cutoff|penalty_deviation_upper_bound|penalty_final_inventory_domain|penalty_lower_bound_closure|required_station_movement|sp_product_mccormick|sp_product_objective_estimator_paper_safe|variable_s_low_gini_centering,98fe9880082b2fc0,passed,
stage3__moderate_seed3302__s0__1800s__dense_on,506,500,deferred_first_relaxation_attach,full-inherited-pack,1421,42,0,0,0,0,0,1421,41,0.014460499999999999,direct_gini_cap|direct_gini_floor|gini_interval_bound|gini_pairwise_spread|interval_tight_mccormick_G_bit|low_gini_centering_band|objective_lower_estimator_cutoff|penalty_deviation_upper_bound|penalty_final_inventory_domain|penalty_lower_bound_closure|required_station_movement|sp_product_mccormick|sp_product_objective_estimator_paper_safe|variable_s_low_gini_centering,f4e1fda3b02e40fc,passed,
stage3__moderate_seed3302__s0__1800s__dense_on,252,22,deferred_first_relaxation_attach,full-inherited-pack,1421,42,0,0,0,0,0,1421,41,0.0146874,direct_gini_cap|direct_gini_floor|gini_interval_bound|gini_pairwise_spread|interval_tight_mccormick_G_bit|low_gini_centering_band|objective_lower_estimator_cutoff|penalty_deviation_upper_bound|penalty_final_inventory_domain|penalty_lower_bound_closure|required_station_movement|sp_product_mccormick|sp_product_objective_estimator_paper_safe|variable_s_low_gini_centering,f886396cbccc3dfc,passed,
stage3__moderate_seed3302__s0__1800s__dense_on,565,252,branch_bounds_only,full-inherited-pack,1421,42,0,0,0,0,0,0,41,0.014567099999999999,direct_gini_cap|direct_gini_floor|gini_interval_bound|gini_pairwise_spread|interval_tight_mccormick_G_bit|low_gini_centering_band|objective_lower_estimator_cutoff|penalty_deviation_upper_bound|penalty_final_inventory_domain|penalty_lower_bound_closure|required_station_movement|sp_product_mccormick|sp_product_objective_estimator_paper_safe|variable_s_low_gini_centering,6e74345e5b5b3742,passed,
stage3__moderate_seed3302__s0__1800s__dense_on,566,252,branch_bounds_only,full-inherited-pack,1421,42,0,0,0,0,0,0,41,0.0143056,direct_gini_cap|direct_gini_floor|gini_interval_bound|gini_pairwise_spread|interval_tight_mccormick_G_bit|low_gini_centering_band|objective_lower_estimator_cutoff|penalty_deviation_upper_bound|penalty_final_inventory_domain|penalty_lower_bound_closure|required_station_movement|sp_product_mccormick|sp_product_objective_estimator_paper_safe|variable_s_low_gini_centering,9b31d523bdff888a,passed,
stage3__moderate_seed3302__s0__1800s__dense_on,565,252,deferred_first_relaxation_attach,full-inherited-pack,1421,42,0,0,0,0,0,1421,41,0.0144058,direct_gini_cap|direct_gini_floor|gini_interval_bound|gini_pairwise_spread|interval_tight_mccormick_G_bit|low_gini_centering_band|objective_lower_estimator_cutoff|penalty_deviation_upper_bound|penalty_final_inventory_domain|penalty_lower_bound_closure|required_station_movement|sp_product_mccormick|sp_product_objective_estimator_paper_safe|variable_s_low_gini_centering,6e74345e5b5b3742,passed,
stage3__moderate_seed3302__s0__1800s__dense_on,567,565,branch_bounds_only,full-inherited-pack,1421,42,0,0,0,0,0,0,41,0.0143766,direct_gini_cap|direct_gini_floor|gini_interval_bound|gini_pairwise_spread|interval_tight_mccormick_G_bit|low_gini_centering_band|objective_lower_estimator_cutoff|penalty_deviation_upper_bound|penalty_final_inventory_domain|penalty_lower_bound_closure|required_station_movement|sp_product_mccormick|sp_product_objective_estimator_paper_safe|variable_s_low_gini_centering,c2b1649942e59e2d,passed,
stage3__moderate_seed3302__s0__1800s__dense_on,568,565,branch_bounds_only,full-inherited-pack,1421,42,0,0,0,0,0,0,41,0.014388099999999999,direct_gini_cap|direct_gini_floor|gini_interval_bound|gini_pairwise_spread|interval_tight_mccormick_G_bit|low_gini_centering_band|objective_lower_estimator_cutoff|penalty_deviation_upper_bound|penalty_final_inventory_domain|penalty_lower_bound_closure|required_station_movement|sp_product_mccormick|sp_product_objective_estimator_paper_safe|variable_s_low_gini_centering,1f27ea25ae3b5887,passed,
stage3__moderate_seed3302__s0__1800s__dense_on,567,565,deferred_first_relaxation_attach,full-inherited-pack,1421,42,0,0,0,0,0,1421,41,0.0142872,direct_gini_cap|direct_gini_floor|gini_interval_bound|gini_pairwise_spread|interval_tight_mccormick_G_bit|low_gini_centering_band|objective_lower_estimator_cutoff|penalty_deviation_upper_bound|penalty_final_inventory_domain|penalty_lower_bound_closure|required_station_movement|sp_product_mccormick|sp_product_objective_estimator_paper_safe|variable_s_low_gini_centering,c2b1649942e59e2d,passed,
stage3__moderate_seed3302__s0__1800s__dense_on,569,567,branch_bounds_only,full-inherited-pack,1421,42,0,0,0,0,0,0,41,0.0148773,direct_gini_cap|direct_gini_floor|gini_interval_bound|gini_pairwise_spread|interval_tight_mccormick_G_bit|low_gini_centering_band|objective_lower_estimator_cutoff|penalty_deviation_upper_bound|penalty_final_inventory_domain|penalty_lower_bound_closure|required_station_movement|sp_product_mccormick|sp_product_objective_estimator_paper_safe|variable_s_low_gini_centering,33687e5e6e81713f,passed,
stage3__moderate_seed3302__s0__1800s__dense_on,570,567,branch_bounds_only,full-inherited-pack,1421,42,0,0,0,0,0,0,41,0.014604799999999999,direct_gini_cap|direct_gini_floor|gini_interval_bound|gini_pairwise_spread|interval_tight_mccormick_G_bit|low_gini_centering_band|objective_lower_estimator_cutoff|penalty_deviation_upper_bound|penalty_final_inventory_domain|penalty_lower_bound_closure|required_station_movement|sp_product_mccormick|sp_product_objective_estimator_paper_safe|variable_s_low_gini_centering,5c0025ebd43c5af1,passed,
stage3__moderate_seed3302__s0__1800s__dense_on,569,567,deferred_first_relaxation_attach,full-inherited-pack,1421,42,0,0,0,0,0,1421,41,0.0146429,direct_gini_cap|direct_gini_floor|gini_interval_bound|gini_pairwise_spread|interval_tight_mccormick_G_bit|low_gini_centering_band|objective_lower_estimator_cutoff|penalty_deviation_upper_bound|penalty_final_inventory_domain|penalty_lower_bound_closure|required_station_movement|sp_product_mccormick|sp_product_objective_estimator_paper_safe|variable_s_low_gini_centering,33687e5e6e81713f,passed,
stage3__moderate_seed3302__s0__1800s__dense_on,312,308,deferred_first_relaxation_attach,full-inherited-pack,1421,42,0,0,0,0,0,1421,41,0.014560099999999999,direct_gini_cap|direct_gini_floor|gini_interval_bound|gini_pairwise_spread|interval_tight_mccormick_G_bit|low_gini_centering_band|objective_lower_estimator_cutoff|penalty_deviation_upper_bound|penalty_final_inventory_domain|penalty_lower_bound_closure|required_station_movement|sp_product_mccormick|sp_product_objective_estimator_paper_safe|variable_s_low_gini_centering,0d5863e1a35557ad,passed,
stage3__moderate_seed3302__s0__1800s__dense_on,705,312,branch_bounds_only,full-inherited-pack,1421,42,0,0,0,0,0,0,41,0.0142618,direct_gini_cap|direct_gini_floor|gini_interval_bound|gini_pairwise_spread|interval_tight_mccormick_G_bit|low_gini_centering_band|objective_lower_estimator_cutoff|penalty_deviation_upper_bound|penalty_final_inventory_domain|penalty_lower_bound_closure|required_station_movement|sp_product_mccormick|sp_product_objective_estimator_paper_safe|variable_s_low_gini_centering,f17539f655397d64,passed,
stage3__moderate_seed3302__s0__1800s__dense_on,706,312,branch_bounds_only,full-inherited-pack,1421,42,0,0,0,0,0,0,41,0.0148293,direct_gini_cap|direct_gini_floor|gini_interval_bound|gini_pairwise_spread|interval_tight_mccormick_G_bit|low_gini_centering_band|objective_lower_estimator_cutoff|penalty_deviation_upper_bound|penalty_final_inventory_domain|penalty_lower_bound_closure|required_station_movement|sp_product_mccormick|sp_product_objective_estimator_paper_safe|variable_s_low_gini_centering,3977cbd9be12bfbb,passed,
stage3__moderate_seed3302__s0__1800s__dense_on,705,312,deferred_first_relaxation_attach,full-inherited-pack,1421,42,0,0,0,0,0,1421,41,0.0143409,direct_gini_cap|direct_gini_floor|gini_interval_bound|gini_pairwise_spread|interval_tight_mccormick_G_bit|low_gini_centering_band|objective_lower_estimator_cutoff|penalty_deviation_upper_bound|penalty_final_inventory_domain|penalty_lower_bound_closure|required_station_movement|sp_product_mccormick|sp_product_objective_estimator_paper_safe|variable_s_low_gini_centering,f17539f655397d64,passed,
stage3__moderate_seed3302__s0__1800s__dense_on,707,705,branch_bounds_only,full-inherited-pack,1421,42,0,0,0,0,0,0,41,0.0151164,direct_gini_cap|direct_gini_floor|gini_interval_bound|gini_pairwise_spread|interval_tight_mccormick_G_bit|low_gini_centering_band|objective_lower_estimator_cutoff|penalty_deviation_upper_bound|penalty_final_inventory_domain|penalty_lower_bound_closure|required_station_movement|sp_product_mccormick|sp_product_objective_estimator_paper_safe|variable_s_low_gini_centering,e90df13fa0872686,passed,
stage3__moderate_seed3302__s0__1800s__dense_on,708,705,branch_bounds_only,full-inherited-pack,1421,42,0,0,0,0,0,0,41,0.016745199999999998,direct_gini_cap|direct_gini_floor|gini_interval_bound|gini_pairwise_spread|interval_tight_mccormick_G_bit|low_gini_centering_band|objective_lower_estimator_cutoff|penalty_deviation_upper_bound|penalty_final_inventory_domain|penalty_lower_bound_closure|required_station_movement|sp_product_mccormick|sp_product_objective_estimator_paper_safe|variable_s_low_gini_centering,6142dcaf4816e400,passed,
stage3__moderate_seed3302__s0__1800s__dense_on,707,705,deferred_first_relaxation_attach,full-inherited-pack,1421,42,0,0,0,0,0,1421,41,0.0141618,direct_gini_cap|direct_gini_floor|gini_interval_bound|gini_pairwise_spread|interval_tight_mccormick_G_bit|low_gini_centering_band|objective_lower_estimator_cutoff|penalty_deviation_upper_bound|penalty_final_inventory_domain|penalty_lower_bound_closure|required_station_movement|sp_product_mccormick|sp_product_objective_estimator_paper_safe|variable_s_low_gini_centering,e90df13fa0872686,passed,
stage3__moderate_seed3302__s0__1800s__dense_on,708,705,deferred_first_relaxation_attach,full-inherited-pack,1421,42,0,0,0,0,0,1421,41,0.014807600000000001,direct_gini_cap|direct_gini_floor|gini_interval_bound|gini_pairwise_spread|interval_tight_mccormick_G_bit|low_gini_centering_band|objective_lower_estimator_cutoff|penalty_deviation_upper_bound|penalty_final_inventory_domain|penalty_lower_bound_closure|required_station_movement|sp_product_mccormick|sp_product_objective_estimator_paper_safe|variable_s_low_gini_centering,6142dcaf4816e400,passed,
stage3__moderate_seed3302__s0__1800s__dense_on,311,308,deferred_first_relaxation_attach,full-inherited-pack,1421,42,0,0,0,0,0,1421,41,0.014824800000000001,direct_gini_cap|direct_gini_floor|gini_interval_bound|gini_pairwise_spread|interval_tight_mccormick_G_bit|low_gini_centering_band|objective_lower_estimator_cutoff|penalty_deviation_upper_bound|penalty_final_inventory_domain|penalty_lower_bound_closure|required_station_movement|sp_product_mccormick|sp_product_objective_estimator_paper_safe|variable_s_low_gini_centering,3ac70b98c73cac42,passed,
stage3__moderate_seed3302__s0__1800s__dense_on,763,311,branch_bounds_only,full-inherited-pack,1421,42,0,0,0,0,0,0,41,0.0147466,direct_gini_cap|direct_gini_floor|gini_interval_bound|gini_pairwise_spread|interval_tight_mccormick_G_bit|low_gini_centering_band|objective_lower_estimator_cutoff|penalty_deviation_upper_bound|penalty_final_inventory_domain|penalty_lower_bound_closure|required_station_movement|sp_product_mccormick|sp_product_objective_estimator_paper_safe|variable_s_low_gini_centering,7ca87b3ac2a02a46,passed,
stage3__moderate_seed3302__s0__1800s__dense_on,764,311,branch_bounds_only,full-inherited-pack,1421,42,0,0,0,0,0,0,41,0.014477200000000001,direct_gini_cap|direct_gini_floor|gini_interval_bound|gini_pairwise_spread|interval_tight_mccormick_G_bit|low_gini_centering_band|objective_lower_estimator_cutoff|penalty_deviation_upper_bound|penalty_final_inventory_domain|penalty_lower_bound_closure|required_station_movement|sp_product_mccormick|sp_product_objective_estimator_paper_safe|variable_s_low_gini_centering,cbd38c22a85f6660,passed,
stage3__moderate_seed3302__s0__1800s__dense_on,763,311,deferred_first_relaxation_attach,full-inherited-pack,1421,42,0,0,0,0,0,1421,41,0.0142553,direct_gini_cap|direct_gini_floor|gini_interval_bound|gini_pairwise_spread|interval_tight_mccormick_G_bit|low_gini_centering_band|objective_lower_estimator_cutoff|penalty_deviation_upper_bound|penalty_final_inventory_domain|penalty_lower_bound_closure|required_station_movement|sp_product_mccormick|sp_product_objective_estimator_paper_safe|variable_s_low_gini_centering,7ca87b3ac2a02a46,passed,
stage3__moderate_seed3302__s0__1800s__dense_on,765,763,branch_bounds_only,full-inherited-pack,1421,42,0,0,0,0,0,0,41,0.0144631,direct_gini_cap|direct_gini_floor|gini_interval_bound|gini_pairwise_spread|interval_tight_mccormick_G_bit|low_gini_centering_band|objective_lower_estimator_cutoff|penalty_deviation_upper_bound|penalty_final_inventory_domain|penalty_lower_bound_closure|required_station_movement|sp_product_mccormick|sp_product_objective_estimator_paper_safe|variable_s_low_gini_centering,5b41921e015fbab7,passed,
stage3__moderate_seed3302__s0__1800s__dense_on,766,763,branch_bounds_only,full-inherited-pack,1421,42,0,0,0,0,0,0,41,0.014858,direct_gini_cap|direct_gini_floor|gini_interval_bound|gini_pairwise_spread|interval_tight_mccormick_G_bit|low_gini_centering_band|objective_lower_estimator_cutoff|penalty_deviation_upper_bound|penalty_final_inventory_domain|penalty_lower_bound_closure|required_station_movement|sp_product_mccormick|sp_product_objective_estimator_paper_safe|variable_s_low_gini_centering,213aad8284b7054e,passed,
stage3__moderate_seed3302__s0__1800s__dense_on,765,763,deferred_first_relaxation_attach,full-inherited-pack,1421,42,0,0,0,0,0,1421,41,0.014269,direct_gini_cap|direct_gini_floor|gini_interval_bound|gini_pairwise_spread|interval_tight_mccormick_G_bit|low_gini_centering_band|objective_lower_estimator_cutoff|penalty_deviation_upper_bound|penalty_final_inventory_domain|penalty_lower_bound_closure|required_station_movement|sp_product_mccormick|sp_product_objective_estimator_paper_safe|variable_s_low_gini_centering,5b41921e015fbab7,passed,
stage3__moderate_seed3302__s0__1800s__dense_on,23,19,deferred_first_relaxation_attach,full-inherited-pack,1421,42,0,0,0,0,0,1421,41,0.014389799999999999,direct_gini_cap|direct_gini_floor|gini_interval_bound|gini_pairwise_spread|interval_tight_mccormick_G_bit|low_gini_centering_band|objective_lower_estimator_cutoff|penalty_deviation_upper_bound|penalty_final_inventory_domain|penalty_lower_bound_closure|required_station_movement|sp_product_mccormick|sp_product_objective_estimator_paper_safe|variable_s_low_gini_centering,b26f6ced6953e7a2,passed,
stage3__moderate_seed3302__s0__1800s__dense_on,813,23,branch_bounds_only,full-inherited-pack,1421,42,0,0,0,0,0,0,41,0.0143006,direct_gini_cap|direct_gini_floor|gini_interval_bound|gini_pairwise_spread|interval_tight_mccormick_G_bit|low_gini_centering_band|objective_lower_estimator_cutoff|penalty_deviation_upper_bound|penalty_final_inventory_domain|penalty_lower_bound_closure|required_station_movement|sp_product_mccormick|sp_product_objective_estimator_paper_safe|variable_s_low_gini_centering,55af8b73c6b26928,passed,
stage3__moderate_seed3302__s0__1800s__dense_on,814,23,branch_bounds_only,full-inherited-pack,1421,42,0,0,0,0,0,0,41,0.0142083,direct_gini_cap|direct_gini_floor|gini_interval_bound|gini_pairwise_spread|interval_tight_mccormick_G_bit|low_gini_centering_band|objective_lower_estimator_cutoff|penalty_deviation_upper_bound|penalty_final_inventory_domain|penalty_lower_bound_closure|required_station_movement|sp_product_mccormick|sp_product_objective_estimator_paper_safe|variable_s_low_gini_centering,b9c63afcc65d033e,passed,
stage3__moderate_seed3302__s0__1800s__dense_on,813,23,deferred_first_relaxation_attach,full-inherited-pack,1421,42,0,0,0,0,0,1421,41,0.014149,direct_gini_cap|direct_gini_floor|gini_interval_bound|gini_pairwise_spread|interval_tight_mccormick_G_bit|low_gini_centering_band|objective_lower_estimator_cutoff|penalty_deviation_upper_bound|penalty_final_inventory_domain|penalty_lower_bound_closure|required_station_movement|sp_product_mccormick|sp_product_objective_estimator_paper_safe|variable_s_low_gini_centering,55af8b73c6b26928,passed,
stage3__moderate_seed3302__s0__1800s__dense_on,815,813,branch_bounds_only,full-inherited-pack,1421,42,0,0,0,0,0,0,41,0.014511700000000001,direct_gini_cap|direct_gini_floor|gini_interval_bound|gini_pairwise_spread|interval_tight_mccormick_G_bit|low_gini_centering_band|objective_lower_estimator_cutoff|penalty_deviation_upper_bound|penalty_final_inventory_domain|penalty_lower_bound_closure|required_station_movement|sp_product_mccormick|sp_product_objective_estimator_paper_safe|variable_s_low_gini_centering,de5f8d6ab50a11e7,passed,
stage3__moderate_seed3302__s0__1800s__dense_on,816,813,branch_bounds_only,full-inherited-pack,1421,42,0,0,0,0,0,0,41,0.014193799999999999,direct_gini_cap|direct_gini_floor|gini_interval_bound|gini_pairwise_spread|interval_tight_mccormick_G_bit|low_gini_centering_band|objective_lower_estimator_cutoff|penalty_deviation_upper_bound|penalty_final_inventory_domain|penalty_lower_bound_closure|required_station_movement|sp_product_mccormick|sp_product_objective_estimator_paper_safe|variable_s_low_gini_centering,683763fed687016d,passed,
stage3__moderate_seed3302__s0__1800s__dense_on,814,23,deferred_first_relaxation_attach,full-inherited-pack,1421,42,0,0,0,0,0,1421,41,0.014458199999999999,direct_gini_cap|direct_gini_floor|gini_interval_bound|gini_pairwise_spread|interval_tight_mccormick_G_bit|low_gini_centering_band|objective_lower_estimator_cutoff|penalty_deviation_upper_bound|penalty_final_inventory_domain|penalty_lower_bound_closure|required_station_movement|sp_product_mccormick|sp_product_objective_estimator_paper_safe|variable_s_low_gini_centering,b9c63afcc65d033e,passed,
stage3__moderate_seed3302__s0__1800s__dense_on,817,814,branch_bounds_only,full-inherited-pack,1421,42,0,0,0,0,0,0,41,0.0143564,direct_gini_cap|direct_gini_floor|gini_interval_bound|gini_pairwise_spread|interval_tight_mccormick_G_bit|low_gini_centering_band|objective_lower_estimator_cutoff|penalty_deviation_upper_bound|penalty_final_inventory_domain|penalty_lower_bound_closure|required_station_movement|sp_product_mccormick|sp_product_objective_estimator_paper_safe|variable_s_low_gini_centering,bf0f163df2601dc5,passed,
stage3__moderate_seed3302__s0__1800s__dense_on,818,814,branch_bounds_only,full-inherited-pack,1421,42,0,0,0,0,0,0,41,0.0141341,direct_gini_cap|direct_gini_floor|gini_interval_bound|gini_pairwise_spread|interval_tight_mccormick_G_bit|low_gini_centering_band|objective_lower_estimator_cutoff|penalty_deviation_upper_bound|penalty_final_inventory_domain|penalty_lower_bound_closure|required_station_movement|sp_product_mccormick|sp_product_objective_estimator_paper_safe|variable_s_low_gini_centering,b3e27fff6a3340c6,passed,
stage3__moderate_seed3302__s0__1800s__dense_on,817,814,deferred_first_relaxation_attach,full-inherited-pack,1421,42,0,0,0,0,0,1421,41,0.014548699999999999,direct_gini_cap|direct_gini_floor|gini_interval_bound|gini_pairwise_spread|interval_tight_mccormick_G_bit|low_gini_centering_band|objective_lower_estimator_cutoff|penalty_deviation_upper_bound|penalty_final_inventory_domain|penalty_lower_bound_closure|required_station_movement|sp_product_mccormick|sp_product_objective_estimator_paper_safe|variable_s_low_gini_centering,bf0f163df2601dc5,passed,
stage3__moderate_seed3302__s0__1800s__dense_on,819,817,branch_bounds_only,full-inherited-pack,1421,42,0,0,0,0,0,0,41,0.014447,direct_gini_cap|direct_gini_floor|gini_interval_bound|gini_pairwise_spread|interval_tight_mccormick_G_bit|low_gini_centering_band|objective_lower_estimator_cutoff|penalty_deviation_upper_bound|penalty_final_inventory_domain|penalty_lower_bound_closure|required_station_movement|sp_product_mccormick|sp_product_objective_estimator_paper_safe|variable_s_low_gini_centering,070ffdb0571c0039,passed,
stage3__moderate_seed3302__s0__1800s__dense_on,820,817,branch_bounds_only,full-inherited-pack,1421,42,0,0,0,0,0,0,41,0.014585600000000001,direct_gini_cap|direct_gini_floor|gini_interval_bound|gini_pairwise_spread|interval_tight_mccormick_G_bit|low_gini_centering_band|objective_lower_estimator_cutoff|penalty_deviation_upper_bound|penalty_final_inventory_domain|penalty_lower_bound_closure|required_station_movement|sp_product_mccormick|sp_product_objective_estimator_paper_safe|variable_s_low_gini_centering,d32179da70c977a0,passed,
stage3__moderate_seed3302__s0__1800s__dense_on,819,817,deferred_first_relaxation_attach,full-inherited-pack,1421,42,0,0,0,0,0,1421,41,0.0148287,direct_gini_cap|direct_gini_floor|gini_interval_bound|gini_pairwise_spread|interval_tight_mccormick_G_bit|low_gini_centering_band|objective_lower_estimator_cutoff|penalty_deviation_upper_bound|penalty_final_inventory_domain|penalty_lower_bound_closure|required_station_movement|sp_product_mccormick|sp_product_objective_estimator_paper_safe|variable_s_low_gini_centering,070ffdb0571c0039,passed,
stage3__moderate_seed3302__s0__1800s__dense_on,820,817,deferred_first_relaxation_attach,full-inherited-pack,1421,42,0,0,0,0,0,1421,41,0.0149131,direct_gini_cap|direct_gini_floor|gini_interval_bound|gini_pairwise_spread|interval_tight_mccormick_G_bit|low_gini_centering_band|objective_lower_estimator_cutoff|penalty_deviation_upper_bound|penalty_final_inventory_domain|penalty_lower_bound_closure|required_station_movement|sp_product_mccormick|sp_product_objective_estimator_paper_safe|variable_s_low_gini_centering,d32179da70c977a0,passed,
stage3__moderate_seed3302__s0__1800s__dense_on,24,19,deferred_first_relaxation_attach,full-inherited-pack,1421,42,0,0,0,0,0,1421,41,0.0144076,direct_gini_cap|direct_gini_floor|gini_interval_bound|gini_pairwise_spread|interval_tight_mccormick_G_bit|low_gini_centering_band|objective_lower_estimator_cutoff|penalty_deviation_upper_bound|penalty_final_inventory_domain|penalty_lower_bound_closure|required_station_movement|sp_product_mccormick|sp_product_objective_estimator_paper_safe|variable_s_low_gini_centering,d047a19c82a17e54,passed,
stage3__moderate_seed3302__s0__1800s__dense_on,837,24,branch_bounds_only,full-inherited-pack,1421,42,0,0,0,0,0,0,41,0.0144206,direct_gini_cap|direct_gini_floor|gini_interval_bound|gini_pairwise_spread|interval_tight_mccormick_G_bit|low_gini_centering_band|objective_lower_estimator_cutoff|penalty_deviation_upper_bound|penalty_final_inventory_domain|penalty_lower_bound_closure|required_station_movement|sp_product_mccormick|sp_product_objective_estimator_paper_safe|variable_s_low_gini_centering,616be558423cd689,passed,
stage3__moderate_seed3302__s0__1800s__dense_on,838,24,branch_bounds_only,full-inherited-pack,1421,42,0,0,0,0,0,0,41,0.0140879,direct_gini_cap|direct_gini_floor|gini_interval_bound|gini_pairwise_spread|interval_tight_mccormick_G_bit|low_gini_centering_band|objective_lower_estimator_cutoff|penalty_deviation_upper_bound|penalty_final_inventory_domain|penalty_lower_bound_closure|required_station_movement|sp_product_mccormick|sp_product_objective_estimator_paper_safe|variable_s_low_gini_centering,8431b0591bce3a33,passed,
stage3__moderate_seed3302__s0__1800s__dense_on,837,24,deferred_first_relaxation_attach,full-inherited-pack,1421,42,0,0,0,0,0,1421,41,0.0144066,direct_gini_cap|direct_gini_floor|gini_interval_bound|gini_pairwise_spread|interval_tight_mccormick_G_bit|low_gini_centering_band|objective_lower_estimator_cutoff|penalty_deviation_upper_bound|penalty_final_inventory_domain|penalty_lower_bound_closure|required_station_movement|sp_product_mccormick|sp_product_objective_estimator_paper_safe|variable_s_low_gini_centering,616be558423cd689,passed,
stage3__moderate_seed3302__s0__1800s__dense_on,839,837,branch_bounds_only,full-inherited-pack,1421,42,0,0,0,0,0,0,41,0.014967599999999999,direct_gini_cap|direct_gini_floor|gini_interval_bound|gini_pairwise_spread|interval_tight_mccormick_G_bit|low_gini_centering_band|objective_lower_estimator_cutoff|penalty_deviation_upper_bound|penalty_final_inventory_domain|penalty_lower_bound_closure|required_station_movement|sp_product_mccormick|sp_product_objective_estimator_paper_safe|variable_s_low_gini_centering,0cd347527bf1aeef,passed,
stage3__moderate_seed3302__s0__1800s__dense_on,840,837,branch_bounds_only,full-inherited-pack,1421,42,0,0,0,0,0,0,41,0.0149362,direct_gini_cap|direct_gini_floor|gini_interval_bound|gini_pairwise_spread|interval_tight_mccormick_G_bit|low_gini_centering_band|objective_lower_estimator_cutoff|penalty_deviation_upper_bound|penalty_final_inventory_domain|penalty_lower_bound_closure|required_station_movement|sp_product_mccormick|sp_product_objective_estimator_paper_safe|variable_s_low_gini_centering,c68c8c861fc698a0,passed,
stage3__moderate_seed3302__s0__1800s__dense_on,839,837,deferred_first_relaxation_attach,full-inherited-pack,1421,42,0,0,0,0,0,1421,41,0.0146949,direct_gini_cap|direct_gini_floor|gini_interval_bound|gini_pairwise_spread|interval_tight_mccormick_G_bit|low_gini_centering_band|objective_lower_estimator_cutoff|penalty_deviation_upper_bound|penalty_final_inventory_domain|penalty_lower_bound_closure|required_station_movement|sp_product_mccormick|sp_product_objective_estimator_paper_safe|variable_s_low_gini_centering,0cd347527bf1aeef,passed,
stage3__moderate_seed3302__s0__1800s__dense_on,841,839,branch_bounds_only,full-inherited-pack,1421,42,0,0,0,0,0,0,41,0.0143088,direct_gini_cap|direct_gini_floor|gini_interval_bound|gini_pairwise_spread|interval_tight_mccormick_G_bit|low_gini_centering_band|objective_lower_estimator_cutoff|penalty_deviation_upper_bound|penalty_final_inventory_domain|penalty_lower_bound_closure|required_station_movement|sp_product_mccormick|sp_product_objective_estimator_paper_safe|variable_s_low_gini_centering,5116f1460549d518,passed,
stage3__moderate_seed3302__s0__1800s__dense_on,842,839,branch_bounds_only,full-inherited-pack,1421,42,0,0,0,0,0,0,41,0.014161999999999999,direct_gini_cap|direct_gini_floor|gini_interval_bound|gini_pairwise_spread|interval_tight_mccormick_G_bit|low_gini_centering_band|objective_lower_estimator_cutoff|penalty_deviation_upper_bound|penalty_final_inventory_domain|penalty_lower_bound_closure|required_station_movement|sp_product_mccormick|sp_product_objective_estimator_paper_safe|variable_s_low_gini_centering,e752cbe33ca7bae5,passed,
stage3__moderate_seed3302__s0__1800s__dense_on,841,839,deferred_first_relaxation_attach,full-inherited-pack,1421,42,0,0,0,0,0,1421,41,0.014206699999999999,direct_gini_cap|direct_gini_floor|gini_interval_bound|gini_pairwise_spread|interval_tight_mccormick_G_bit|low_gini_centering_band|objective_lower_estimator_cutoff|penalty_deviation_upper_bound|penalty_final_inventory_domain|penalty_lower_bound_closure|required_station_movement|sp_product_mccormick|sp_product_objective_estimator_paper_safe|variable_s_low_gini_centering,5116f1460549d518,passed,
stage3__moderate_seed3302__s0__1800s__dense_on,316,310,deferred_first_relaxation_attach,full-inherited-pack,1421,42,0,0,0,0,0,1421,41,0.0144846,direct_gini_cap|direct_gini_floor|gini_interval_bound|gini_pairwise_spread|interval_tight_mccormick_G_bit|low_gini_centering_band|objective_lower_estimator_cutoff|penalty_deviation_upper_bound|penalty_final_inventory_domain|penalty_lower_bound_closure|required_station_movement|sp_product_mccormick|sp_product_objective_estimator_paper_safe|variable_s_low_gini_centering,0842f3058f3f4e2d,passed,
stage3__moderate_seed3302__s0__1800s__dense_on,853,316,branch_bounds_only,full-inherited-pack,1421,42,0,0,0,0,0,0,41,0.0150092,direct_gini_cap|direct_gini_floor|gini_interval_bound|gini_pairwise_spread|interval_tight_mccormick_G_bit|low_gini_centering_band|objective_lower_estimator_cutoff|penalty_deviation_upper_bound|penalty_final_inventory_domain|penalty_lower_bound_closure|required_station_movement|sp_product_mccormick|sp_product_objective_estimator_paper_safe|variable_s_low_gini_centering,200adabf0258217c,passed,
stage3__moderate_seed3302__s0__1800s__dense_on,854,316,branch_bounds_only,full-inherited-pack,1421,42,0,0,0,0,0,0,41,0.014236,direct_gini_cap|direct_gini_floor|gini_interval_bound|gini_pairwise_spread|interval_tight_mccormick_G_bit|low_gini_centering_band|objective_lower_estimator_cutoff|penalty_deviation_upper_bound|penalty_final_inventory_domain|penalty_lower_bound_closure|required_station_movement|sp_product_mccormick|sp_product_objective_estimator_paper_safe|variable_s_low_gini_centering,19b7d468b2633b1a,passed,
stage3__moderate_seed3302__s0__1800s__dense_on,853,316,deferred_first_relaxation_attach,full-inherited-pack,1421,42,0,0,0,0,0,1421,41,0.0146202,direct_gini_cap|direct_gini_floor|gini_interval_bound|gini_pairwise_spread|interval_tight_mccormick_G_bit|low_gini_centering_band|objective_lower_estimator_cutoff|penalty_deviation_upper_bound|penalty_final_inventory_domain|penalty_lower_bound_closure|required_station_movement|sp_product_mccormick|sp_product_objective_estimator_paper_safe|variable_s_low_gini_centering,200adabf0258217c,passed,
stage3__moderate_seed3302__s0__1800s__dense_on,854,316,deferred_first_relaxation_attach,full-inherited-pack,1421,42,0,0,0,0,0,1421,41,0.0144948,direct_gini_cap|direct_gini_floor|gini_interval_bound|gini_pairwise_spread|interval_tight_mccormick_G_bit|low_gini_centering_band|objective_lower_estimator_cutoff|penalty_deviation_upper_bound|penalty_final_inventory_domain|penalty_lower_bound_closure|required_station_movement|sp_product_mccormick|sp_product_objective_estimator_paper_safe|variable_s_low_gini_centering,19b7d468b2633b1a,passed,
stage3__moderate_seed3302__s0__1800s__dense_on,315,310,deferred_first_relaxation_attach,full-inherited-pack,1421,42,0,0,0,0,0,1421,41,0.0144902,direct_gini_cap|direct_gini_floor|gini_interval_bound|gini_pairwise_spread|interval_tight_mccormick_G_bit|low_gini_centering_band|objective_lower_estimator_cutoff|penalty_deviation_upper_bound|penalty_final_inventory_domain|penalty_lower_bound_closure|required_station_movement|sp_product_mccormick|sp_product_objective_estimator_paper_safe|variable_s_low_gini_centering,111fa56fa7cf3241,passed,
stage3__moderate_seed3302__s0__1800s__dense_on,907,315,branch_bounds_only,full-inherited-pack,1421,42,0,0,0,0,0,0,41,0.0144212,direct_gini_cap|direct_gini_floor|gini_interval_bound|gini_pairwise_spread|interval_tight_mccormick_G_bit|low_gini_centering_band|objective_lower_estimator_cutoff|penalty_deviation_upper_bound|penalty_final_inventory_domain|penalty_lower_bound_closure|required_station_movement|sp_product_mccormick|sp_product_objective_estimator_paper_safe|variable_s_low_gini_centering,a24a7e176f4d64bb,passed,
stage3__moderate_seed3302__s0__1800s__dense_on,908,315,branch_bounds_only,full-inherited-pack,1421,42,0,0,0,0,0,0,41,0.015160099999999999,direct_gini_cap|direct_gini_floor|gini_interval_bound|gini_pairwise_spread|interval_tight_mccormick_G_bit|low_gini_centering_band|objective_lower_estimator_cutoff|penalty_deviation_upper_bound|penalty_final_inventory_domain|penalty_lower_bound_closure|required_station_movement|sp_product_mccormick|sp_product_objective_estimator_paper_safe|variable_s_low_gini_centering,fcc94feb8bcb4d17,passed,
stage3__moderate_seed3302__s0__1800s__dense_on,907,315,deferred_first_relaxation_attach,full-inherited-pack,1421,42,0,0,0,0,0,1421,41,0.0144806,direct_gini_cap|direct_gini_floor|gini_interval_bound|gini_pairwise_spread|interval_tight_mccormick_G_bit|low_gini_centering_band|objective_lower_estimator_cutoff|penalty_deviation_upper_bound|penalty_final_inventory_domain|penalty_lower_bound_closure|required_station_movement|sp_product_mccormick|sp_product_objective_estimator_paper_safe|variable_s_low_gini_centering,a24a7e176f4d64bb,passed,
stage3__moderate_seed3302__s0__1800s__dense_on,320,314,deferred_first_relaxation_attach,full-inherited-pack,1421,42,0,0,0,0,0,1421,41,0.014576799999999999,direct_gini_cap|direct_gini_floor|gini_interval_bound|gini_pairwise_spread|interval_tight_mccormick_G_bit|low_gini_centering_band|objective_lower_estimator_cutoff|penalty_deviation_upper_bound|penalty_final_inventory_domain|penalty_lower_bound_closure|required_station_movement|sp_product_mccormick|sp_product_objective_estimator_paper_safe|variable_s_low_gini_centering,8032abf30d03a4d9,passed,
stage3__moderate_seed3302__s0__1800s__dense_on,319,314,deferred_first_relaxation_attach,full-inherited-pack,1421,42,0,0,0,0,0,1421,41,0.01443,direct_gini_cap|direct_gini_floor|gini_interval_bound|gini_pairwise_spread|interval_tight_mccormick_G_bit|low_gini_centering_band|objective_lower_estimator_cutoff|penalty_deviation_upper_bound|penalty_final_inventory_domain|penalty_lower_bound_closure|required_station_movement|sp_product_mccormick|sp_product_objective_estimator_paper_safe|variable_s_low_gini_centering,8895863a1ceb08a5,passed,
stage3__moderate_seed3302__s0__1800s__dense_on,34,30,deferred_first_relaxation_attach,full-inherited-pack,1421,42,0,0,0,0,0,1421,41,0.0145378,direct_gini_cap|direct_gini_floor|gini_interval_bound|gini_pairwise_spread|interval_tight_mccormick_G_bit|low_gini_centering_band|objective_lower_estimator_cutoff|penalty_deviation_upper_bound|penalty_final_inventory_domain|penalty_lower_bound_closure|required_station_movement|sp_product_mccormick|sp_product_objective_estimator_paper_safe|variable_s_low_gini_centering,a5ff1f1b4e9760aa,passed,
stage3__moderate_seed3302__s0__1800s__dense_on,1083,34,branch_bounds_only,full-inherited-pack,1421,42,0,0,0,0,0,0,41,0.0154352,direct_gini_cap|direct_gini_floor|gini_interval_bound|gini_pairwise_spread|interval_tight_mccormick_G_bit|low_gini_centering_band|objective_lower_estimator_cutoff|penalty_deviation_upper_bound|penalty_final_inventory_domain|penalty_lower_bound_closure|required_station_movement|sp_product_mccormick|sp_product_objective_estimator_paper_safe|variable_s_low_gini_centering,97607bffae27664b,passed,
stage3__moderate_seed3302__s0__1800s__dense_on,1084,34,branch_bounds_only,full-inherited-pack,1421,42,0,0,0,0,0,0,41,0.014545199999999999,direct_gini_cap|direct_gini_floor|gini_interval_bound|gini_pairwise_spread|interval_tight_mccormick_G_bit|low_gini_centering_band|objective_lower_estimator_cutoff|penalty_deviation_upper_bound|penalty_final_inventory_domain|penalty_lower_bound_closure|required_station_movement|sp_product_mccormick|sp_product_objective_estimator_paper_safe|variable_s_low_gini_centering,fe9cc0593b45c71c,passed,
stage3__moderate_seed3302__s0__1800s__dense_on,1083,34,deferred_first_relaxation_attach,full-inherited-pack,1421,42,0,0,0,0,0,1421,41,0.0146596,direct_gini_cap|direct_gini_floor|gini_interval_bound|gini_pairwise_spread|interval_tight_mccormick_G_bit|low_gini_centering_band|objective_lower_estimator_cutoff|penalty_deviation_upper_bound|penalty_final_inventory_domain|penalty_lower_bound_closure|required_station_movement|sp_product_mccormick|sp_product_objective_estimator_paper_safe|variable_s_low_gini_centering,97607bffae27664b,passed,
stage3__moderate_seed3302__s0__1800s__dense_on,908,315,deferred_first_relaxation_attach,full-inherited-pack,1421,42,0,0,0,0,0,1421,41,0.0144168,direct_gini_cap|direct_gini_floor|gini_interval_bound|gini_pairwise_spread|interval_tight_mccormick_G_bit|low_gini_centering_band|objective_lower_estimator_cutoff|penalty_deviation_upper_bound|penalty_final_inventory_domain|penalty_lower_bound_closure|required_station_movement|sp_product_mccormick|sp_product_objective_estimator_paper_safe|variable_s_low_gini_centering,fcc94feb8bcb4d17,passed,
stage3__moderate_seed3302__s0__1800s__dense_on,27,25,deferred_first_relaxation_attach,full-inherited-pack,1421,42,0,0,0,0,0,1421,41,0.01457,direct_gini_cap|direct_gini_floor|gini_interval_bound|gini_pairwise_spread|interval_tight_mccormick_G_bit|low_gini_centering_band|objective_lower_estimator_cutoff|penalty_deviation_upper_bound|penalty_final_inventory_domain|penalty_lower_bound_closure|required_station_movement|sp_product_mccormick|sp_product_objective_estimator_paper_safe|variable_s_low_gini_centering,70846cd697c12686,passed,
stage3__moderate_seed3302__s0__1800s__dense_on,1199,27,branch_bounds_only,full-inherited-pack,1421,42,0,0,0,0,0,0,41,0.0146388,direct_gini_cap|direct_gini_floor|gini_interval_bound|gini_pairwise_spread|interval_tight_mccormick_G_bit|low_gini_centering_band|objective_lower_estimator_cutoff|penalty_deviation_upper_bound|penalty_final_inventory_domain|penalty_lower_bound_closure|required_station_movement|sp_product_mccormick|sp_product_objective_estimator_paper_safe|variable_s_low_gini_centering,5dab0fc68d64db8d,passed,
stage3__moderate_seed3302__s0__1800s__dense_on,1200,27,branch_bounds_only,full-inherited-pack,1421,42,0,0,0,0,0,0,41,0.0146263,direct_gini_cap|direct_gini_floor|gini_interval_bound|gini_pairwise_spread|interval_tight_mccormick_G_bit|low_gini_centering_band|objective_lower_estimator_cutoff|penalty_deviation_upper_bound|penalty_final_inventory_domain|penalty_lower_bound_closure|required_station_movement|sp_product_mccormick|sp_product_objective_estimator_paper_safe|variable_s_low_gini_centering,1806d161924e2359,passed,
stage3__moderate_seed3302__s0__1800s__dense_on,1199,27,deferred_first_relaxation_attach,full-inherited-pack,1421,42,0,0,0,0,0,1421,41,0.017201299999999999,direct_gini_cap|direct_gini_floor|gini_interval_bound|gini_pairwise_spread|interval_tight_mccormick_G_bit|low_gini_centering_band|objective_lower_estimator_cutoff|penalty_deviation_upper_bound|penalty_final_inventory_domain|penalty_lower_bound_closure|required_station_movement|sp_product_mccormick|sp_product_objective_estimator_paper_safe|variable_s_low_gini_centering,5dab0fc68d64db8d,passed,
stage3__moderate_seed3302__s0__1800s__dense_on,1201,1199,branch_bounds_only,full-inherited-pack,1421,42,0,0,0,0,0,0,41,0.0142664,direct_gini_cap|direct_gini_floor|gini_interval_bound|gini_pairwise_spread|interval_tight_mccormick_G_bit|low_gini_centering_band|objective_lower_estimator_cutoff|penalty_deviation_upper_bound|penalty_final_inventory_domain|penalty_lower_bound_closure|required_station_movement|sp_product_mccormick|sp_product_objective_estimator_paper_safe|variable_s_low_gini_centering,a4837343e5973ce8,passed,
stage3__moderate_seed3302__s0__1800s__dense_on,1202,1199,branch_bounds_only,full-inherited-pack,1421,42,0,0,0,0,0,0,41,0.014644799999999999,direct_gini_cap|direct_gini_floor|gini_interval_bound|gini_pairwise_spread|interval_tight_mccormick_G_bit|low_gini_centering_band|objective_lower_estimator_cutoff|penalty_deviation_upper_bound|penalty_final_inventory_domain|penalty_lower_bound_closure|required_station_movement|sp_product_mccormick|sp_product_objective_estimator_paper_safe|variable_s_low_gini_centering,9aa83afd2d2b6abe,passed,
stage3__moderate_seed3302__s0__1800s__dense_on,1201,1199,deferred_first_relaxation_attach,full-inherited-pack,1421,42,0,0,0,0,0,1421,41,0.0142081,direct_gini_cap|direct_gini_floor|gini_interval_bound|gini_pairwise_spread|interval_tight_mccormick_G_bit|low_gini_centering_band|objective_lower_estimator_cutoff|penalty_deviation_upper_bound|penalty_final_inventory_domain|penalty_lower_bound_closure|required_station_movement|sp_product_mccormick|sp_product_objective_estimator_paper_safe|variable_s_low_gini_centering,a4837343e5973ce8,passed,
stage3__moderate_seed3302__s0__1800s__dense_on,1202,1199,deferred_first_relaxation_attach,full-inherited-pack,1421,42,0,0,0,0,0,1421,41,0.014568899999999999,direct_gini_cap|direct_gini_floor|gini_interval_bound|gini_pairwise_spread|interval_tight_mccormick_G_bit|low_gini_centering_band|objective_lower_estimator_cutoff|penalty_deviation_upper_bound|penalty_final_inventory_domain|penalty_lower_bound_closure|required_station_movement|sp_product_mccormick|sp_product_objective_estimator_paper_safe|variable_s_low_gini_centering,9aa83afd2d2b6abe,passed,
stage3__moderate_seed3302__s0__1800s__dense_on,28,25,deferred_first_relaxation_attach,full-inherited-pack,1421,42,0,0,0,0,0,1421,41,0.014689000000000001,direct_gini_cap|direct_gini_floor|gini_interval_bound|gini_pairwise_spread|interval_tight_mccormick_G_bit|low_gini_centering_band|objective_lower_estimator_cutoff|penalty_deviation_upper_bound|penalty_final_inventory_domain|penalty_lower_bound_closure|required_station_movement|sp_product_mccormick|sp_product_objective_estimator_paper_safe|variable_s_low_gini_centering,f80739d66c787f09,passed,
stage3__moderate_seed3302__s0__1800s__dense_on,1243,28,branch_bounds_only,full-inherited-pack,1421,42,0,0,0,0,0,0,41,0.014319800000000001,direct_gini_cap|direct_gini_floor|gini_interval_bound|gini_pairwise_spread|interval_tight_mccormick_G_bit|low_gini_centering_band|objective_lower_estimator_cutoff|penalty_deviation_upper_bound|penalty_final_inventory_domain|penalty_lower_bound_closure|required_station_movement|sp_product_mccormick|sp_product_objective_estimator_paper_safe|variable_s_low_gini_centering,a147f7ce12fa4683,passed,
stage3__moderate_seed3302__s0__1800s__dense_on,1244,28,branch_bounds_only,full-inherited-pack,1421,42,0,0,0,0,0,0,41,0.0150016,direct_gini_cap|direct_gini_floor|gini_interval_bound|gini_pairwise_spread|interval_tight_mccormick_G_bit|low_gini_centering_band|objective_lower_estimator_cutoff|penalty_deviation_upper_bound|penalty_final_inventory_domain|penalty_lower_bound_closure|required_station_movement|sp_product_mccormick|sp_product_objective_estimator_paper_safe|variable_s_low_gini_centering,df97d78480b9763c,passed,
stage3__moderate_seed3302__s0__1800s__dense_on,1243,28,deferred_first_relaxation_attach,full-inherited-pack,1421,42,0,0,0,0,0,1421,41,0.0144215,direct_gini_cap|direct_gini_floor|gini_interval_bound|gini_pairwise_spread|interval_tight_mccormick_G_bit|low_gini_centering_band|objective_lower_estimator_cutoff|penalty_deviation_upper_bound|penalty_final_inventory_domain|penalty_lower_bound_closure|required_station_movement|sp_product_mccormick|sp_product_objective_estimator_paper_safe|variable_s_low_gini_centering,a147f7ce12fa4683,passed,
stage3__moderate_seed3302__s0__1800s__dense_on,1245,1243,branch_bounds_only,full-inherited-pack,1421,42,0,0,0,0,0,0,41,0.014683999999999999,direct_gini_cap|direct_gini_floor|gini_interval_bound|gini_pairwise_spread|interval_tight_mccormick_G_bit|low_gini_centering_band|objective_lower_estimator_cutoff|penalty_deviation_upper_bound|penalty_final_inventory_domain|penalty_lower_bound_closure|required_station_movement|sp_product_mccormick|sp_product_objective_estimator_paper_safe|variable_s_low_gini_centering,d12a8d04e6596e92,passed,
stage3__moderate_seed3302__s0__1800s__dense_on,1246,1243,branch_bounds_only,full-inherited-pack,1421,42,0,0,0,0,0,0,41,0.0144587,direct_gini_cap|direct_gini_floor|gini_interval_bound|gini_pairwise_spread|interval_tight_mccormick_G_bit|low_gini_centering_band|objective_lower_estimator_cutoff|penalty_deviation_upper_bound|penalty_final_inventory_domain|penalty_lower_bound_closure|required_station_movement|sp_product_mccormick|sp_product_objective_estimator_paper_safe|variable_s_low_gini_centering,0b04a3ff7ce2191f,passed,
stage3__moderate_seed3302__s0__1800s__dense_on,1245,1243,deferred_first_relaxation_attach,full-inherited-pack,1421,42,0,0,0,0,0,1421,41,0.0143841,direct_gini_cap|direct_gini_floor|gini_interval_bound|gini_pairwise_spread|interval_tight_mccormick_G_bit|low_gini_centering_band|objective_lower_estimator_cutoff|penalty_deviation_upper_bound|penalty_final_inventory_domain|penalty_lower_bound_closure|required_station_movement|sp_product_mccormick|sp_product_objective_estimator_paper_safe|variable_s_low_gini_centering,d12a8d04e6596e92,passed,
stage3__moderate_seed3302__s0__1800s__dense_on,764,311,deferred_first_relaxation_attach,full-inherited-pack,1421,42,0,0,0,0,0,1421,41,0.014981299999999999,direct_gini_cap|direct_gini_floor|gini_interval_bound|gini_pairwise_spread|interval_tight_mccormick_G_bit|low_gini_centering_band|objective_lower_estimator_cutoff|penalty_deviation_upper_bound|penalty_final_inventory_domain|penalty_lower_bound_closure|required_station_movement|sp_product_mccormick|sp_product_objective_estimator_paper_safe|variable_s_low_gini_centering,cbd38c22a85f6660,passed,
stage3__moderate_seed3302__s0__1800s__dense_on,1291,764,branch_bounds_only,full-inherited-pack,1421,42,0,0,0,0,0,0,41,0.014496999999999999,direct_gini_cap|direct_gini_floor|gini_interval_bound|gini_pairwise_spread|interval_tight_mccormick_G_bit|low_gini_centering_band|objective_lower_estimator_cutoff|penalty_deviation_upper_bound|penalty_final_inventory_domain|penalty_lower_bound_closure|required_station_movement|sp_product_mccormick|sp_product_objective_estimator_paper_safe|variable_s_low_gini_centering,64d83811015c0c16,passed,
stage3__moderate_seed3302__s0__1800s__dense_on,1292,764,branch_bounds_only,full-inherited-pack,1421,42,0,0,0,0,0,0,41,0.0144548,direct_gini_cap|direct_gini_floor|gini_interval_bound|gini_pairwise_spread|interval_tight_mccormick_G_bit|low_gini_centering_band|objective_lower_estimator_cutoff|penalty_deviation_upper_bound|penalty_final_inventory_domain|penalty_lower_bound_closure|required_station_movement|sp_product_mccormick|sp_product_objective_estimator_paper_safe|variable_s_low_gini_centering,86c00f670578d954,passed,
stage3__moderate_seed3302__s0__1800s__dense_on,1291,764,deferred_first_relaxation_attach,full-inherited-pack,1421,42,0,0,0,0,0,1421,41,0.014631099999999999,direct_gini_cap|direct_gini_floor|gini_interval_bound|gini_pairwise_spread|interval_tight_mccormick_G_bit|low_gini_centering_band|objective_lower_estimator_cutoff|penalty_deviation_upper_bound|penalty_final_inventory_domain|penalty_lower_bound_closure|required_station_movement|sp_product_mccormick|sp_product_objective_estimator_paper_safe|variable_s_low_gini_centering,64d83811015c0c16,passed,
stage3__moderate_seed3302__s0__1800s__dense_on,1084,34,deferred_first_relaxation_attach,full-inherited-pack,1421,42,0,0,0,0,0,1421,41,0.0148316,direct_gini_cap|direct_gini_floor|gini_interval_bound|gini_pairwise_spread|interval_tight_mccormick_G_bit|low_gini_centering_band|objective_lower_estimator_cutoff|penalty_deviation_upper_bound|penalty_final_inventory_domain|penalty_lower_bound_closure|required_station_movement|sp_product_mccormick|sp_product_objective_estimator_paper_safe|variable_s_low_gini_centering,fe9cc0593b45c71c,passed,
stage3__moderate_seed3302__s0__1800s__dense_on,32,29,deferred_first_relaxation_attach,full-inherited-pack,1421,42,0,0,0,0,0,1421,41,0.014612200000000001,direct_gini_cap|direct_gini_floor|gini_interval_bound|gini_pairwise_spread|interval_tight_mccormick_G_bit|low_gini_centering_band|objective_lower_estimator_cutoff|penalty_deviation_upper_bound|penalty_final_inventory_domain|penalty_lower_bound_closure|required_station_movement|sp_product_mccormick|sp_product_objective_estimator_paper_safe|variable_s_low_gini_centering,c6676b90c4d87a0f,passed,
stage3__moderate_seed3302__s0__1800s__dense_on,1633,32,branch_bounds_only,full-inherited-pack,1421,42,0,0,0,0,0,0,41,0.0152829,direct_gini_cap|direct_gini_floor|gini_interval_bound|gini_pairwise_spread|interval_tight_mccormick_G_bit|low_gini_centering_band|objective_lower_estimator_cutoff|penalty_deviation_upper_bound|penalty_final_inventory_domain|penalty_lower_bound_closure|required_station_movement|sp_product_mccormick|sp_product_objective_estimator_paper_safe|variable_s_low_gini_centering,4a591e8bf2ee5c7a,passed,
stage3__moderate_seed3302__s0__1800s__dense_on,1634,32,branch_bounds_only,full-inherited-pack,1421,42,0,0,0,0,0,0,41,0.014303099999999999,direct_gini_cap|direct_gini_floor|gini_interval_bound|gini_pairwise_spread|interval_tight_mccormick_G_bit|low_gini_centering_band|objective_lower_estimator_cutoff|penalty_deviation_upper_bound|penalty_final_inventory_domain|penalty_lower_bound_closure|required_station_movement|sp_product_mccormick|sp_product_objective_estimator_paper_safe|variable_s_low_gini_centering,a1c208f1ea9d5d82,passed,
stage3__moderate_seed3302__s0__1800s__dense_on,1633,32,deferred_first_relaxation_attach,full-inherited-pack,1421,42,0,0,0,0,0,1421,41,0.014360599999999999,direct_gini_cap|direct_gini_floor|gini_interval_bound|gini_pairwise_spread|interval_tight_mccormick_G_bit|low_gini_centering_band|objective_lower_estimator_cutoff|penalty_deviation_upper_bound|penalty_final_inventory_domain|penalty_lower_bound_closure|required_station_movement|sp_product_mccormick|sp_product_objective_estimator_paper_safe|variable_s_low_gini_centering,4a591e8bf2ee5c7a,passed,
stage3__moderate_seed3302__s0__1800s__dense_on,31,29,deferred_first_relaxation_attach,full-inherited-pack,1421,42,0,0,0,0,0,1421,41,0.014817500000000001,direct_gini_cap|direct_gini_floor|gini_interval_bound|gini_pairwise_spread|interval_tight_mccormick_G_bit|low_gini_centering_band|objective_lower_estimator_cutoff|penalty_deviation_upper_bound|penalty_final_inventory_domain|penalty_lower_bound_closure|required_station_movement|sp_product_mccormick|sp_product_objective_estimator_paper_safe|variable_s_low_gini_centering,e7c9dd79c40fbdbb,passed,
stage3__moderate_seed3302__s0__1800s__dense_on,1665,31,branch_bounds_only,full-inherited-pack,1421,42,0,0,0,0,0,0,41,0.0143597,direct_gini_cap|direct_gini_floor|gini_interval_bound|gini_pairwise_spread|interval_tight_mccormick_G_bit|low_gini_centering_band|objective_lower_estimator_cutoff|penalty_deviation_upper_bound|penalty_final_inventory_domain|penalty_lower_bound_closure|required_station_movement|sp_product_mccormick|sp_product_objective_estimator_paper_safe|variable_s_low_gini_centering,6f060fdc6fefd356,passed,
stage3__moderate_seed3302__s0__1800s__dense_on,1666,31,branch_bounds_only,full-inherited-pack,1421,42,0,0,0,0,0,0,41,0.014878000000000001,direct_gini_cap|direct_gini_floor|gini_interval_bound|gini_pairwise_spread|interval_tight_mccormick_G_bit|low_gini_centering_band|objective_lower_estimator_cutoff|penalty_deviation_upper_bound|penalty_final_inventory_domain|penalty_lower_bound_closure|required_station_movement|sp_product_mccormick|sp_product_objective_estimator_paper_safe|variable_s_low_gini_centering,8a89948735ef1b22,passed,
stage3__moderate_seed3302__s0__1800s__dense_on,1665,31,deferred_first_relaxation_attach,full-inherited-pack,1421,42,0,0,0,0,0,1421,41,0.0146626,direct_gini_cap|direct_gini_floor|gini_interval_bound|gini_pairwise_spread|interval_tight_mccormick_G_bit|low_gini_centering_band|objective_lower_estimator_cutoff|penalty_deviation_upper_bound|penalty_final_inventory_domain|penalty_lower_bound_closure|required_station_movement|sp_product_mccormick|sp_product_objective_estimator_paper_safe|variable_s_low_gini_centering,6f060fdc6fefd356,passed,
stage3__moderate_seed3302__s0__1800s__dense_on,766,763,deferred_first_relaxation_attach,full-inherited-pack,1421,42,0,0,0,0,0,1421,41,0.014808099999999999,direct_gini_cap|direct_gini_floor|gini_interval_bound|gini_pairwise_spread|interval_tight_mccormick_G_bit|low_gini_centering_band|objective_lower_estimator_cutoff|penalty_deviation_upper_bound|penalty_final_inventory_domain|penalty_lower_bound_closure|required_station_movement|sp_product_mccormick|sp_product_objective_estimator_paper_safe|variable_s_low_gini_centering,213aad8284b7054e,passed,
stage3__moderate_seed3302__s0__1800s__dense_on,254,251,deferred_first_relaxation_attach,full-inherited-pack,1421,42,0,0,0,0,0,1421,41,0.0146295,direct_gini_cap|direct_gini_floor|gini_interval_bound|gini_pairwise_spread|interval_tight_mccormick_G_bit|low_gini_centering_band|objective_lower_estimator_cutoff|penalty_deviation_upper_bound|penalty_final_inventory_domain|penalty_lower_bound_closure|required_station_movement|sp_product_mccormick|sp_product_objective_estimator_paper_safe|variable_s_low_gini_centering,94a62681d5e74182,passed,
stage3__moderate_seed3302__s0__1800s__dense_on,1879,254,branch_bounds_only,full-inherited-pack,1421,42,0,0,0,0,0,0,41,0.014546,direct_gini_cap|direct_gini_floor|gini_interval_bound|gini_pairwise_spread|interval_tight_mccormick_G_bit|low_gini_centering_band|objective_lower_estimator_cutoff|penalty_deviation_upper_bound|penalty_final_inventory_domain|penalty_lower_bound_closure|required_station_movement|sp_product_mccormick|sp_product_objective_estimator_paper_safe|variable_s_low_gini_centering,ae2716ca47b7aa97,passed,
stage3__moderate_seed3302__s0__1800s__dense_on,1880,254,branch_bounds_only,full-inherited-pack,1421,42,0,0,0,0,0,0,41,0.0144794,direct_gini_cap|direct_gini_floor|gini_interval_bound|gini_pairwise_spread|interval_tight_mccormick_G_bit|low_gini_centering_band|objective_lower_estimator_cutoff|penalty_deviation_upper_bound|penalty_final_inventory_domain|penalty_lower_bound_closure|required_station_movement|sp_product_mccormick|sp_product_objective_estimator_paper_safe|variable_s_low_gini_centering,965dc188014d0de5,passed,
stage3__moderate_seed3302__s0__1800s__dense_on,1879,254,deferred_first_relaxation_attach,full-inherited-pack,1421,42,0,0,0,0,0,1421,41,0.0147692,direct_gini_cap|direct_gini_floor|gini_interval_bound|gini_pairwise_spread|interval_tight_mccormick_G_bit|low_gini_centering_band|objective_lower_estimator_cutoff|penalty_deviation_upper_bound|penalty_final_inventory_domain|penalty_lower_bound_closure|required_station_movement|sp_product_mccormick|sp_product_objective_estimator_paper_safe|variable_s_low_gini_centering,ae2716ca47b7aa97,passed,
stage3__moderate_seed3302__s0__1800s__dense_on,1881,1879,branch_bounds_only,full-inherited-pack,1421,42,0,0,0,0,0,0,41,0.0145427,direct_gini_cap|direct_gini_floor|gini_interval_bound|gini_pairwise_spread|interval_tight_mccormick_G_bit|low_gini_centering_band|objective_lower_estimator_cutoff|penalty_deviation_upper_bound|penalty_final_inventory_domain|penalty_lower_bound_closure|required_station_movement|sp_product_mccormick|sp_product_objective_estimator_paper_safe|variable_s_low_gini_centering,9a3f8c89d64bb92b,passed,
stage3__moderate_seed3302__s0__1800s__dense_on,1882,1879,branch_bounds_only,full-inherited-pack,1421,42,0,0,0,0,0,0,41,0.0145925,direct_gini_cap|direct_gini_floor|gini_interval_bound|gini_pairwise_spread|interval_tight_mccormick_G_bit|low_gini_centering_band|objective_lower_estimator_cutoff|penalty_deviation_upper_bound|penalty_final_inventory_domain|penalty_lower_bound_closure|required_station_movement|sp_product_mccormick|sp_product_objective_estimator_paper_safe|variable_s_low_gini_centering,61364ffe88974b54,passed,
stage3__moderate_seed3302__s0__1800s__dense_on,1881,1879,deferred_first_relaxation_attach,full-inherited-pack,1421,42,0,0,0,0,0,1421,41,0.0143362,direct_gini_cap|direct_gini_floor|gini_interval_bound|gini_pairwise_spread|interval_tight_mccormick_G_bit|low_gini_centering_band|objective_lower_estimator_cutoff|penalty_deviation_upper_bound|penalty_final_inventory_domain|penalty_lower_bound_closure|required_station_movement|sp_product_mccormick|sp_product_objective_estimator_paper_safe|variable_s_low_gini_centering,9a3f8c89d64bb92b,passed,
stage3__moderate_seed3302__s0__1800s__dense_on,706,312,deferred_first_relaxation_attach,full-inherited-pack,1421,42,0,0,0,0,0,1421,41,0.0143719,direct_gini_cap|direct_gini_floor|gini_interval_bound|gini_pairwise_spread|interval_tight_mccormick_G_bit|low_gini_centering_band|objective_lower_estimator_cutoff|penalty_deviation_upper_bound|penalty_final_inventory_domain|penalty_lower_bound_closure|required_station_movement|sp_product_mccormick|sp_product_objective_estimator_paper_safe|variable_s_low_gini_centering,3977cbd9be12bfbb,passed,
stage3__moderate_seed3302__s0__1800s__dense_on,2037,706,branch_bounds_only,full-inherited-pack,1421,42,0,0,0,0,0,0,41,0.0144984,direct_gini_cap|direct_gini_floor|gini_interval_bound|gini_pairwise_spread|interval_tight_mccormick_G_bit|low_gini_centering_band|objective_lower_estimator_cutoff|penalty_deviation_upper_bound|penalty_final_inventory_domain|penalty_lower_bound_closure|required_station_movement|sp_product_mccormick|sp_product_objective_estimator_paper_safe|variable_s_low_gini_centering,a915da37d35f69ba,passed,
stage3__moderate_seed3302__s0__1800s__dense_on,2038,706,branch_bounds_only,full-inherited-pack,1421,42,0,0,0,0,0,0,41,0.014201500000000001,direct_gini_cap|direct_gini_floor|gini_interval_bound|gini_pairwise_spread|interval_tight_mccormick_G_bit|low_gini_centering_band|objective_lower_estimator_cutoff|penalty_deviation_upper_bound|penalty_final_inventory_domain|penalty_lower_bound_closure|required_station_movement|sp_product_mccormick|sp_product_objective_estimator_paper_safe|variable_s_low_gini_centering,a0f440a7f4345bad,passed,
stage3__moderate_seed3302__s0__1800s__dense_on,2037,706,deferred_first_relaxation_attach,full-inherited-pack,1421,42,0,0,0,0,0,1421,41,0.014860099999999999,direct_gini_cap|direct_gini_floor|gini_interval_bound|gini_pairwise_spread|interval_tight_mccormick_G_bit|low_gini_centering_band|objective_lower_estimator_cutoff|penalty_deviation_upper_bound|penalty_final_inventory_domain|penalty_lower_bound_closure|required_station_movement|sp_product_mccormick|sp_product_objective_estimator_paper_safe|variable_s_low_gini_centering,a915da37d35f69ba,passed,
stage3__moderate_seed3302__s0__1800s__dense_on,2038,706,deferred_first_relaxation_attach,full-inherited-pack,1421,42,0,0,0,0,0,1421,41,0.014328199999999999,direct_gini_cap|direct_gini_floor|gini_interval_bound|gini_pairwise_spread|interval_tight_mccormick_G_bit|low_gini_centering_band|objective_lower_estimator_cutoff|penalty_deviation_upper_bound|penalty_final_inventory_domain|penalty_lower_bound_closure|required_station_movement|sp_product_mccormick|sp_product_objective_estimator_paper_safe|variable_s_low_gini_centering,a0f440a7f4345bad,passed,
stage3__moderate_seed3302__s0__1800s__dense_on,1292,764,deferred_first_relaxation_attach,full-inherited-pack,1421,42,0,0,0,0,0,1421,41,0.015099899999999999,direct_gini_cap|direct_gini_floor|gini_interval_bound|gini_pairwise_spread|interval_tight_mccormick_G_bit|low_gini_centering_band|objective_lower_estimator_cutoff|penalty_deviation_upper_bound|penalty_final_inventory_domain|penalty_lower_bound_closure|required_station_movement|sp_product_mccormick|sp_product_objective_estimator_paper_safe|variable_s_low_gini_centering,86c00f670578d954,passed,
stage3__moderate_seed3302__s0__1800s__dense_on,1634,32,deferred_first_relaxation_attach,full-inherited-pack,1421,42,0,0,0,0,0,1421,41,0.014435999999999999,direct_gini_cap|direct_gini_floor|gini_interval_bound|gini_pairwise_spread|interval_tight_mccormick_G_bit|low_gini_centering_band|objective_lower_estimator_cutoff|penalty_deviation_upper_bound|penalty_final_inventory_domain|penalty_lower_bound_closure|required_station_movement|sp_product_mccormick|sp_product_objective_estimator_paper_safe|variable_s_low_gini_centering,a1c208f1ea9d5d82,passed,
stage3__moderate_seed3302__s0__1800s__dense_on,1244,28,deferred_first_relaxation_attach,full-inherited-pack,1421,42,0,0,0,0,0,1421,41,0.014500300000000001,direct_gini_cap|direct_gini_floor|gini_interval_bound|gini_pairwise_spread|interval_tight_mccormick_G_bit|low_gini_centering_band|objective_lower_estimator_cutoff|penalty_deviation_upper_bound|penalty_final_inventory_domain|penalty_lower_bound_closure|required_station_movement|sp_product_mccormick|sp_product_objective_estimator_paper_safe|variable_s_low_gini_centering,df97d78480b9763c,passed,
stage3__moderate_seed3302__s0__1800s__dense_on,2519,1244,branch_bounds_only,full-inherited-pack,1421,42,0,0,0,0,0,0,41,0.0147811,direct_gini_cap|direct_gini_floor|gini_interval_bound|gini_pairwise_spread|interval_tight_mccormick_G_bit|low_gini_centering_band|objective_lower_estimator_cutoff|penalty_deviation_upper_bound|penalty_final_inventory_domain|penalty_lower_bound_closure|required_station_movement|sp_product_mccormick|sp_product_objective_estimator_paper_safe|variable_s_low_gini_centering,e08d900a03287b85,passed,
stage3__moderate_seed3302__s0__1800s__dense_on,2520,1244,branch_bounds_only,full-inherited-pack,1421,42,0,0,0,0,0,0,41,0.0145769,direct_gini_cap|direct_gini_floor|gini_interval_bound|gini_pairwise_spread|interval_tight_mccormick_G_bit|low_gini_centering_band|objective_lower_estimator_cutoff|penalty_deviation_upper_bound|penalty_final_inventory_domain|penalty_lower_bound_closure|required_station_movement|sp_product_mccormick|sp_product_objective_estimator_paper_safe|variable_s_low_gini_centering,2daa20d878d199c6,passed,
stage3__moderate_seed3302__s0__1800s__dense_on,2519,1244,deferred_first_relaxation_attach,full-inherited-pack,1421,42,0,0,0,0,0,1421,41,0.0145845,direct_gini_cap|direct_gini_floor|gini_interval_bound|gini_pairwise_spread|interval_tight_mccormick_G_bit|low_gini_centering_band|objective_lower_estimator_cutoff|penalty_deviation_upper_bound|penalty_final_inventory_domain|penalty_lower_bound_closure|required_station_movement|sp_product_mccormick|sp_product_objective_estimator_paper_safe|variable_s_low_gini_centering,e08d900a03287b85,passed,
stage3__moderate_seed3302__s0__1800s__dense_on,2520,1244,deferred_first_relaxation_attach,full-inherited-pack,1421,42,0,0,0,0,0,1421,41,0.015004099999999999,direct_gini_cap|direct_gini_floor|gini_interval_bound|gini_pairwise_spread|interval_tight_mccormick_G_bit|low_gini_centering_band|objective_lower_estimator_cutoff|penalty_deviation_upper_bound|penalty_final_inventory_domain|penalty_lower_bound_closure|required_station_movement|sp_product_mccormick|sp_product_objective_estimator_paper_safe|variable_s_low_gini_centering,2daa20d878d199c6,passed,
stage3__moderate_seed3302__s0__1800s__dense_on,256,253,deferred_first_relaxation_attach,full-inherited-pack,1421,42,0,0,0,0,0,1421,41,0.0146482,direct_gini_cap|direct_gini_floor|gini_interval_bound|gini_pairwise_spread|interval_tight_mccormick_G_bit|low_gini_centering_band|objective_lower_estimator_cutoff|penalty_deviation_upper_bound|penalty_final_inventory_domain|penalty_lower_bound_closure|required_station_movement|sp_product_mccormick|sp_product_objective_estimator_paper_safe|variable_s_low_gini_centering,490eeedef72c26fb,passed,
stage3__moderate_seed3302__s0__1800s__dense_on,2739,256,branch_bounds_only,full-inherited-pack,1421,42,0,0,0,0,0,0,41,0.0144563,direct_gini_cap|direct_gini_floor|gini_interval_bound|gini_pairwise_spread|interval_tight_mccormick_G_bit|low_gini_centering_band|objective_lower_estimator_cutoff|penalty_deviation_upper_bound|penalty_final_inventory_domain|penalty_lower_bound_closure|required_station_movement|sp_product_mccormick|sp_product_objective_estimator_paper_safe|variable_s_low_gini_centering,2632151088583911,passed,
stage3__moderate_seed3302__s0__1800s__dense_on,2740,256,branch_bounds_only,full-inherited-pack,1421,42,0,0,0,0,0,0,41,0.014474600000000001,direct_gini_cap|direct_gini_floor|gini_interval_bound|gini_pairwise_spread|interval_tight_mccormick_G_bit|low_gini_centering_band|objective_lower_estimator_cutoff|penalty_deviation_upper_bound|penalty_final_inventory_domain|penalty_lower_bound_closure|required_station_movement|sp_product_mccormick|sp_product_objective_estimator_paper_safe|variable_s_low_gini_centering,3d522a5e0a55a62c,passed,
stage3__moderate_seed3302__s0__1800s__dense_on,2739,256,deferred_first_relaxation_attach,full-inherited-pack,1421,42,0,0,0,0,0,1421,41,0.0144189,direct_gini_cap|direct_gini_floor|gini_interval_bound|gini_pairwise_spread|interval_tight_mccormick_G_bit|low_gini_centering_band|objective_lower_estimator_cutoff|penalty_deviation_upper_bound|penalty_final_inventory_domain|penalty_lower_bound_closure|required_station_movement|sp_product_mccormick|sp_product_objective_estimator_paper_safe|variable_s_low_gini_centering,2632151088583911,passed,
stage3__moderate_seed3302__s0__1800s__dense_on,2740,256,deferred_first_relaxation_attach,full-inherited-pack,1421,42,0,0,0,0,0,1421,41,0.0147969,direct_gini_cap|direct_gini_floor|gini_interval_bound|gini_pairwise_spread|interval_tight_mccormick_G_bit|low_gini_centering_band|objective_lower_estimator_cutoff|penalty_deviation_upper_bound|penalty_final_inventory_domain|penalty_lower_bound_closure|required_station_movement|sp_product_mccormick|sp_product_objective_estimator_paper_safe|variable_s_low_gini_centering,3d522a5e0a55a62c,passed,
stage3__moderate_seed3302__s0__1800s__dense_on,1666,31,deferred_first_relaxation_attach,full-inherited-pack,1421,42,0,0,0,0,0,1421,41,0.014763699999999999,direct_gini_cap|direct_gini_floor|gini_interval_bound|gini_pairwise_spread|interval_tight_mccormick_G_bit|low_gini_centering_band|objective_lower_estimator_cutoff|penalty_deviation_upper_bound|penalty_final_inventory_domain|penalty_lower_bound_closure|required_station_movement|sp_product_mccormick|sp_product_objective_estimator_paper_safe|variable_s_low_gini_centering,8a89948735ef1b22,passed,
stage3__moderate_seed3302__s0__1800s__dense_on,258,255,deferred_first_relaxation_attach,full-inherited-pack,1421,42,0,0,0,0,0,1421,41,0.0143085,direct_gini_cap|direct_gini_floor|gini_interval_bound|gini_pairwise_spread|interval_tight_mccormick_G_bit|low_gini_centering_band|objective_lower_estimator_cutoff|penalty_deviation_upper_bound|penalty_final_inventory_domain|penalty_lower_bound_closure|required_station_movement|sp_product_mccormick|sp_product_objective_estimator_paper_safe|variable_s_low_gini_centering,7c2570cf7687c755,passed,
stage3__moderate_seed3302__s0__1800s__dense_on,838,24,deferred_first_relaxation_attach,full-inherited-pack,1421,42,0,0,0,0,0,1421,41,0.0145991,direct_gini_cap|direct_gini_floor|gini_interval_bound|gini_pairwise_spread|interval_tight_mccormick_G_bit|low_gini_centering_band|objective_lower_estimator_cutoff|penalty_deviation_upper_bound|penalty_final_inventory_domain|penalty_lower_bound_closure|required_station_movement|sp_product_mccormick|sp_product_objective_estimator_paper_safe|variable_s_low_gini_centering,8431b0591bce3a33,passed,
stage3__moderate_seed3302__s0__1800s__dense_on,3319,838,branch_bounds_only,full-inherited-pack,1421,42,0,0,0,0,0,0,41,0.014424599999999999,direct_gini_cap|direct_gini_floor|gini_interval_bound|gini_pairwise_spread|interval_tight_mccormick_G_bit|low_gini_centering_band|objective_lower_estimator_cutoff|penalty_deviation_upper_bound|penalty_final_inventory_domain|penalty_lower_bound_closure|required_station_movement|sp_product_mccormick|sp_product_objective_estimator_paper_safe|variable_s_low_gini_centering,5b99b907a0b35c41,passed,
stage3__moderate_seed3302__s0__1800s__dense_on,3320,838,branch_bounds_only,full-inherited-pack,1421,42,0,0,0,0,0,0,41,0.0145177,direct_gini_cap|direct_gini_floor|gini_interval_bound|gini_pairwise_spread|interval_tight_mccormick_G_bit|low_gini_centering_band|objective_lower_estimator_cutoff|penalty_deviation_upper_bound|penalty_final_inventory_domain|penalty_lower_bound_closure|required_station_movement|sp_product_mccormick|sp_product_objective_estimator_paper_safe|variable_s_low_gini_centering,71eea1d941361c6b,passed,
stage3__moderate_seed3302__s0__1800s__dense_on,3319,838,deferred_first_relaxation_attach,full-inherited-pack,1421,42,0,0,0,0,0,1421,41,0.014798,direct_gini_cap|direct_gini_floor|gini_interval_bound|gini_pairwise_spread|interval_tight_mccormick_G_bit|low_gini_centering_band|objective_lower_estimator_cutoff|penalty_deviation_upper_bound|penalty_final_inventory_domain|penalty_lower_bound_closure|required_station_movement|sp_product_mccormick|sp_product_objective_estimator_paper_safe|variable_s_low_gini_centering,5b99b907a0b35c41,passed,
stage3__moderate_seed3302__s0__1800s__dense_on,3321,3319,branch_bounds_only,full-inherited-pack,1421,42,0,0,0,0,0,0,41,0.0147501,direct_gini_cap|direct_gini_floor|gini_interval_bound|gini_pairwise_spread|interval_tight_mccormick_G_bit|low_gini_centering_band|objective_lower_estimator_cutoff|penalty_deviation_upper_bound|penalty_final_inventory_domain|penalty_lower_bound_closure|required_station_movement|sp_product_mccormick|sp_product_objective_estimator_paper_safe|variable_s_low_gini_centering,ba8c9bb5e942458b,passed,
stage3__moderate_seed3302__s0__1800s__dense_on,3322,3319,branch_bounds_only,full-inherited-pack,1421,42,0,0,0,0,0,0,41,0.0142758,direct_gini_cap|direct_gini_floor|gini_interval_bound|gini_pairwise_spread|interval_tight_mccormick_G_bit|low_gini_centering_band|objective_lower_estimator_cutoff|penalty_deviation_upper_bound|penalty_final_inventory_domain|penalty_lower_bound_closure|required_station_movement|sp_product_mccormick|sp_product_objective_estimator_paper_safe|variable_s_low_gini_centering,7ec338df0c4c7728,passed,
stage3__moderate_seed3302__s0__1800s__dense_on,3321,3319,deferred_first_relaxation_attach,full-inherited-pack,1421,42,0,0,0,0,0,1421,41,0.014512000000000001,direct_gini_cap|direct_gini_floor|gini_interval_bound|gini_pairwise_spread|interval_tight_mccormick_G_bit|low_gini_centering_band|objective_lower_estimator_cutoff|penalty_deviation_upper_bound|penalty_final_inventory_domain|penalty_lower_bound_closure|required_station_movement|sp_product_mccormick|sp_product_objective_estimator_paper_safe|variable_s_low_gini_centering,ba8c9bb5e942458b,passed,
stage3__moderate_seed3302__s0__1800s__dense_on,566,252,deferred_first_relaxation_attach,full-inherited-pack,1421,42,0,0,0,0,0,1421,41,0.0154416,direct_gini_cap|direct_gini_floor|gini_interval_bound|gini_pairwise_spread|interval_tight_mccormick_G_bit|low_gini_centering_band|objective_lower_estimator_cutoff|penalty_deviation_upper_bound|penalty_final_inventory_domain|penalty_lower_bound_closure|required_station_movement|sp_product_mccormick|sp_product_objective_estimator_paper_safe|variable_s_low_gini_centering,9b31d523bdff888a,passed,
stage3__moderate_seed3302__s0__1800s__dense_on,3369,566,branch_bounds_only,full-inherited-pack,1421,42,0,0,0,0,0,0,41,0.0159154,direct_gini_cap|direct_gini_floor|gini_interval_bound|gini_pairwise_spread|interval_tight_mccormick_G_bit|low_gini_centering_band|objective_lower_estimator_cutoff|penalty_deviation_upper_bound|penalty_final_inventory_domain|penalty_lower_bound_closure|required_station_movement|sp_product_mccormick|sp_product_objective_estimator_paper_safe|variable_s_low_gini_centering,c979d19e8ccfa725,passed,
stage3__moderate_seed3302__s0__1800s__dense_on,3370,566,branch_bounds_only,full-inherited-pack,1421,42,0,0,0,0,0,0,41,0.0143467,direct_gini_cap|direct_gini_floor|gini_interval_bound|gini_pairwise_spread|interval_tight_mccormick_G_bit|low_gini_centering_band|objective_lower_estimator_cutoff|penalty_deviation_upper_bound|penalty_final_inventory_domain|penalty_lower_bound_closure|required_station_movement|sp_product_mccormick|sp_product_objective_estimator_paper_safe|variable_s_low_gini_centering,1cb3082777481653,passed,
stage3__moderate_seed3302__s0__1800s__dense_on,3369,566,deferred_first_relaxation_attach,full-inherited-pack,1421,42,0,0,0,0,0,1421,41,0.0148103,direct_gini_cap|direct_gini_floor|gini_interval_bound|gini_pairwise_spread|interval_tight_mccormick_G_bit|low_gini_centering_band|objective_lower_estimator_cutoff|penalty_deviation_upper_bound|penalty_final_inventory_domain|penalty_lower_bound_closure|required_station_movement|sp_product_mccormick|sp_product_objective_estimator_paper_safe|variable_s_low_gini_centering,c979d19e8ccfa725,passed,
stage3__moderate_seed3302__s0__1800s__dense_on,3371,3369,branch_bounds_only,full-inherited-pack,1421,42,0,0,0,0,0,0,41,0.014479199999999999,direct_gini_cap|direct_gini_floor|gini_interval_bound|gini_pairwise_spread|interval_tight_mccormick_G_bit|low_gini_centering_band|objective_lower_estimator_cutoff|penalty_deviation_upper_bound|penalty_final_inventory_domain|penalty_lower_bound_closure|required_station_movement|sp_product_mccormick|sp_product_objective_estimator_paper_safe|variable_s_low_gini_centering,4e0d5051f72f32de,passed,
stage3__moderate_seed3302__s0__1800s__dense_on,3372,3369,branch_bounds_only,full-inherited-pack,1421,42,0,0,0,0,0,0,41,0.0143909,direct_gini_cap|direct_gini_floor|gini_interval_bound|gini_pairwise_spread|interval_tight_mccormick_G_bit|low_gini_centering_band|objective_lower_estimator_cutoff|penalty_deviation_upper_bound|penalty_final_inventory_domain|penalty_lower_bound_closure|required_station_movement|sp_product_mccormick|sp_product_objective_estimator_paper_safe|variable_s_low_gini_centering,89b3333a535360a7,passed,
stage3__moderate_seed3302__s0__1800s__dense_on,3371,3369,deferred_first_relaxation_attach,full-inherited-pack,1421,42,0,0,0,0,0,1421,41,0.014961,direct_gini_cap|direct_gini_floor|gini_interval_bound|gini_pairwise_spread|interval_tight_mccormick_G_bit|low_gini_centering_band|objective_lower_estimator_cutoff|penalty_deviation_upper_bound|penalty_final_inventory_domain|penalty_lower_bound_closure|required_station_movement|sp_product_mccormick|sp_product_objective_estimator_paper_safe|variable_s_low_gini_centering,4e0d5051f72f32de,passed,
stage3__moderate_seed3302__s0__1800s__dense_on,1880,254,deferred_first_relaxation_attach,full-inherited-pack,1421,42,0,0,0,0,0,1421,41,0.014564300000000001,direct_gini_cap|direct_gini_floor|gini_interval_bound|gini_pairwise_spread|interval_tight_mccormick_G_bit|low_gini_centering_band|objective_lower_estimator_cutoff|penalty_deviation_upper_bound|penalty_final_inventory_domain|penalty_lower_bound_closure|required_station_movement|sp_product_mccormick|sp_product_objective_estimator_paper_safe|variable_s_low_gini_centering,965dc188014d0de5,passed,
stage3__moderate_seed3302__s0__1800s__dense_on,3543,1880,branch_bounds_only,full-inherited-pack,1421,42,0,0,0,0,0,0,41,0.014691600000000001,direct_gini_cap|direct_gini_floor|gini_interval_bound|gini_pairwise_spread|interval_tight_mccormick_G_bit|low_gini_centering_band|objective_lower_estimator_cutoff|penalty_deviation_upper_bound|penalty_final_inventory_domain|penalty_lower_bound_closure|required_station_movement|sp_product_mccormick|sp_product_objective_estimator_paper_safe|variable_s_low_gini_centering,702f8b7fb92ab1af,passed,
stage3__moderate_seed3302__s0__1800s__dense_on,3544,1880,branch_bounds_only,full-inherited-pack,1421,42,0,0,0,0,0,0,41,0.0150221,direct_gini_cap|direct_gini_floor|gini_interval_bound|gini_pairwise_spread|interval_tight_mccormick_G_bit|low_gini_centering_band|objective_lower_estimator_cutoff|penalty_deviation_upper_bound|penalty_final_inventory_domain|penalty_lower_bound_closure|required_station_movement|sp_product_mccormick|sp_product_objective_estimator_paper_safe|variable_s_low_gini_centering,3c8da83e3f4eb944,passed,
stage3__moderate_seed3302__s0__1800s__dense_on,3543,1880,deferred_first_relaxation_attach,full-inherited-pack,1421,42,0,0,0,0,0,1421,41,0.015092299999999999,direct_gini_cap|direct_gini_floor|gini_interval_bound|gini_pairwise_spread|interval_tight_mccormick_G_bit|low_gini_centering_band|objective_lower_estimator_cutoff|penalty_deviation_upper_bound|penalty_final_inventory_domain|penalty_lower_bound_closure|required_station_movement|sp_product_mccormick|sp_product_objective_estimator_paper_safe|variable_s_low_gini_centering,702f8b7fb92ab1af,passed,
stage3__moderate_seed3302__s0__1800s__dense_on,3544,1880,deferred_first_relaxation_attach,full-inherited-pack,1421,42,0,0,0,0,0,1421,41,0.015399899999999999,direct_gini_cap|direct_gini_floor|gini_interval_bound|gini_pairwise_spread|interval_tight_mccormick_G_bit|low_gini_centering_band|objective_lower_estimator_cutoff|penalty_deviation_upper_bound|penalty_final_inventory_domain|penalty_lower_bound_closure|required_station_movement|sp_product_mccormick|sp_product_objective_estimator_paper_safe|variable_s_low_gini_centering,3c8da83e3f4eb944,passed,
stage3__moderate_seed3302__s0__1800s__dense_on,1200,27,deferred_first_relaxation_attach,full-inherited-pack,1421,42,0,0,0,0,0,1421,41,0.015575,direct_gini_cap|direct_gini_floor|gini_interval_bound|gini_pairwise_spread|interval_tight_mccormick_G_bit|low_gini_centering_band|objective_lower_estimator_cutoff|penalty_deviation_upper_bound|penalty_final_inventory_domain|penalty_lower_bound_closure|required_station_movement|sp_product_mccormick|sp_product_objective_estimator_paper_safe|variable_s_low_gini_centering,1806d161924e2359,passed,
stage3__moderate_seed3302__s0__1800s__dense_on,3703,1200,branch_bounds_only,full-inherited-pack,1421,42,0,0,0,0,0,0,41,0.014915299999999999,direct_gini_cap|direct_gini_floor|gini_interval_bound|gini_pairwise_spread|interval_tight_mccormick_G_bit|low_gini_centering_band|objective_lower_estimator_cutoff|penalty_deviation_upper_bound|penalty_final_inventory_domain|penalty_lower_bound_closure|required_station_movement|sp_product_mccormick|sp_product_objective_estimator_paper_safe|variable_s_low_gini_centering,9798dcf9201f2221,passed,
stage3__moderate_seed3302__s0__1800s__dense_on,3704,1200,branch_bounds_only,full-inherited-pack,1421,42,0,0,0,0,0,0,41,0.0143546,direct_gini_cap|direct_gini_floor|gini_interval_bound|gini_pairwise_spread|interval_tight_mccormick_G_bit|low_gini_centering_band|objective_lower_estimator_cutoff|penalty_deviation_upper_bound|penalty_final_inventory_domain|penalty_lower_bound_closure|required_station_movement|sp_product_mccormick|sp_product_objective_estimator_paper_safe|variable_s_low_gini_centering,ddac9a9f6ba170af,passed,
stage3__moderate_seed3302__s0__1800s__dense_on,3703,1200,deferred_first_relaxation_attach,full-inherited-pack,1421,42,0,0,0,0,0,1421,41,0.0147583,direct_gini_cap|direct_gini_floor|gini_interval_bound|gini_pairwise_spread|interval_tight_mccormick_G_bit|low_gini_centering_band|objective_lower_estimator_cutoff|penalty_deviation_upper_bound|penalty_final_inventory_domain|penalty_lower_bound_closure|required_station_movement|sp_product_mccormick|sp_product_objective_estimator_paper_safe|variable_s_low_gini_centering,9798dcf9201f2221,passed,
stage3__moderate_seed3302__s0__1800s__dense_on,3704,1200,deferred_first_relaxation_attach,full-inherited-pack,1421,42,0,0,0,0,0,1421,41,0.0144408,direct_gini_cap|direct_gini_floor|gini_interval_bound|gini_pairwise_spread|interval_tight_mccormick_G_bit|low_gini_centering_band|objective_lower_estimator_cutoff|penalty_deviation_upper_bound|penalty_final_inventory_domain|penalty_lower_bound_closure|required_station_movement|sp_product_mccormick|sp_product_objective_estimator_paper_safe|variable_s_low_gini_centering,ddac9a9f6ba170af,passed,
stage3__moderate_seed3302__s0__1800s__dense_on,1246,1243,deferred_first_relaxation_attach,full-inherited-pack,1421,42,0,0,0,0,0,1421,41,0.014633999999999999,direct_gini_cap|direct_gini_floor|gini_interval_bound|gini_pairwise_spread|interval_tight_mccormick_G_bit|low_gini_centering_band|objective_lower_estimator_cutoff|penalty_deviation_upper_bound|penalty_final_inventory_domain|penalty_lower_bound_closure|required_station_movement|sp_product_mccormick|sp_product_objective_estimator_paper_safe|variable_s_low_gini_centering,0b04a3ff7ce2191f,passed,
stage3__moderate_seed3302__s0__1800s__dense_on,1882,1879,deferred_first_relaxation_attach,full-inherited-pack,1421,42,0,0,0,0,0,1421,41,0.014615,direct_gini_cap|direct_gini_floor|gini_interval_bound|gini_pairwise_spread|interval_tight_mccormick_G_bit|low_gini_centering_band|objective_lower_estimator_cutoff|penalty_deviation_upper_bound|penalty_final_inventory_domain|penalty_lower_bound_closure|required_station_movement|sp_product_mccormick|sp_product_objective_estimator_paper_safe|variable_s_low_gini_centering,61364ffe88974b54,passed,
stage3__moderate_seed3302__s0__1800s__dense_on,568,565,deferred_first_relaxation_attach,full-inherited-pack,1421,42,0,0,0,0,0,1421,41,0.014966399999999999,direct_gini_cap|direct_gini_floor|gini_interval_bound|gini_pairwise_spread|interval_tight_mccormick_G_bit|low_gini_centering_band|objective_lower_estimator_cutoff|penalty_deviation_upper_bound|penalty_final_inventory_domain|penalty_lower_bound_closure|required_station_movement|sp_product_mccormick|sp_product_objective_estimator_paper_safe|variable_s_low_gini_centering,1f27ea25ae3b5887,passed,
stage3__moderate_seed3302__s0__1800s__dense_on,4105,568,branch_bounds_only,full-inherited-pack,1421,42,0,0,0,0,0,0,41,0.014429900000000001,direct_gini_cap|direct_gini_floor|gini_interval_bound|gini_pairwise_spread|interval_tight_mccormick_G_bit|low_gini_centering_band|objective_lower_estimator_cutoff|penalty_deviation_upper_bound|penalty_final_inventory_domain|penalty_lower_bound_closure|required_station_movement|sp_product_mccormick|sp_product_objective_estimator_paper_safe|variable_s_low_gini_centering,10446a715c603dc0,passed,
stage3__moderate_seed3302__s0__1800s__dense_on,4106,568,branch_bounds_only,full-inherited-pack,1421,42,0,0,0,0,0,0,41,0.0143672,direct_gini_cap|direct_gini_floor|gini_interval_bound|gini_pairwise_spread|interval_tight_mccormick_G_bit|low_gini_centering_band|objective_lower_estimator_cutoff|penalty_deviation_upper_bound|penalty_final_inventory_domain|penalty_lower_bound_closure|required_station_movement|sp_product_mccormick|sp_product_objective_estimator_paper_safe|variable_s_low_gini_centering,047a7128745856d4,passed,
stage3__moderate_seed3302__s0__1800s__dense_on,4105,568,deferred_first_relaxation_attach,full-inherited-pack,1421,42,0,0,0,0,0,1421,41,0.0143325,direct_gini_cap|direct_gini_floor|gini_interval_bound|gini_pairwise_spread|interval_tight_mccormick_G_bit|low_gini_centering_band|objective_lower_estimator_cutoff|penalty_deviation_upper_bound|penalty_final_inventory_domain|penalty_lower_bound_closure|required_station_movement|sp_product_mccormick|sp_product_objective_estimator_paper_safe|variable_s_low_gini_centering,10446a715c603dc0,passed,
stage3__moderate_seed3302__s0__1800s__dense_on,4106,568,deferred_first_relaxation_attach,full-inherited-pack,1421,42,0,0,0,0,0,1421,41,0.0150688,direct_gini_cap|direct_gini_floor|gini_interval_bound|gini_pairwise_spread|interval_tight_mccormick_G_bit|low_gini_centering_band|objective_lower_estimator_cutoff|penalty_deviation_upper_bound|penalty_final_inventory_domain|penalty_lower_bound_closure|required_station_movement|sp_product_mccormick|sp_product_objective_estimator_paper_safe|variable_s_low_gini_centering,047a7128745856d4,passed,
stage3__moderate_seed3302__s0__1800s__dense_on,494,491,deferred_first_relaxation_attach,full-inherited-pack,1421,42,0,0,0,0,0,1421,41,0.0144095,direct_gini_cap|direct_gini_floor|gini_interval_bound|gini_pairwise_spread|interval_tight_mccormick_G_bit|low_gini_centering_band|objective_lower_estimator_cutoff|penalty_deviation_upper_bound|penalty_final_inventory_domain|penalty_lower_bound_closure|required_station_movement|sp_product_mccormick|sp_product_objective_estimator_paper_safe|variable_s_low_gini_centering,0bf067cc80917543,passed,
stage3__moderate_seed3302__s0__1800s__dense_on,4195,494,branch_bounds_only,full-inherited-pack,1421,42,0,0,0,0,0,0,41,0.0145874,direct_gini_cap|direct_gini_floor|gini_interval_bound|gini_pairwise_spread|interval_tight_mccormick_G_bit|low_gini_centering_band|objective_lower_estimator_cutoff|penalty_deviation_upper_bound|penalty_final_inventory_domain|penalty_lower_bound_closure|required_station_movement|sp_product_mccormick|sp_product_objective_estimator_paper_safe|variable_s_low_gini_centering,5f11aa435ea4f736,passed,
stage3__moderate_seed3302__s0__1800s__dense_on,4196,494,branch_bounds_only,full-inherited-pack,1421,42,0,0,0,0,0,0,41,0.0142685,direct_gini_cap|direct_gini_floor|gini_interval_bound|gini_pairwise_spread|interval_tight_mccormick_G_bit|low_gini_centering_band|objective_lower_estimator_cutoff|penalty_deviation_upper_bound|penalty_final_inventory_domain|penalty_lower_bound_closure|required_station_movement|sp_product_mccormick|sp_product_objective_estimator_paper_safe|variable_s_low_gini_centering,e2277344e72803bf,passed,
stage3__moderate_seed3302__s0__1800s__dense_on,4195,494,deferred_first_relaxation_attach,full-inherited-pack,1421,42,0,0,0,0,0,1421,41,0.0142907,direct_gini_cap|direct_gini_floor|gini_interval_bound|gini_pairwise_spread|interval_tight_mccormick_G_bit|low_gini_centering_band|objective_lower_estimator_cutoff|penalty_deviation_upper_bound|penalty_final_inventory_domain|penalty_lower_bound_closure|required_station_movement|sp_product_mccormick|sp_product_objective_estimator_paper_safe|variable_s_low_gini_centering,5f11aa435ea4f736,passed,
stage3__moderate_seed3302__s0__1800s__dense_on,4197,4195,branch_bounds_only,full-inherited-pack,1421,42,0,0,0,0,0,0,41,0.0144446,direct_gini_cap|direct_gini_floor|gini_interval_bound|gini_pairwise_spread|interval_tight_mccormick_G_bit|low_gini_centering_band|objective_lower_estimator_cutoff|penalty_deviation_upper_bound|penalty_final_inventory_domain|penalty_lower_bound_closure|required_station_movement|sp_product_mccormick|sp_product_objective_estimator_paper_safe|variable_s_low_gini_centering,89bedb0c9760dcf9,passed,
stage3__moderate_seed3302__s0__1800s__dense_on,4198,4195,branch_bounds_only,full-inherited-pack,1421,42,0,0,0,0,0,0,41,0.014560999999999999,direct_gini_cap|direct_gini_floor|gini_interval_bound|gini_pairwise_spread|interval_tight_mccormick_G_bit|low_gini_centering_band|objective_lower_estimator_cutoff|penalty_deviation_upper_bound|penalty_final_inventory_domain|penalty_lower_bound_closure|required_station_movement|sp_product_mccormick|sp_product_objective_estimator_paper_safe|variable_s_low_gini_centering,a893c091444516a9,passed,
stage3__moderate_seed3302__s0__1800s__dense_on,4197,4195,deferred_first_relaxation_attach,full-inherited-pack,1421,42,0,0,0,0,0,1421,41,0.0146257,direct_gini_cap|direct_gini_floor|gini_interval_bound|gini_pairwise_spread|interval_tight_mccormick_G_bit|low_gini_centering_band|objective_lower_estimator_cutoff|penalty_deviation_upper_bound|penalty_final_inventory_domain|penalty_lower_bound_closure|required_station_movement|sp_product_mccormick|sp_product_objective_estimator_paper_safe|variable_s_low_gini_centering,89bedb0c9760dcf9,passed,
stage3__moderate_seed3302__s0__1800s__dense_on,4199,4197,branch_bounds_only,full-inherited-pack,1421,42,0,0,0,0,0,0,41,0.014473700000000001,direct_gini_cap|direct_gini_floor|gini_interval_bound|gini_pairwise_spread|interval_tight_mccormick_G_bit|low_gini_centering_band|objective_lower_estimator_cutoff|penalty_deviation_upper_bound|penalty_final_inventory_domain|penalty_lower_bound_closure|required_station_movement|sp_product_mccormick|sp_product_objective_estimator_paper_safe|variable_s_low_gini_centering,4a886f68c328b944,passed,
stage3__moderate_seed3302__s0__1800s__dense_on,4200,4197,branch_bounds_only,full-inherited-pack,1421,42,0,0,0,0,0,0,41,0.014288800000000001,direct_gini_cap|direct_gini_floor|gini_interval_bound|gini_pairwise_spread|interval_tight_mccormick_G_bit|low_gini_centering_band|objective_lower_estimator_cutoff|penalty_deviation_upper_bound|penalty_final_inventory_domain|penalty_lower_bound_closure|required_station_movement|sp_product_mccormick|sp_product_objective_estimator_paper_safe|variable_s_low_gini_centering,57b37e80ecd65bf5,passed,
stage3__moderate_seed3302__s0__1800s__dense_on,4199,4197,deferred_first_relaxation_attach,full-inherited-pack,1421,42,0,0,0,0,0,1421,41,0.014643700000000001,direct_gini_cap|direct_gini_floor|gini_interval_bound|gini_pairwise_spread|interval_tight_mccormick_G_bit|low_gini_centering_band|objective_lower_estimator_cutoff|penalty_deviation_upper_bound|penalty_final_inventory_domain|penalty_lower_bound_closure|required_station_movement|sp_product_mccormick|sp_product_objective_estimator_paper_safe|variable_s_low_gini_centering,4a886f68c328b944,passed,
stage3__moderate_seed3302__s0__1800s__dense_on,4200,4197,deferred_first_relaxation_attach,full-inherited-pack,1421,42,0,0,0,0,0,1421,41,0.0145507,direct_gini_cap|direct_gini_floor|gini_interval_bound|gini_pairwise_spread|interval_tight_mccormick_G_bit|low_gini_centering_band|objective_lower_estimator_cutoff|penalty_deviation_upper_bound|penalty_final_inventory_domain|penalty_lower_bound_closure|required_station_movement|sp_product_mccormick|sp_product_objective_estimator_paper_safe|variable_s_low_gini_centering,57b37e80ecd65bf5,passed,
stage3__moderate_seed3302__s0__1800s__dense_on,570,567,deferred_first_relaxation_attach,full-inherited-pack,1421,42,0,0,0,0,0,1421,41,0.0145813,direct_gini_cap|direct_gini_floor|gini_interval_bound|gini_pairwise_spread|interval_tight_mccormick_G_bit|low_gini_centering_band|objective_lower_estimator_cutoff|penalty_deviation_upper_bound|penalty_final_inventory_domain|penalty_lower_bound_closure|required_station_movement|sp_product_mccormick|sp_product_objective_estimator_paper_safe|variable_s_low_gini_centering,5c0025ebd43c5af1,passed,
stage3__moderate_seed3302__s0__1800s__dense_on,3320,838,deferred_first_relaxation_attach,full-inherited-pack,1421,42,0,0,0,0,0,1421,41,0.014847000000000001,direct_gini_cap|direct_gini_floor|gini_interval_bound|gini_pairwise_spread|interval_tight_mccormick_G_bit|low_gini_centering_band|objective_lower_estimator_cutoff|penalty_deviation_upper_bound|penalty_final_inventory_domain|penalty_lower_bound_closure|required_station_movement|sp_product_mccormick|sp_product_objective_estimator_paper_safe|variable_s_low_gini_centering,71eea1d941361c6b,passed,
stage3__moderate_seed3302__s0__1800s__dense_on,4881,3320,branch_bounds_only,full-inherited-pack,1421,42,0,0,0,0,0,0,41,0.014281200000000001,direct_gini_cap|direct_gini_floor|gini_interval_bound|gini_pairwise_spread|interval_tight_mccormick_G_bit|low_gini_centering_band|objective_lower_estimator_cutoff|penalty_deviation_upper_bound|penalty_final_inventory_domain|penalty_lower_bound_closure|required_station_movement|sp_product_mccormick|sp_product_objective_estimator_paper_safe|variable_s_low_gini_centering,0d43164232dea54a,passed,
stage3__moderate_seed3302__s0__1800s__dense_on,4882,3320,branch_bounds_only,full-inherited-pack,1421,42,0,0,0,0,0,0,41,0.014116999999999999,direct_gini_cap|direct_gini_floor|gini_interval_bound|gini_pairwise_spread|interval_tight_mccormick_G_bit|low_gini_centering_band|objective_lower_estimator_cutoff|penalty_deviation_upper_bound|penalty_final_inventory_domain|penalty_lower_bound_closure|required_station_movement|sp_product_mccormick|sp_product_objective_estimator_paper_safe|variable_s_low_gini_centering,224fcb9d2cbeb279,passed,
stage3__moderate_seed3302__s0__1800s__dense_on,4881,3320,deferred_first_relaxation_attach,full-inherited-pack,1421,42,0,0,0,0,0,1421,41,0.014755300000000001,direct_gini_cap|direct_gini_floor|gini_interval_bound|gini_pairwise_spread|interval_tight_mccormick_G_bit|low_gini_centering_band|objective_lower_estimator_cutoff|penalty_deviation_upper_bound|penalty_final_inventory_domain|penalty_lower_bound_closure|required_station_movement|sp_product_mccormick|sp_product_objective_estimator_paper_safe|variable_s_low_gini_centering,0d43164232dea54a,passed,
stage3__moderate_seed3302__s0__1800s__dense_on,4882,3320,deferred_first_relaxation_attach,full-inherited-pack,1421,42,0,0,0,0,0,1421,41,0.0143304,direct_gini_cap|direct_gini_floor|gini_interval_bound|gini_pairwise_spread|interval_tight_mccormick_G_bit|low_gini_centering_band|objective_lower_estimator_cutoff|penalty_deviation_upper_bound|penalty_final_inventory_domain|penalty_lower_bound_closure|required_station_movement|sp_product_mccormick|sp_product_objective_estimator_paper_safe|variable_s_low_gini_centering,224fcb9d2cbeb279,passed,
stage3__moderate_seed3302__s0__1800s__dense_on,3370,566,deferred_first_relaxation_attach,full-inherited-pack,1421,42,0,0,0,0,0,1421,41,0.0146582,direct_gini_cap|direct_gini_floor|gini_interval_bound|gini_pairwise_spread|interval_tight_mccormick_G_bit|low_gini_centering_band|objective_lower_estimator_cutoff|penalty_deviation_upper_bound|penalty_final_inventory_domain|penalty_lower_bound_closure|required_station_movement|sp_product_mccormick|sp_product_objective_estimator_paper_safe|variable_s_low_gini_centering,1cb3082777481653,passed,
stage3__moderate_seed3302__s0__1800s__dense_on,4991,3370,branch_bounds_only,full-inherited-pack,1421,42,0,0,0,0,0,0,41,0.0145722,direct_gini_cap|direct_gini_floor|gini_interval_bound|gini_pairwise_spread|interval_tight_mccormick_G_bit|low_gini_centering_band|objective_lower_estimator_cutoff|penalty_deviation_upper_bound|penalty_final_inventory_domain|penalty_lower_bound_closure|required_station_movement|sp_product_mccormick|sp_product_objective_estimator_paper_safe|variable_s_low_gini_centering,a34922bb12116860,passed,
stage3__moderate_seed3302__s0__1800s__dense_on,4992,3370,branch_bounds_only,full-inherited-pack,1421,42,0,0,0,0,0,0,41,0.014293699999999999,direct_gini_cap|direct_gini_floor|gini_interval_bound|gini_pairwise_spread|interval_tight_mccormick_G_bit|low_gini_centering_band|objective_lower_estimator_cutoff|penalty_deviation_upper_bound|penalty_final_inventory_domain|penalty_lower_bound_closure|required_station_movement|sp_product_mccormick|sp_product_objective_estimator_paper_safe|variable_s_low_gini_centering,ed58eb1911f11f35,passed,
stage3__moderate_seed3302__s0__1800s__dense_on,4991,3370,deferred_first_relaxation_attach,full-inherited-pack,1421,42,0,0,0,0,0,1421,41,0.0145132,direct_gini_cap|direct_gini_floor|gini_interval_bound|gini_pairwise_spread|interval_tight_mccormick_G_bit|low_gini_centering_band|objective_lower_estimator_cutoff|penalty_deviation_upper_bound|penalty_final_inventory_domain|penalty_lower_bound_closure|required_station_movement|sp_product_mccormick|sp_product_objective_estimator_paper_safe|variable_s_low_gini_centering,a34922bb12116860,passed,
stage3__moderate_seed3302__s0__1800s__dense_on,3372,3369,deferred_first_relaxation_attach,full-inherited-pack,1421,42,0,0,0,0,0,1421,41,0.014664399999999999,direct_gini_cap|direct_gini_floor|gini_interval_bound|gini_pairwise_spread|interval_tight_mccormick_G_bit|low_gini_centering_band|objective_lower_estimator_cutoff|penalty_deviation_upper_bound|penalty_final_inventory_domain|penalty_lower_bound_closure|required_station_movement|sp_product_mccormick|sp_product_objective_estimator_paper_safe|variable_s_low_gini_centering,89b3333a535360a7,passed,
stage3__moderate_seed3302__s0__1800s__dense_on,840,837,deferred_first_relaxation_attach,full-inherited-pack,1421,42,0,0,0,0,0,1421,41,0.014838799999999999,direct_gini_cap|direct_gini_floor|gini_interval_bound|gini_pairwise_spread|interval_tight_mccormick_G_bit|low_gini_centering_band|objective_lower_estimator_cutoff|penalty_deviation_upper_bound|penalty_final_inventory_domain|penalty_lower_bound_closure|required_station_movement|sp_product_mccormick|sp_product_objective_estimator_paper_safe|variable_s_low_gini_centering,c68c8c861fc698a0,passed,
stage3__moderate_seed3302__s0__1800s__dense_on,5489,840,branch_bounds_only,full-inherited-pack,1421,42,0,0,0,0,0,0,41,0.0148291,direct_gini_cap|direct_gini_floor|gini_interval_bound|gini_pairwise_spread|interval_tight_mccormick_G_bit|low_gini_centering_band|objective_lower_estimator_cutoff|penalty_deviation_upper_bound|penalty_final_inventory_domain|penalty_lower_bound_closure|required_station_movement|sp_product_mccormick|sp_product_objective_estimator_paper_safe|variable_s_low_gini_centering,3c214cc85ee364a1,passed,
stage3__moderate_seed3302__s0__1800s__dense_on,5490,840,branch_bounds_only,full-inherited-pack,1421,42,0,0,0,0,0,0,41,0.014620899999999999,direct_gini_cap|direct_gini_floor|gini_interval_bound|gini_pairwise_spread|interval_tight_mccormick_G_bit|low_gini_centering_band|objective_lower_estimator_cutoff|penalty_deviation_upper_bound|penalty_final_inventory_domain|penalty_lower_bound_closure|required_station_movement|sp_product_mccormick|sp_product_objective_estimator_paper_safe|variable_s_low_gini_centering,04bfe3a1f34e8ed9,passed,
stage3__moderate_seed3302__s0__1800s__dense_on,5489,840,deferred_first_relaxation_attach,full-inherited-pack,1421,42,0,0,0,0,0,1421,41,0.014588,direct_gini_cap|direct_gini_floor|gini_interval_bound|gini_pairwise_spread|interval_tight_mccormick_G_bit|low_gini_centering_band|objective_lower_estimator_cutoff|penalty_deviation_upper_bound|penalty_final_inventory_domain|penalty_lower_bound_closure|required_station_movement|sp_product_mccormick|sp_product_objective_estimator_paper_safe|variable_s_low_gini_centering,3c214cc85ee364a1,passed,
stage3__moderate_seed3302__s0__1800s__dense_on,5490,840,deferred_first_relaxation_attach,full-inherited-pack,1421,42,0,0,0,0,0,1421,41,0.014925600000000001,direct_gini_cap|direct_gini_floor|gini_interval_bound|gini_pairwise_spread|interval_tight_mccormick_G_bit|low_gini_centering_band|objective_lower_estimator_cutoff|penalty_deviation_upper_bound|penalty_final_inventory_domain|penalty_lower_bound_closure|required_station_movement|sp_product_mccormick|sp_product_objective_estimator_paper_safe|variable_s_low_gini_centering,04bfe3a1f34e8ed9,passed,
stage3__moderate_seed3302__s0__1800s__dense_on,4992,3370,deferred_first_relaxation_attach,full-inherited-pack,1421,42,0,0,0,0,0,1421,41,0.016344399999999999,direct_gini_cap|direct_gini_floor|gini_interval_bound|gini_pairwise_spread|interval_tight_mccormick_G_bit|low_gini_centering_band|objective_lower_estimator_cutoff|penalty_deviation_upper_bound|penalty_final_inventory_domain|penalty_lower_bound_closure|required_station_movement|sp_product_mccormick|sp_product_objective_estimator_paper_safe|variable_s_low_gini_centering,ed58eb1911f11f35,passed,
stage3__moderate_seed3302__s0__1800s__dense_on,3322,3319,deferred_first_relaxation_attach,full-inherited-pack,1421,42,0,0,0,0,0,1421,41,0.015296000000000001,direct_gini_cap|direct_gini_floor|gini_interval_bound|gini_pairwise_spread|interval_tight_mccormick_G_bit|low_gini_centering_band|objective_lower_estimator_cutoff|penalty_deviation_upper_bound|penalty_final_inventory_domain|penalty_lower_bound_closure|required_station_movement|sp_product_mccormick|sp_product_objective_estimator_paper_safe|variable_s_low_gini_centering,7ec338df0c4c7728,passed,
stage3__moderate_seed3302__s0__1800s__dense_on,504,499,deferred_first_relaxation_attach,full-inherited-pack,1421,42,0,0,0,0,0,1421,41,0.0147222,direct_gini_cap|direct_gini_floor|gini_interval_bound|gini_pairwise_spread|interval_tight_mccormick_G_bit|low_gini_centering_band|objective_lower_estimator_cutoff|penalty_deviation_upper_bound|penalty_final_inventory_domain|penalty_lower_bound_closure|required_station_movement|sp_product_mccormick|sp_product_objective_estimator_paper_safe|variable_s_low_gini_centering,c8bd18806c600491,passed,
stage3__moderate_seed3302__s0__1800s__dense_on,503,499,deferred_first_relaxation_attach,full-inherited-pack,1421,42,0,0,0,0,0,1421,41,0.015447600000000001,direct_gini_cap|direct_gini_floor|gini_interval_bound|gini_pairwise_spread|interval_tight_mccormick_G_bit|low_gini_centering_band|objective_lower_estimator_cutoff|penalty_deviation_upper_bound|penalty_final_inventory_domain|penalty_lower_bound_closure|required_station_movement|sp_product_mccormick|sp_product_objective_estimator_paper_safe|variable_s_low_gini_centering,75e3044b0d328864,passed,
stage3__moderate_seed3302__s0__1800s__dense_on,818,814,deferred_first_relaxation_attach,full-inherited-pack,1421,42,0,0,0,0,0,1421,41,0.015273399999999999,direct_gini_cap|direct_gini_floor|gini_interval_bound|gini_pairwise_spread|interval_tight_mccormick_G_bit|low_gini_centering_band|objective_lower_estimator_cutoff|penalty_deviation_upper_bound|penalty_final_inventory_domain|penalty_lower_bound_closure|required_station_movement|sp_product_mccormick|sp_product_objective_estimator_paper_safe|variable_s_low_gini_centering,b3e27fff6a3340c6,passed,
stage3__moderate_seed3302__s0__1800s__dense_on,6233,818,branch_bounds_only,full-inherited-pack,1421,42,0,0,0,0,0,0,41,0.0149439,direct_gini_cap|direct_gini_floor|gini_interval_bound|gini_pairwise_spread|interval_tight_mccormick_G_bit|low_gini_centering_band|objective_lower_estimator_cutoff|penalty_deviation_upper_bound|penalty_final_inventory_domain|penalty_lower_bound_closure|required_station_movement|sp_product_mccormick|sp_product_objective_estimator_paper_safe|variable_s_low_gini_centering,09e7020044e2cf2c,passed,
stage3__moderate_seed3302__s0__1800s__dense_on,6234,818,branch_bounds_only,full-inherited-pack,1421,42,0,0,0,0,0,0,41,0.0144078,direct_gini_cap|direct_gini_floor|gini_interval_bound|gini_pairwise_spread|interval_tight_mccormick_G_bit|low_gini_centering_band|objective_lower_estimator_cutoff|penalty_deviation_upper_bound|penalty_final_inventory_domain|penalty_lower_bound_closure|required_station_movement|sp_product_mccormick|sp_product_objective_estimator_paper_safe|variable_s_low_gini_centering,b480f2dd9844d7d1,passed,
stage3__moderate_seed3302__s0__1800s__dense_on,6233,818,deferred_first_relaxation_attach,full-inherited-pack,1421,42,0,0,0,0,0,1421,41,0.0146724,direct_gini_cap|direct_gini_floor|gini_interval_bound|gini_pairwise_spread|interval_tight_mccormick_G_bit|low_gini_centering_band|objective_lower_estimator_cutoff|penalty_deviation_upper_bound|penalty_final_inventory_domain|penalty_lower_bound_closure|required_station_movement|sp_product_mccormick|sp_product_objective_estimator_paper_safe|variable_s_low_gini_centering,09e7020044e2cf2c,passed,
stage3__moderate_seed3302__s0__1800s__dense_on,842,839,deferred_first_relaxation_attach,full-inherited-pack,1421,42,0,0,0,0,0,1421,41,0.0162536,direct_gini_cap|direct_gini_floor|gini_interval_bound|gini_pairwise_spread|interval_tight_mccormick_G_bit|low_gini_centering_band|objective_lower_estimator_cutoff|penalty_deviation_upper_bound|penalty_final_inventory_domain|penalty_lower_bound_closure|required_station_movement|sp_product_mccormick|sp_product_objective_estimator_paper_safe|variable_s_low_gini_centering,e752cbe33ca7bae5,passed,
stage3__moderate_seed3302__s0__1800s__dense_on,501,498,deferred_first_relaxation_attach,full-inherited-pack,1421,42,0,0,0,0,0,1421,41,0.014674400000000001,direct_gini_cap|direct_gini_floor|gini_interval_bound|gini_pairwise_spread|interval_tight_mccormick_G_bit|low_gini_centering_band|objective_lower_estimator_cutoff|penalty_deviation_upper_bound|penalty_final_inventory_domain|penalty_lower_bound_closure|required_station_movement|sp_product_mccormick|sp_product_objective_estimator_paper_safe|variable_s_low_gini_centering,f53647208f6596da,passed,
stage3__moderate_seed3302__s0__1800s__dense_on,6687,501,branch_bounds_only,full-inherited-pack,1421,42,0,0,0,0,0,0,41,0.0144244,direct_gini_cap|direct_gini_floor|gini_interval_bound|gini_pairwise_spread|interval_tight_mccormick_G_bit|low_gini_centering_band|objective_lower_estimator_cutoff|penalty_deviation_upper_bound|penalty_final_inventory_domain|penalty_lower_bound_closure|required_station_movement|sp_product_mccormick|sp_product_objective_estimator_paper_safe|variable_s_low_gini_centering,122671485e158911,passed,
stage3__moderate_seed3302__s0__1800s__dense_on,6688,501,branch_bounds_only,full-inherited-pack,1421,42,0,0,0,0,0,0,41,0.0145118,direct_gini_cap|direct_gini_floor|gini_interval_bound|gini_pairwise_spread|interval_tight_mccormick_G_bit|low_gini_centering_band|objective_lower_estimator_cutoff|penalty_deviation_upper_bound|penalty_final_inventory_domain|penalty_lower_bound_closure|required_station_movement|sp_product_mccormick|sp_product_objective_estimator_paper_safe|variable_s_low_gini_centering,ce33e3426ceb92a4,passed,
stage3__moderate_seed3302__s0__1800s__dense_on,6687,501,deferred_first_relaxation_attach,full-inherited-pack,1421,42,0,0,0,0,0,1421,41,0.0146763,direct_gini_cap|direct_gini_floor|gini_interval_bound|gini_pairwise_spread|interval_tight_mccormick_G_bit|low_gini_centering_band|objective_lower_estimator_cutoff|penalty_deviation_upper_bound|penalty_final_inventory_domain|penalty_lower_bound_closure|required_station_movement|sp_product_mccormick|sp_product_objective_estimator_paper_safe|variable_s_low_gini_centering,122671485e158911,passed,
stage3__moderate_seed3302__s0__1800s__dense_on,6688,501,deferred_first_relaxation_attach,full-inherited-pack,1421,42,0,0,0,0,0,1421,41,0.014741300000000001,direct_gini_cap|direct_gini_floor|gini_interval_bound|gini_pairwise_spread|interval_tight_mccormick_G_bit|low_gini_centering_band|objective_lower_estimator_cutoff|penalty_deviation_upper_bound|penalty_final_inventory_domain|penalty_lower_bound_closure|required_station_movement|sp_product_mccormick|sp_product_objective_estimator_paper_safe|variable_s_low_gini_centering,ce33e3426ceb92a4,passed,
stage3__moderate_seed3302__s0__1800s__dense_on,502,498,deferred_first_relaxation_attach,full-inherited-pack,1421,42,0,0,0,0,0,1421,41,0.014540300000000001,direct_gini_cap|direct_gini_floor|gini_interval_bound|gini_pairwise_spread|interval_tight_mccormick_G_bit|low_gini_centering_band|objective_lower_estimator_cutoff|penalty_deviation_upper_bound|penalty_final_inventory_domain|penalty_lower_bound_closure|required_station_movement|sp_product_mccormick|sp_product_objective_estimator_paper_safe|variable_s_low_gini_centering,1d5b0d14238ad4ea,passed,
stage3__moderate_seed3302__s0__1800s__dense_on,6729,502,branch_bounds_only,full-inherited-pack,1421,42,0,0,0,0,0,0,41,0.014422000000000001,direct_gini_cap|direct_gini_floor|gini_interval_bound|gini_pairwise_spread|interval_tight_mccormick_G_bit|low_gini_centering_band|objective_lower_estimator_cutoff|penalty_deviation_upper_bound|penalty_final_inventory_domain|penalty_lower_bound_closure|required_station_movement|sp_product_mccormick|sp_product_objective_estimator_paper_safe|variable_s_low_gini_centering,729ce58fc9a8eba2,passed,
stage3__moderate_seed3302__s0__1800s__dense_on,6730,502,branch_bounds_only,full-inherited-pack,1421,42,0,0,0,0,0,0,41,0.014543199999999999,direct_gini_cap|direct_gini_floor|gini_interval_bound|gini_pairwise_spread|interval_tight_mccormick_G_bit|low_gini_centering_band|objective_lower_estimator_cutoff|penalty_deviation_upper_bound|penalty_final_inventory_domain|penalty_lower_bound_closure|required_station_movement|sp_product_mccormick|sp_product_objective_estimator_paper_safe|variable_s_low_gini_centering,fc9c22475c963236,passed,
stage3__moderate_seed3302__s0__1800s__dense_on,6729,502,deferred_first_relaxation_attach,full-inherited-pack,1421,42,0,0,0,0,0,1421,41,0.014603,direct_gini_cap|direct_gini_floor|gini_interval_bound|gini_pairwise_spread|interval_tight_mccormick_G_bit|low_gini_centering_band|objective_lower_estimator_cutoff|penalty_deviation_upper_bound|penalty_final_inventory_domain|penalty_lower_bound_closure|required_station_movement|sp_product_mccormick|sp_product_objective_estimator_paper_safe|variable_s_low_gini_centering,729ce58fc9a8eba2,passed,
stage3__moderate_seed3302__s0__1800s__dense_on,815,813,deferred_first_relaxation_attach,full-inherited-pack,1421,42,0,0,0,0,0,1421,41,0.015673800000000002,direct_gini_cap|direct_gini_floor|gini_interval_bound|gini_pairwise_spread|interval_tight_mccormick_G_bit|low_gini_centering_band|objective_lower_estimator_cutoff|penalty_deviation_upper_bound|penalty_final_inventory_domain|penalty_lower_bound_closure|required_station_movement|sp_product_mccormick|sp_product_objective_estimator_paper_safe|variable_s_low_gini_centering,de5f8d6ab50a11e7,passed,
stage3__moderate_seed3302__s0__1800s__dense_on,7353,815,branch_bounds_only,full-inherited-pack,1421,42,0,0,0,0,0,0,41,0.0143967,direct_gini_cap|direct_gini_floor|gini_interval_bound|gini_pairwise_spread|interval_tight_mccormick_G_bit|low_gini_centering_band|objective_lower_estimator_cutoff|penalty_deviation_upper_bound|penalty_final_inventory_domain|penalty_lower_bound_closure|required_station_movement|sp_product_mccormick|sp_product_objective_estimator_paper_safe|variable_s_low_gini_centering,331800f50a17d541,passed,
stage3__moderate_seed3302__s0__1800s__dense_on,7354,815,branch_bounds_only,full-inherited-pack,1421,42,0,0,0,0,0,0,41,0.0143284,direct_gini_cap|direct_gini_floor|gini_interval_bound|gini_pairwise_spread|interval_tight_mccormick_G_bit|low_gini_centering_band|objective_lower_estimator_cutoff|penalty_deviation_upper_bound|penalty_final_inventory_domain|penalty_lower_bound_closure|required_station_movement|sp_product_mccormick|sp_product_objective_estimator_paper_safe|variable_s_low_gini_centering,4a1c794b2e89735a,passed,
stage3__moderate_seed3302__s0__1800s__dense_on,7353,815,deferred_first_relaxation_attach,full-inherited-pack,1421,42,0,0,0,0,0,1421,41,0.015266500000000001,direct_gini_cap|direct_gini_floor|gini_interval_bound|gini_pairwise_spread|interval_tight_mccormick_G_bit|low_gini_centering_band|objective_lower_estimator_cutoff|penalty_deviation_upper_bound|penalty_final_inventory_domain|penalty_lower_bound_closure|required_station_movement|sp_product_mccormick|sp_product_objective_estimator_paper_safe|variable_s_low_gini_centering,331800f50a17d541,passed,
stage3__moderate_seed3302__s0__1800s__dense_on,7354,815,deferred_first_relaxation_attach,full-inherited-pack,1421,42,0,0,0,0,0,1421,41,0.0147142,direct_gini_cap|direct_gini_floor|gini_interval_bound|gini_pairwise_spread|interval_tight_mccormick_G_bit|low_gini_centering_band|objective_lower_estimator_cutoff|penalty_deviation_upper_bound|penalty_final_inventory_domain|penalty_lower_bound_closure|required_station_movement|sp_product_mccormick|sp_product_objective_estimator_paper_safe|variable_s_low_gini_centering,4a1c794b2e89735a,passed,
stage3__moderate_seed3302__s0__1800s__dense_on,816,813,deferred_first_relaxation_attach,full-inherited-pack,1421,42,0,0,0,0,0,1421,41,0.014633200000000001,direct_gini_cap|direct_gini_floor|gini_interval_bound|gini_pairwise_spread|interval_tight_mccormick_G_bit|low_gini_centering_band|objective_lower_estimator_cutoff|penalty_deviation_upper_bound|penalty_final_inventory_domain|penalty_lower_bound_closure|required_station_movement|sp_product_mccormick|sp_product_objective_estimator_paper_safe|variable_s_low_gini_centering,683763fed687016d,passed,
stage3__moderate_seed3302__s0__1800s__dense_on,7365,816,branch_bounds_only,full-inherited-pack,1421,42,0,0,0,0,0,0,41,0.0145799,direct_gini_cap|direct_gini_floor|gini_interval_bound|gini_pairwise_spread|interval_tight_mccormick_G_bit|low_gini_centering_band|objective_lower_estimator_cutoff|penalty_deviation_upper_bound|penalty_final_inventory_domain|penalty_lower_bound_closure|required_station_movement|sp_product_mccormick|sp_product_objective_estimator_paper_safe|variable_s_low_gini_centering,781cd17c3a617fd4,passed,
stage3__moderate_seed3302__s0__1800s__dense_on,7366,816,branch_bounds_only,full-inherited-pack,1421,42,0,0,0,0,0,0,41,0.0149652,direct_gini_cap|direct_gini_floor|gini_interval_bound|gini_pairwise_spread|interval_tight_mccormick_G_bit|low_gini_centering_band|objective_lower_estimator_cutoff|penalty_deviation_upper_bound|penalty_final_inventory_domain|penalty_lower_bound_closure|required_station_movement|sp_product_mccormick|sp_product_objective_estimator_paper_safe|variable_s_low_gini_centering,e214f1da96fbfa14,passed,
stage3__moderate_seed3302__s0__1800s__dense_on,7365,816,deferred_first_relaxation_attach,full-inherited-pack,1421,42,0,0,0,0,0,1421,41,0.014390999999999999,direct_gini_cap|direct_gini_floor|gini_interval_bound|gini_pairwise_spread|interval_tight_mccormick_G_bit|low_gini_centering_band|objective_lower_estimator_cutoff|penalty_deviation_upper_bound|penalty_final_inventory_domain|penalty_lower_bound_closure|required_station_movement|sp_product_mccormick|sp_product_objective_estimator_paper_safe|variable_s_low_gini_centering,781cd17c3a617fd4,passed,
stage3__moderate_seed3302__s0__1800s__dense_on,4196,494,deferred_first_relaxation_attach,full-inherited-pack,1421,42,0,0,0,0,0,1421,41,0.014919699999999999,direct_gini_cap|direct_gini_floor|gini_interval_bound|gini_pairwise_spread|interval_tight_mccormick_G_bit|low_gini_centering_band|objective_lower_estimator_cutoff|penalty_deviation_upper_bound|penalty_final_inventory_domain|penalty_lower_bound_closure|required_station_movement|sp_product_mccormick|sp_product_objective_estimator_paper_safe|variable_s_low_gini_centering,e2277344e72803bf,passed,
stage3__moderate_seed3302__s0__1800s__dense_on,7753,4196,branch_bounds_only,full-inherited-pack,1421,42,0,0,0,0,0,0,41,0.0142922,direct_gini_cap|direct_gini_floor|gini_interval_bound|gini_pairwise_spread|interval_tight_mccormick_G_bit|low_gini_centering_band|objective_lower_estimator_cutoff|penalty_deviation_upper_bound|penalty_final_inventory_domain|penalty_lower_bound_closure|required_station_movement|sp_product_mccormick|sp_product_objective_estimator_paper_safe|variable_s_low_gini_centering,8f3bd6b66e89b264,passed,
stage3__moderate_seed3302__s0__1800s__dense_on,7754,4196,branch_bounds_only,full-inherited-pack,1421,42,0,0,0,0,0,0,41,0.014351600000000001,direct_gini_cap|direct_gini_floor|gini_interval_bound|gini_pairwise_spread|interval_tight_mccormick_G_bit|low_gini_centering_band|objective_lower_estimator_cutoff|penalty_deviation_upper_bound|penalty_final_inventory_domain|penalty_lower_bound_closure|required_station_movement|sp_product_mccormick|sp_product_objective_estimator_paper_safe|variable_s_low_gini_centering,0354caee6ec9333f,passed,
stage3__moderate_seed3302__s0__1800s__dense_on,7753,4196,deferred_first_relaxation_attach,full-inherited-pack,1421,42,0,0,0,0,0,1421,41,0.0146359,direct_gini_cap|direct_gini_floor|gini_interval_bound|gini_pairwise_spread|interval_tight_mccormick_G_bit|low_gini_centering_band|objective_lower_estimator_cutoff|penalty_deviation_upper_bound|penalty_final_inventory_domain|penalty_lower_bound_closure|required_station_movement|sp_product_mccormick|sp_product_objective_estimator_paper_safe|variable_s_low_gini_centering,8f3bd6b66e89b264,passed,
stage3__moderate_seed3302__s0__1800s__dense_on,7755,7753,branch_bounds_only,full-inherited-pack,1421,42,0,0,0,0,0,0,41,0.014709699999999999,direct_gini_cap|direct_gini_floor|gini_interval_bound|gini_pairwise_spread|interval_tight_mccormick_G_bit|low_gini_centering_band|objective_lower_estimator_cutoff|penalty_deviation_upper_bound|penalty_final_inventory_domain|penalty_lower_bound_closure|required_station_movement|sp_product_mccormick|sp_product_objective_estimator_paper_safe|variable_s_low_gini_centering,e01cae5fa0511406,passed,
stage3__moderate_seed3302__s0__1800s__dense_on,7756,7753,branch_bounds_only,full-inherited-pack,1421,42,0,0,0,0,0,0,41,0.0141733,direct_gini_cap|direct_gini_floor|gini_interval_bound|gini_pairwise_spread|interval_tight_mccormick_G_bit|low_gini_centering_band|objective_lower_estimator_cutoff|penalty_deviation_upper_bound|penalty_final_inventory_domain|penalty_lower_bound_closure|required_station_movement|sp_product_mccormick|sp_product_objective_estimator_paper_safe|variable_s_low_gini_centering,9a53f100afb8a440,passed,
stage3__moderate_seed3302__s0__1800s__dense_on,7755,7753,deferred_first_relaxation_attach,full-inherited-pack,1421,42,0,0,0,0,0,1421,41,0.0147974,direct_gini_cap|direct_gini_floor|gini_interval_bound|gini_pairwise_spread|interval_tight_mccormick_G_bit|low_gini_centering_band|objective_lower_estimator_cutoff|penalty_deviation_upper_bound|penalty_final_inventory_domain|penalty_lower_bound_closure|required_station_movement|sp_product_mccormick|sp_product_objective_estimator_paper_safe|variable_s_low_gini_centering,e01cae5fa0511406,passed,
stage3__moderate_seed3302__s0__1800s__dense_on,7756,7753,deferred_first_relaxation_attach,full-inherited-pack,1421,42,0,0,0,0,0,1421,41,0.0147075,direct_gini_cap|direct_gini_floor|gini_interval_bound|gini_pairwise_spread|interval_tight_mccormick_G_bit|low_gini_centering_band|objective_lower_estimator_cutoff|penalty_deviation_upper_bound|penalty_final_inventory_domain|penalty_lower_bound_closure|required_station_movement|sp_product_mccormick|sp_product_objective_estimator_paper_safe|variable_s_low_gini_centering,9a53f100afb8a440,passed,
stage3__moderate_seed3302__s0__1800s__dense_on,6730,502,deferred_first_relaxation_attach,full-inherited-pack,1421,42,0,0,0,0,0,1421,41,0.016943300000000001,direct_gini_cap|direct_gini_floor|gini_interval_bound|gini_pairwise_spread|interval_tight_mccormick_G_bit|low_gini_centering_band|objective_lower_estimator_cutoff|penalty_deviation_upper_bound|penalty_final_inventory_domain|penalty_lower_bound_closure|required_station_movement|sp_product_mccormick|sp_product_objective_estimator_paper_safe|variable_s_low_gini_centering,fc9c22475c963236,passed,
stage3__moderate_seed3302__s0__1800s__dense_on,4198,4195,deferred_first_relaxation_attach,full-inherited-pack,1421,42,0,0,0,0,0,1421,41,0.0145576,direct_gini_cap|direct_gini_floor|gini_interval_bound|gini_pairwise_spread|interval_tight_mccormick_G_bit|low_gini_centering_band|objective_lower_estimator_cutoff|penalty_deviation_upper_bound|penalty_final_inventory_domain|penalty_lower_bound_closure|required_station_movement|sp_product_mccormick|sp_product_objective_estimator_paper_safe|variable_s_low_gini_centering,a893c091444516a9,passed,
stage3__moderate_seed3302__s0__1800s__dense_on,8621,4198,branch_bounds_only,full-inherited-pack,1421,42,0,0,0,0,0,0,41,0.0145834,direct_gini_cap|direct_gini_floor|gini_interval_bound|gini_pairwise_spread|interval_tight_mccormick_G_bit|low_gini_centering_band|objective_lower_estimator_cutoff|penalty_deviation_upper_bound|penalty_final_inventory_domain|penalty_lower_bound_closure|required_station_movement|sp_product_mccormick|sp_product_objective_estimator_paper_safe|variable_s_low_gini_centering,1d0d2b7d1b90a118,passed,
stage3__moderate_seed3302__s0__1800s__dense_on,8622,4198,branch_bounds_only,full-inherited-pack,1421,42,0,0,0,0,0,0,41,0.016198400000000002,direct_gini_cap|direct_gini_floor|gini_interval_bound|gini_pairwise_spread|interval_tight_mccormick_G_bit|low_gini_centering_band|objective_lower_estimator_cutoff|penalty_deviation_upper_bound|penalty_final_inventory_domain|penalty_lower_bound_closure|required_station_movement|sp_product_mccormick|sp_product_objective_estimator_paper_safe|variable_s_low_gini_centering,a0e6508781868087,passed,
stage3__moderate_seed3302__s0__1800s__dense_on,8621,4198,deferred_first_relaxation_attach,full-inherited-pack,1421,42,0,0,0,0,0,1421,41,0.014644900000000001,direct_gini_cap|direct_gini_floor|gini_interval_bound|gini_pairwise_spread|interval_tight_mccormick_G_bit|low_gini_centering_band|objective_lower_estimator_cutoff|penalty_deviation_upper_bound|penalty_final_inventory_domain|penalty_lower_bound_closure|required_station_movement|sp_product_mccormick|sp_product_objective_estimator_paper_safe|variable_s_low_gini_centering,1d0d2b7d1b90a118,passed,
stage3__moderate_seed3302__s0__1800s__dense_on,6234,818,deferred_first_relaxation_attach,full-inherited-pack,1421,42,0,0,0,0,0,1421,41,0.015265300000000001,direct_gini_cap|direct_gini_floor|gini_interval_bound|gini_pairwise_spread|interval_tight_mccormick_G_bit|low_gini_centering_band|objective_lower_estimator_cutoff|penalty_deviation_upper_bound|penalty_final_inventory_domain|penalty_lower_bound_closure|required_station_movement|sp_product_mccormick|sp_product_objective_estimator_paper_safe|variable_s_low_gini_centering,b480f2dd9844d7d1,passed,
stage3__moderate_seed3302__s0__1800s__dense_on,496,492,deferred_first_relaxation_attach,full-inherited-pack,1421,42,0,0,0,0,0,1421,41,0.0152509,direct_gini_cap|direct_gini_floor|gini_interval_bound|gini_pairwise_spread|interval_tight_mccormick_G_bit|low_gini_centering_band|objective_lower_estimator_cutoff|penalty_deviation_upper_bound|penalty_final_inventory_domain|penalty_lower_bound_closure|required_station_movement|sp_product_mccormick|sp_product_objective_estimator_paper_safe|variable_s_low_gini_centering,dd7ebf7f468afd9d,passed,
stage3__moderate_seed3302__s0__1800s__dense_on,9787,496,branch_bounds_only,full-inherited-pack,1421,42,0,0,0,0,0,0,41,0.014486799999999999,direct_gini_cap|direct_gini_floor|gini_interval_bound|gini_pairwise_spread|interval_tight_mccormick_G_bit|low_gini_centering_band|objective_lower_estimator_cutoff|penalty_deviation_upper_bound|penalty_final_inventory_domain|penalty_lower_bound_closure|required_station_movement|sp_product_mccormick|sp_product_objective_estimator_paper_safe|variable_s_low_gini_centering,7716864d38c3d640,passed,
stage3__moderate_seed3302__s0__1800s__dense_on,9788,496,branch_bounds_only,full-inherited-pack,1421,42,0,0,0,0,0,0,41,0.0144066,direct_gini_cap|direct_gini_floor|gini_interval_bound|gini_pairwise_spread|interval_tight_mccormick_G_bit|low_gini_centering_band|objective_lower_estimator_cutoff|penalty_deviation_upper_bound|penalty_final_inventory_domain|penalty_lower_bound_closure|required_station_movement|sp_product_mccormick|sp_product_objective_estimator_paper_safe|variable_s_low_gini_centering,46d565a986016c92,passed,
stage3__moderate_seed3302__s0__1800s__dense_on,9787,496,deferred_first_relaxation_attach,full-inherited-pack,1421,42,0,0,0,0,0,1421,41,0.0152056,direct_gini_cap|direct_gini_floor|gini_interval_bound|gini_pairwise_spread|interval_tight_mccormick_G_bit|low_gini_centering_band|objective_lower_estimator_cutoff|penalty_deviation_upper_bound|penalty_final_inventory_domain|penalty_lower_bound_closure|required_station_movement|sp_product_mccormick|sp_product_objective_estimator_paper_safe|variable_s_low_gini_centering,7716864d38c3d640,passed,
stage3__moderate_seed3302__s0__1800s__dense_on,9789,9787,branch_bounds_only,full-inherited-pack,1421,42,0,0,0,0,0,0,41,0.014771899999999999,direct_gini_cap|direct_gini_floor|gini_interval_bound|gini_pairwise_spread|interval_tight_mccormick_G_bit|low_gini_centering_band|objective_lower_estimator_cutoff|penalty_deviation_upper_bound|penalty_final_inventory_domain|penalty_lower_bound_closure|required_station_movement|sp_product_mccormick|sp_product_objective_estimator_paper_safe|variable_s_low_gini_centering,67257bffd2e8a413,passed,
stage3__moderate_seed3302__s0__1800s__dense_on,9790,9787,branch_bounds_only,full-inherited-pack,1421,42,0,0,0,0,0,0,41,0.014633999999999999,direct_gini_cap|direct_gini_floor|gini_interval_bound|gini_pairwise_spread|interval_tight_mccormick_G_bit|low_gini_centering_band|objective_lower_estimator_cutoff|penalty_deviation_upper_bound|penalty_final_inventory_domain|penalty_lower_bound_closure|required_station_movement|sp_product_mccormick|sp_product_objective_estimator_paper_safe|variable_s_low_gini_centering,2f44ab127b7f404b,passed,
stage3__moderate_seed3302__s0__1800s__dense_on,9788,496,deferred_first_relaxation_attach,full-inherited-pack,1421,42,0,0,0,0,0,1421,41,0.0155963,direct_gini_cap|direct_gini_floor|gini_interval_bound|gini_pairwise_spread|interval_tight_mccormick_G_bit|low_gini_centering_band|objective_lower_estimator_cutoff|penalty_deviation_upper_bound|penalty_final_inventory_domain|penalty_lower_bound_closure|required_station_movement|sp_product_mccormick|sp_product_objective_estimator_paper_safe|variable_s_low_gini_centering,46d565a986016c92,passed,
stage3__moderate_seed3302__s0__1800s__dense_on,9791,9788,branch_bounds_only,full-inherited-pack,1421,42,0,0,0,0,0,0,41,0.014704800000000001,direct_gini_cap|direct_gini_floor|gini_interval_bound|gini_pairwise_spread|interval_tight_mccormick_G_bit|low_gini_centering_band|objective_lower_estimator_cutoff|penalty_deviation_upper_bound|penalty_final_inventory_domain|penalty_lower_bound_closure|required_station_movement|sp_product_mccormick|sp_product_objective_estimator_paper_safe|variable_s_low_gini_centering,76cda37f1b122e5d,passed,
stage3__moderate_seed3302__s0__1800s__dense_on,9792,9788,branch_bounds_only,full-inherited-pack,1421,42,0,0,0,0,0,0,41,0.0144014,direct_gini_cap|direct_gini_floor|gini_interval_bound|gini_pairwise_spread|interval_tight_mccormick_G_bit|low_gini_centering_band|objective_lower_estimator_cutoff|penalty_deviation_upper_bound|penalty_final_inventory_domain|penalty_lower_bound_closure|required_station_movement|sp_product_mccormick|sp_product_objective_estimator_paper_safe|variable_s_low_gini_centering,d2eccb31a67daa38,passed,
stage3__moderate_seed3302__s0__1800s__dense_on,9789,9787,deferred_first_relaxation_attach,full-inherited-pack,1421,42,0,0,0,0,0,1421,41,0.014652399999999999,direct_gini_cap|direct_gini_floor|gini_interval_bound|gini_pairwise_spread|interval_tight_mccormick_G_bit|low_gini_centering_band|objective_lower_estimator_cutoff|penalty_deviation_upper_bound|penalty_final_inventory_domain|penalty_lower_bound_closure|required_station_movement|sp_product_mccormick|sp_product_objective_estimator_paper_safe|variable_s_low_gini_centering,67257bffd2e8a413,passed,
stage3__moderate_seed3302__s0__1800s__dense_on,9793,9789,branch_bounds_only,full-inherited-pack,1421,42,0,0,0,0,0,0,41,0.014730500000000001,direct_gini_cap|direct_gini_floor|gini_interval_bound|gini_pairwise_spread|interval_tight_mccormick_G_bit|low_gini_centering_band|objective_lower_estimator_cutoff|penalty_deviation_upper_bound|penalty_final_inventory_domain|penalty_lower_bound_closure|required_station_movement|sp_product_mccormick|sp_product_objective_estimator_paper_safe|variable_s_low_gini_centering,76058cd55b93e0fe,passed,
stage3__moderate_seed3302__s0__1800s__dense_on,9794,9789,branch_bounds_only,full-inherited-pack,1421,42,0,0,0,0,0,0,41,0.0147101,direct_gini_cap|direct_gini_floor|gini_interval_bound|gini_pairwise_spread|interval_tight_mccormick_G_bit|low_gini_centering_band|objective_lower_estimator_cutoff|penalty_deviation_upper_bound|penalty_final_inventory_domain|penalty_lower_bound_closure|required_station_movement|sp_product_mccormick|sp_product_objective_estimator_paper_safe|variable_s_low_gini_centering,ea0044b327aa8dbd,passed,
stage3__moderate_seed3302__s0__1800s__dense_on,9793,9789,deferred_first_relaxation_attach,full-inherited-pack,1421,42,0,0,0,0,0,1421,41,0.014617399999999999,direct_gini_cap|direct_gini_floor|gini_interval_bound|gini_pairwise_spread|interval_tight_mccormick_G_bit|low_gini_centering_band|objective_lower_estimator_cutoff|penalty_deviation_upper_bound|penalty_final_inventory_domain|penalty_lower_bound_closure|required_station_movement|sp_product_mccormick|sp_product_objective_estimator_paper_safe|variable_s_low_gini_centering,76058cd55b93e0fe,passed,
stage3__moderate_seed3302__s0__1800s__dense_on,9794,9789,deferred_first_relaxation_attach,full-inherited-pack,1421,42,0,0,0,0,0,1421,41,0.0150627,direct_gini_cap|direct_gini_floor|gini_interval_bound|gini_pairwise_spread|interval_tight_mccormick_G_bit|low_gini_centering_band|objective_lower_estimator_cutoff|penalty_deviation_upper_bound|penalty_final_inventory_domain|penalty_lower_bound_closure|required_station_movement|sp_product_mccormick|sp_product_objective_estimator_paper_safe|variable_s_low_gini_centering,ea0044b327aa8dbd,passed,
stage3__moderate_seed3302__s0__1800s__dense_on,495,492,deferred_first_relaxation_attach,full-inherited-pack,1421,42,0,0,0,0,0,1421,41,0.014689799999999999,direct_gini_cap|direct_gini_floor|gini_interval_bound|gini_pairwise_spread|interval_tight_mccormick_G_bit|low_gini_centering_band|objective_lower_estimator_cutoff|penalty_deviation_upper_bound|penalty_final_inventory_domain|penalty_lower_bound_closure|required_station_movement|sp_product_mccormick|sp_product_objective_estimator_paper_safe|variable_s_low_gini_centering,019f20b09bd9d529,passed,
stage3__moderate_seed3302__s0__1800s__dense_on,9857,495,branch_bounds_only,full-inherited-pack,1421,42,0,0,0,0,0,0,41,0.014603100000000001,direct_gini_cap|direct_gini_floor|gini_interval_bound|gini_pairwise_spread|interval_tight_mccormick_G_bit|low_gini_centering_band|objective_lower_estimator_cutoff|penalty_deviation_upper_bound|penalty_final_inventory_domain|penalty_lower_bound_closure|required_station_movement|sp_product_mccormick|sp_product_objective_estimator_paper_safe|variable_s_low_gini_centering,f3c3918ac43091c8,passed,
stage3__moderate_seed3302__s0__1800s__dense_on,9858,495,branch_bounds_only,full-inherited-pack,1421,42,0,0,0,0,0,0,41,0.014935800000000001,direct_gini_cap|direct_gini_floor|gini_interval_bound|gini_pairwise_spread|interval_tight_mccormick_G_bit|low_gini_centering_band|objective_lower_estimator_cutoff|penalty_deviation_upper_bound|penalty_final_inventory_domain|penalty_lower_bound_closure|required_station_movement|sp_product_mccormick|sp_product_objective_estimator_paper_safe|variable_s_low_gini_centering,55fd7d5bacc38eba,passed,
stage3__moderate_seed3302__s0__1800s__dense_on,9857,495,deferred_first_relaxation_attach,full-inherited-pack,1421,42,0,0,0,0,0,1421,41,0.014473700000000001,direct_gini_cap|direct_gini_floor|gini_interval_bound|gini_pairwise_spread|interval_tight_mccormick_G_bit|low_gini_centering_band|objective_lower_estimator_cutoff|penalty_deviation_upper_bound|penalty_final_inventory_domain|penalty_lower_bound_closure|required_station_movement|sp_product_mccormick|sp_product_objective_estimator_paper_safe|variable_s_low_gini_centering,f3c3918ac43091c8,passed,
stage3__moderate_seed3302__s0__1800s__dense_on,9859,9857,branch_bounds_only,full-inherited-pack,1421,42,0,0,0,0,0,0,41,0.014887299999999999,direct_gini_cap|direct_gini_floor|gini_interval_bound|gini_pairwise_spread|interval_tight_mccormick_G_bit|low_gini_centering_band|objective_lower_estimator_cutoff|penalty_deviation_upper_bound|penalty_final_inventory_domain|penalty_lower_bound_closure|required_station_movement|sp_product_mccormick|sp_product_objective_estimator_paper_safe|variable_s_low_gini_centering,cd7c39d8c2170286,passed,
stage3__moderate_seed3302__s0__1800s__dense_on,9860,9857,branch_bounds_only,full-inherited-pack,1421,42,0,0,0,0,0,0,41,0.0145273,direct_gini_cap|direct_gini_floor|gini_interval_bound|gini_pairwise_spread|interval_tight_mccormick_G_bit|low_gini_centering_band|objective_lower_estimator_cutoff|penalty_deviation_upper_bound|penalty_final_inventory_domain|penalty_lower_bound_closure|required_station_movement|sp_product_mccormick|sp_product_objective_estimator_paper_safe|variable_s_low_gini_centering,ad0eabcffce0b25d,passed,
stage3__moderate_seed3302__s0__1800s__dense_on,9859,9857,deferred_first_relaxation_attach,full-inherited-pack,1421,42,0,0,0,0,0,1421,41,0.014723,direct_gini_cap|direct_gini_floor|gini_interval_bound|gini_pairwise_spread|interval_tight_mccormick_G_bit|low_gini_centering_band|objective_lower_estimator_cutoff|penalty_deviation_upper_bound|penalty_final_inventory_domain|penalty_lower_bound_closure|required_station_movement|sp_product_mccormick|sp_product_objective_estimator_paper_safe|variable_s_low_gini_centering,cd7c39d8c2170286,passed,
stage3__moderate_seed3302__s0__1800s__dense_on,9861,9859,branch_bounds_only,full-inherited-pack,1421,42,0,0,0,0,0,0,41,0.0148722,direct_gini_cap|direct_gini_floor|gini_interval_bound|gini_pairwise_spread|interval_tight_mccormick_G_bit|low_gini_centering_band|objective_lower_estimator_cutoff|penalty_deviation_upper_bound|penalty_final_inventory_domain|penalty_lower_bound_closure|required_station_movement|sp_product_mccormick|sp_product_objective_estimator_paper_safe|variable_s_low_gini_centering,10c4c2d2006961eb,passed,
stage3__moderate_seed3302__s0__1800s__dense_on,9862,9859,branch_bounds_only,full-inherited-pack,1421,42,0,0,0,0,0,0,41,0.0147259,direct_gini_cap|direct_gini_floor|gini_interval_bound|gini_pairwise_spread|interval_tight_mccormick_G_bit|low_gini_centering_band|objective_lower_estimator_cutoff|penalty_deviation_upper_bound|penalty_final_inventory_domain|penalty_lower_bound_closure|required_station_movement|sp_product_mccormick|sp_product_objective_estimator_paper_safe|variable_s_low_gini_centering,acfad907056683be,passed,
stage3__moderate_seed3302__s0__1800s__dense_on,9861,9859,deferred_first_relaxation_attach,full-inherited-pack,1421,42,0,0,0,0,0,1421,41,0.0146856,direct_gini_cap|direct_gini_floor|gini_interval_bound|gini_pairwise_spread|interval_tight_mccormick_G_bit|low_gini_centering_band|objective_lower_estimator_cutoff|penalty_deviation_upper_bound|penalty_final_inventory_domain|penalty_lower_bound_closure|required_station_movement|sp_product_mccormick|sp_product_objective_estimator_paper_safe|variable_s_low_gini_centering,10c4c2d2006961eb,passed,
stage3__moderate_seed3302__s0__1800s__dense_on,8622,4198,deferred_first_relaxation_attach,full-inherited-pack,1421,42,0,0,0,0,0,1421,41,0.0146318,direct_gini_cap|direct_gini_floor|gini_interval_bound|gini_pairwise_spread|interval_tight_mccormick_G_bit|low_gini_centering_band|objective_lower_estimator_cutoff|penalty_deviation_upper_bound|penalty_final_inventory_domain|penalty_lower_bound_closure|required_station_movement|sp_product_mccormick|sp_product_objective_estimator_paper_safe|variable_s_low_gini_centering,a0e6508781868087,passed,
stage3__moderate_seed3302__s0__1800s__dense_on,7754,4196,deferred_first_relaxation_attach,full-inherited-pack,1421,42,0,0,0,0,0,1421,41,0.0151859,direct_gini_cap|direct_gini_floor|gini_interval_bound|gini_pairwise_spread|interval_tight_mccormick_G_bit|low_gini_centering_band|objective_lower_estimator_cutoff|penalty_deviation_upper_bound|penalty_final_inventory_domain|penalty_lower_bound_closure|required_station_movement|sp_product_mccormick|sp_product_objective_estimator_paper_safe|variable_s_low_gini_centering,0354caee6ec9333f,passed,
stage3__moderate_seed3302__s0__1800s__dense_on,11225,7754,branch_bounds_only,full-inherited-pack,1421,42,0,0,0,0,0,0,41,0.0147797,direct_gini_cap|direct_gini_floor|gini_interval_bound|gini_pairwise_spread|interval_tight_mccormick_G_bit|low_gini_centering_band|objective_lower_estimator_cutoff|penalty_deviation_upper_bound|penalty_final_inventory_domain|penalty_lower_bound_closure|required_station_movement|sp_product_mccormick|sp_product_objective_estimator_paper_safe|variable_s_low_gini_centering,2c3427dcdefdc516,passed,
stage3__moderate_seed3302__s0__1800s__dense_on,11226,7754,branch_bounds_only,full-inherited-pack,1421,42,0,0,0,0,0,0,41,0.0144843,direct_gini_cap|direct_gini_floor|gini_interval_bound|gini_pairwise_spread|interval_tight_mccormick_G_bit|low_gini_centering_band|objective_lower_estimator_cutoff|penalty_deviation_upper_bound|penalty_final_inventory_domain|penalty_lower_bound_closure|required_station_movement|sp_product_mccormick|sp_product_objective_estimator_paper_safe|variable_s_low_gini_centering,4fce043897ebf4f6,passed,
stage3__moderate_seed3302__s0__1800s__dense_on,11225,7754,deferred_first_relaxation_attach,full-inherited-pack,1421,42,0,0,0,0,0,1421,41,0.0144447,direct_gini_cap|direct_gini_floor|gini_interval_bound|gini_pairwise_spread|interval_tight_mccormick_G_bit|low_gini_centering_band|objective_lower_estimator_cutoff|penalty_deviation_upper_bound|penalty_final_inventory_domain|penalty_lower_bound_closure|required_station_movement|sp_product_mccormick|sp_product_objective_estimator_paper_safe|variable_s_low_gini_centering,2c3427dcdefdc516,passed,
stage3__moderate_seed3302__s0__1800s__dense_on,11226,7754,deferred_first_relaxation_attach,full-inherited-pack,1421,42,0,0,0,0,0,1421,41,0.014700400000000001,direct_gini_cap|direct_gini_floor|gini_interval_bound|gini_pairwise_spread|interval_tight_mccormick_G_bit|low_gini_centering_band|objective_lower_estimator_cutoff|penalty_deviation_upper_bound|penalty_final_inventory_domain|penalty_lower_bound_closure|required_station_movement|sp_product_mccormick|sp_product_objective_estimator_paper_safe|variable_s_low_gini_centering,4fce043897ebf4f6,passed,
stage3__moderate_seed3302__s0__1800s__dense_on,194,190,deferred_first_relaxation_attach,full-inherited-pack,1421,42,0,0,0,0,0,1421,41,0.014697,direct_gini_cap|direct_gini_floor|gini_interval_bound|gini_pairwise_spread|interval_tight_mccormick_G_bit|low_gini_centering_band|objective_lower_estimator_cutoff|penalty_deviation_upper_bound|penalty_final_inventory_domain|penalty_lower_bound_closure|required_station_movement|sp_product_mccormick|sp_product_objective_estimator_paper_safe|variable_s_low_gini_centering,bd64b54922cdf9ca,passed,
stage3__moderate_seed3302__s0__1800s__dense_on,12107,194,branch_bounds_only,full-inherited-pack,1421,42,0,0,0,0,0,0,41,0.0145614,direct_gini_cap|direct_gini_floor|gini_interval_bound|gini_pairwise_spread|interval_tight_mccormick_G_bit|low_gini_centering_band|objective_lower_estimator_cutoff|penalty_deviation_upper_bound|penalty_final_inventory_domain|penalty_lower_bound_closure|required_station_movement|sp_product_mccormick|sp_product_objective_estimator_paper_safe|variable_s_low_gini_centering,47750a4bc8eeda60,passed,
stage3__moderate_seed3302__s0__1800s__dense_on,12108,194,branch_bounds_only,full-inherited-pack,1421,42,0,0,0,0,0,0,41,0.0144514,direct_gini_cap|direct_gini_floor|gini_interval_bound|gini_pairwise_spread|interval_tight_mccormick_G_bit|low_gini_centering_band|objective_lower_estimator_cutoff|penalty_deviation_upper_bound|penalty_final_inventory_domain|penalty_lower_bound_closure|required_station_movement|sp_product_mccormick|sp_product_objective_estimator_paper_safe|variable_s_low_gini_centering,c55c73e5b43b0dde,passed,
stage3__moderate_seed3302__s0__1800s__dense_on,12107,194,deferred_first_relaxation_attach,full-inherited-pack,1421,42,0,0,0,0,0,1421,41,0.014763500000000001,direct_gini_cap|direct_gini_floor|gini_interval_bound|gini_pairwise_spread|interval_tight_mccormick_G_bit|low_gini_centering_band|objective_lower_estimator_cutoff|penalty_deviation_upper_bound|penalty_final_inventory_domain|penalty_lower_bound_closure|required_station_movement|sp_product_mccormick|sp_product_objective_estimator_paper_safe|variable_s_low_gini_centering,47750a4bc8eeda60,passed,
stage3__moderate_seed3302__s0__1800s__dense_on,12109,12107,branch_bounds_only,full-inherited-pack,1421,42,0,0,0,0,0,0,41,0.0155172,direct_gini_cap|direct_gini_floor|gini_interval_bound|gini_pairwise_spread|interval_tight_mccormick_G_bit|low_gini_centering_band|objective_lower_estimator_cutoff|penalty_deviation_upper_bound|penalty_final_inventory_domain|penalty_lower_bound_closure|required_station_movement|sp_product_mccormick|sp_product_objective_estimator_paper_safe|variable_s_low_gini_centering,04cc347f528ed40f,passed,
stage3__moderate_seed3302__s0__1800s__dense_on,12110,12107,branch_bounds_only,full-inherited-pack,1421,42,0,0,0,0,0,0,41,0.014503,direct_gini_cap|direct_gini_floor|gini_interval_bound|gini_pairwise_spread|interval_tight_mccormick_G_bit|low_gini_centering_band|objective_lower_estimator_cutoff|penalty_deviation_upper_bound|penalty_final_inventory_domain|penalty_lower_bound_closure|required_station_movement|sp_product_mccormick|sp_product_objective_estimator_paper_safe|variable_s_low_gini_centering,3375e44be5212a52,passed,
stage3__moderate_seed3302__s0__1800s__dense_on,12109,12107,deferred_first_relaxation_attach,full-inherited-pack,1421,42,0,0,0,0,0,1421,41,0.0149809,direct_gini_cap|direct_gini_floor|gini_interval_bound|gini_pairwise_spread|interval_tight_mccormick_G_bit|low_gini_centering_band|objective_lower_estimator_cutoff|penalty_deviation_upper_bound|penalty_final_inventory_domain|penalty_lower_bound_closure|required_station_movement|sp_product_mccormick|sp_product_objective_estimator_paper_safe|variable_s_low_gini_centering,04cc347f528ed40f,passed,
stage3__moderate_seed3302__s0__1800s__dense_on,9858,495,deferred_first_relaxation_attach,full-inherited-pack,1421,42,0,0,0,0,0,1421,41,0.015269899999999999,direct_gini_cap|direct_gini_floor|gini_interval_bound|gini_pairwise_spread|interval_tight_mccormick_G_bit|low_gini_centering_band|objective_lower_estimator_cutoff|penalty_deviation_upper_bound|penalty_final_inventory_domain|penalty_lower_bound_closure|required_station_movement|sp_product_mccormick|sp_product_objective_estimator_paper_safe|variable_s_low_gini_centering,55fd7d5bacc38eba,passed,
stage3__moderate_seed3302__s0__1800s__dense_on,12855,9858,branch_bounds_only,full-inherited-pack,1421,42,0,0,0,0,0,0,41,0.015471499999999999,direct_gini_cap|direct_gini_floor|gini_interval_bound|gini_pairwise_spread|interval_tight_mccormick_G_bit|low_gini_centering_band|objective_lower_estimator_cutoff|penalty_deviation_upper_bound|penalty_final_inventory_domain|penalty_lower_bound_closure|required_station_movement|sp_product_mccormick|sp_product_objective_estimator_paper_safe|variable_s_low_gini_centering,9d2f000c56d355ba,passed,
stage3__moderate_seed3302__s0__1800s__dense_on,12856,9858,branch_bounds_only,full-inherited-pack,1421,42,0,0,0,0,0,0,41,0.0148133,direct_gini_cap|direct_gini_floor|gini_interval_bound|gini_pairwise_spread|interval_tight_mccormick_G_bit|low_gini_centering_band|objective_lower_estimator_cutoff|penalty_deviation_upper_bound|penalty_final_inventory_domain|penalty_lower_bound_closure|required_station_movement|sp_product_mccormick|sp_product_objective_estimator_paper_safe|variable_s_low_gini_centering,3f9446e93c6fadf7,passed,
stage3__moderate_seed3302__s0__1800s__dense_on,12855,9858,deferred_first_relaxation_attach,full-inherited-pack,1421,42,0,0,0,0,0,1421,41,0.014707700000000001,direct_gini_cap|direct_gini_floor|gini_interval_bound|gini_pairwise_spread|interval_tight_mccormick_G_bit|low_gini_centering_band|objective_lower_estimator_cutoff|penalty_deviation_upper_bound|penalty_final_inventory_domain|penalty_lower_bound_closure|required_station_movement|sp_product_mccormick|sp_product_objective_estimator_paper_safe|variable_s_low_gini_centering,9d2f000c56d355ba,passed,
stage3__moderate_seed3302__s0__1800s__dense_on,12857,12855,branch_bounds_only,full-inherited-pack,1421,42,0,0,0,0,0,0,41,0.0151398,direct_gini_cap|direct_gini_floor|gini_interval_bound|gini_pairwise_spread|interval_tight_mccormick_G_bit|low_gini_centering_band|objective_lower_estimator_cutoff|penalty_deviation_upper_bound|penalty_final_inventory_domain|penalty_lower_bound_closure|required_station_movement|sp_product_mccormick|sp_product_objective_estimator_paper_safe|variable_s_low_gini_centering,3dd3b4865877eddf,passed,
stage3__moderate_seed3302__s0__1800s__dense_on,12858,12855,branch_bounds_only,full-inherited-pack,1421,42,0,0,0,0,0,0,41,0.0144505,direct_gini_cap|direct_gini_floor|gini_interval_bound|gini_pairwise_spread|interval_tight_mccormick_G_bit|low_gini_centering_band|objective_lower_estimator_cutoff|penalty_deviation_upper_bound|penalty_final_inventory_domain|penalty_lower_bound_closure|required_station_movement|sp_product_mccormick|sp_product_objective_estimator_paper_safe|variable_s_low_gini_centering,5527a4dd4cf96c0e,passed,
stage3__moderate_seed3302__s0__1800s__dense_on,12857,12855,deferred_first_relaxation_attach,full-inherited-pack,1421,42,0,0,0,0,0,1421,41,0.0154792,direct_gini_cap|direct_gini_floor|gini_interval_bound|gini_pairwise_spread|interval_tight_mccormick_G_bit|low_gini_centering_band|objective_lower_estimator_cutoff|penalty_deviation_upper_bound|penalty_final_inventory_domain|penalty_lower_bound_closure|required_station_movement|sp_product_mccormick|sp_product_objective_estimator_paper_safe|variable_s_low_gini_centering,3dd3b4865877eddf,passed,
stage3__moderate_seed3302__s0__1800s__dense_on,9860,9857,deferred_first_relaxation_attach,full-inherited-pack,1421,42,0,0,0,0,0,1421,41,0.015010000000000001,direct_gini_cap|direct_gini_floor|gini_interval_bound|gini_pairwise_spread|interval_tight_mccormick_G_bit|low_gini_centering_band|objective_lower_estimator_cutoff|penalty_deviation_upper_bound|penalty_final_inventory_domain|penalty_lower_bound_closure|required_station_movement|sp_product_mccormick|sp_product_objective_estimator_paper_safe|variable_s_low_gini_centering,ad0eabcffce0b25d,passed,
stage3__moderate_seed3302__s0__1800s__dense_on,14245,9860,branch_bounds_only,full-inherited-pack,1421,42,0,0,0,0,0,0,41,0.0150142,direct_gini_cap|direct_gini_floor|gini_interval_bound|gini_pairwise_spread|interval_tight_mccormick_G_bit|low_gini_centering_band|objective_lower_estimator_cutoff|penalty_deviation_upper_bound|penalty_final_inventory_domain|penalty_lower_bound_closure|required_station_movement|sp_product_mccormick|sp_product_objective_estimator_paper_safe|variable_s_low_gini_centering,9990b429177bdab5,passed,
stage3__moderate_seed3302__s0__1800s__dense_on,14246,9860,branch_bounds_only,full-inherited-pack,1421,42,0,0,0,0,0,0,41,0.015499499999999999,direct_gini_cap|direct_gini_floor|gini_interval_bound|gini_pairwise_spread|interval_tight_mccormick_G_bit|low_gini_centering_band|objective_lower_estimator_cutoff|penalty_deviation_upper_bound|penalty_final_inventory_domain|penalty_lower_bound_closure|required_station_movement|sp_product_mccormick|sp_product_objective_estimator_paper_safe|variable_s_low_gini_centering,12c87bb00660192a,passed,
stage3__moderate_seed3302__s0__1800s__dense_on,14245,9860,deferred_first_relaxation_attach,full-inherited-pack,1421,42,0,0,0,0,0,1421,41,0.015026899999999999,direct_gini_cap|direct_gini_floor|gini_interval_bound|gini_pairwise_spread|interval_tight_mccormick_G_bit|low_gini_centering_band|objective_lower_estimator_cutoff|penalty_deviation_upper_bound|penalty_final_inventory_domain|penalty_lower_bound_closure|required_station_movement|sp_product_mccormick|sp_product_objective_estimator_paper_safe|variable_s_low_gini_centering,9990b429177bdab5,passed,
stage3__moderate_seed3302__s0__1800s__dense_on,14246,9860,deferred_first_relaxation_attach,full-inherited-pack,1421,42,0,0,0,0,0,1421,41,0.014722300000000001,direct_gini_cap|direct_gini_floor|gini_interval_bound|gini_pairwise_spread|interval_tight_mccormick_G_bit|low_gini_centering_band|objective_lower_estimator_cutoff|penalty_deviation_upper_bound|penalty_final_inventory_domain|penalty_lower_bound_closure|required_station_movement|sp_product_mccormick|sp_product_objective_estimator_paper_safe|variable_s_low_gini_centering,12c87bb00660192a,passed,
stage3__moderate_seed3302__s0__1800s__dense_on,9862,9859,deferred_first_relaxation_attach,full-inherited-pack,1421,42,0,0,0,0,0,1421,41,0.015085100000000001,direct_gini_cap|direct_gini_floor|gini_interval_bound|gini_pairwise_spread|interval_tight_mccormick_G_bit|low_gini_centering_band|objective_lower_estimator_cutoff|penalty_deviation_upper_bound|penalty_final_inventory_domain|penalty_lower_bound_closure|required_station_movement|sp_product_mccormick|sp_product_objective_estimator_paper_safe|variable_s_low_gini_centering,acfad907056683be,passed,
stage3__moderate_seed3302__s0__1800s__dense_on,404,18,deferred_first_relaxation_attach,full-inherited-pack,1421,42,0,0,0,0,0,1421,41,0.0150309,direct_gini_cap|direct_gini_floor|gini_interval_bound|gini_pairwise_spread|interval_tight_mccormick_G_bit|low_gini_centering_band|objective_lower_estimator_cutoff|penalty_deviation_upper_bound|penalty_final_inventory_domain|penalty_lower_bound_closure|required_station_movement|sp_product_mccormick|sp_product_objective_estimator_paper_safe|variable_s_low_gini_centering,c9516898512a74fe,passed,
stage3__moderate_seed3302__s0__1800s__dense_on,15443,404,branch_bounds_only,full-inherited-pack,1421,42,0,0,0,0,0,0,41,0.0148305,direct_gini_cap|direct_gini_floor|gini_interval_bound|gini_pairwise_spread|interval_tight_mccormick_G_bit|low_gini_centering_band|objective_lower_estimator_cutoff|penalty_deviation_upper_bound|penalty_final_inventory_domain|penalty_lower_bound_closure|required_station_movement|sp_product_mccormick|sp_product_objective_estimator_paper_safe|variable_s_low_gini_centering,b6c277f43a93f76b,passed,
stage3__moderate_seed3302__s0__1800s__dense_on,15444,404,branch_bounds_only,full-inherited-pack,1421,42,0,0,0,0,0,0,41,0.014700299999999999,direct_gini_cap|direct_gini_floor|gini_interval_bound|gini_pairwise_spread|interval_tight_mccormick_G_bit|low_gini_centering_band|objective_lower_estimator_cutoff|penalty_deviation_upper_bound|penalty_final_inventory_domain|penalty_lower_bound_closure|required_station_movement|sp_product_mccormick|sp_product_objective_estimator_paper_safe|variable_s_low_gini_centering,af63cbbad5512f66,passed,
stage3__moderate_seed3302__s0__1800s__dense_on,15443,404,deferred_first_relaxation_attach,full-inherited-pack,1421,42,0,0,0,0,0,1421,41,0.0155601,direct_gini_cap|direct_gini_floor|gini_interval_bound|gini_pairwise_spread|interval_tight_mccormick_G_bit|low_gini_centering_band|objective_lower_estimator_cutoff|penalty_deviation_upper_bound|penalty_final_inventory_domain|penalty_lower_bound_closure|required_station_movement|sp_product_mccormick|sp_product_objective_estimator_paper_safe|variable_s_low_gini_centering,b6c277f43a93f76b,passed,
stage3__moderate_seed3302__s0__1800s__dense_on,15445,15443,branch_bounds_only,full-inherited-pack,1421,42,0,0,0,0,0,0,41,0.015663699999999999,direct_gini_cap|direct_gini_floor|gini_interval_bound|gini_pairwise_spread|interval_tight_mccormick_G_bit|low_gini_centering_band|objective_lower_estimator_cutoff|penalty_deviation_upper_bound|penalty_final_inventory_domain|penalty_lower_bound_closure|required_station_movement|sp_product_mccormick|sp_product_objective_estimator_paper_safe|variable_s_low_gini_centering,180b557f0799d847,passed,
stage3__moderate_seed3302__s0__1800s__dense_on,15446,15443,branch_bounds_only,full-inherited-pack,1421,42,0,0,0,0,0,0,41,0.0148293,direct_gini_cap|direct_gini_floor|gini_interval_bound|gini_pairwise_spread|interval_tight_mccormick_G_bit|low_gini_centering_band|objective_lower_estimator_cutoff|penalty_deviation_upper_bound|penalty_final_inventory_domain|penalty_lower_bound_closure|required_station_movement|sp_product_mccormick|sp_product_objective_estimator_paper_safe|variable_s_low_gini_centering,756608b30d407024,passed,
stage3__moderate_seed3302__s0__1800s__dense_on,15445,15443,deferred_first_relaxation_attach,full-inherited-pack,1421,42,0,0,0,0,0,1421,41,0.0147344,direct_gini_cap|direct_gini_floor|gini_interval_bound|gini_pairwise_spread|interval_tight_mccormick_G_bit|low_gini_centering_band|objective_lower_estimator_cutoff|penalty_deviation_upper_bound|penalty_final_inventory_domain|penalty_lower_bound_closure|required_station_movement|sp_product_mccormick|sp_product_objective_estimator_paper_safe|variable_s_low_gini_centering,180b557f0799d847,passed,
stage3__moderate_seed3302__s0__1800s__dense_on,15447,15445,branch_bounds_only,full-inherited-pack,1421,42,0,0,0,0,0,0,41,0.014871799999999999,direct_gini_cap|direct_gini_floor|gini_interval_bound|gini_pairwise_spread|interval_tight_mccormick_G_bit|low_gini_centering_band|objective_lower_estimator_cutoff|penalty_deviation_upper_bound|penalty_final_inventory_domain|penalty_lower_bound_closure|required_station_movement|sp_product_mccormick|sp_product_objective_estimator_paper_safe|variable_s_low_gini_centering,7b6717e70ad97c28,passed,
stage3__moderate_seed3302__s0__1800s__dense_on,15448,15445,branch_bounds_only,full-inherited-pack,1421,42,0,0,0,0,0,0,41,0.015396699999999999,direct_gini_cap|direct_gini_floor|gini_interval_bound|gini_pairwise_spread|interval_tight_mccormick_G_bit|low_gini_centering_band|objective_lower_estimator_cutoff|penalty_deviation_upper_bound|penalty_final_inventory_domain|penalty_lower_bound_closure|required_station_movement|sp_product_mccormick|sp_product_objective_estimator_paper_safe|variable_s_low_gini_centering,59731de22dc02d14,passed,
stage3__moderate_seed3302__s0__1800s__dense_on,15447,15445,deferred_first_relaxation_attach,full-inherited-pack,1421,42,0,0,0,0,0,1421,41,0.0150209,direct_gini_cap|direct_gini_floor|gini_interval_bound|gini_pairwise_spread|interval_tight_mccormick_G_bit|low_gini_centering_band|objective_lower_estimator_cutoff|penalty_deviation_upper_bound|penalty_final_inventory_domain|penalty_lower_bound_closure|required_station_movement|sp_product_mccormick|sp_product_objective_estimator_paper_safe|variable_s_low_gini_centering,7b6717e70ad97c28,passed,
stage3__moderate_seed3302__s0__1800s__dense_on,15449,15447,branch_bounds_only,full-inherited-pack,1421,42,0,0,0,0,0,0,41,0.0149988,direct_gini_cap|direct_gini_floor|gini_interval_bound|gini_pairwise_spread|interval_tight_mccormick_G_bit|low_gini_centering_band|objective_lower_estimator_cutoff|penalty_deviation_upper_bound|penalty_final_inventory_domain|penalty_lower_bound_closure|required_station_movement|sp_product_mccormick|sp_product_objective_estimator_paper_safe|variable_s_low_gini_centering,e026328519f0c781,passed,
stage3__moderate_seed3302__s0__1800s__dense_on,15450,15447,branch_bounds_only,full-inherited-pack,1421,42,0,0,0,0,0,0,41,0.014612099999999999,direct_gini_cap|direct_gini_floor|gini_interval_bound|gini_pairwise_spread|interval_tight_mccormick_G_bit|low_gini_centering_band|objective_lower_estimator_cutoff|penalty_deviation_upper_bound|penalty_final_inventory_domain|penalty_lower_bound_closure|required_station_movement|sp_product_mccormick|sp_product_objective_estimator_paper_safe|variable_s_low_gini_centering,bb6b1e09e3ed06eb,passed,
stage3__moderate_seed3302__s0__1800s__dense_on,15449,15447,deferred_first_relaxation_attach,full-inherited-pack,1421,42,0,0,0,0,0,1421,41,0.017559100000000001,direct_gini_cap|direct_gini_floor|gini_interval_bound|gini_pairwise_spread|interval_tight_mccormick_G_bit|low_gini_centering_band|objective_lower_estimator_cutoff|penalty_deviation_upper_bound|penalty_final_inventory_domain|penalty_lower_bound_closure|required_station_movement|sp_product_mccormick|sp_product_objective_estimator_paper_safe|variable_s_low_gini_centering,e026328519f0c781,passed,
stage3__moderate_seed3302__s0__1800s__dense_on,7366,816,deferred_first_relaxation_attach,full-inherited-pack,1421,42,0,0,0,0,0,1421,41,0.0151933,direct_gini_cap|direct_gini_floor|gini_interval_bound|gini_pairwise_spread|interval_tight_mccormick_G_bit|low_gini_centering_band|objective_lower_estimator_cutoff|penalty_deviation_upper_bound|penalty_final_inventory_domain|penalty_lower_bound_closure|required_station_movement|sp_product_mccormick|sp_product_objective_estimator_paper_safe|variable_s_low_gini_centering,e214f1da96fbfa14,passed,
stage3__moderate_seed3302__s0__1800s__dense_on,12856,9858,deferred_first_relaxation_attach,full-inherited-pack,1421,42,0,0,0,0,0,1421,41,0.015007100000000001,direct_gini_cap|direct_gini_floor|gini_interval_bound|gini_pairwise_spread|interval_tight_mccormick_G_bit|low_gini_centering_band|objective_lower_estimator_cutoff|penalty_deviation_upper_bound|penalty_final_inventory_domain|penalty_lower_bound_closure|required_station_movement|sp_product_mccormick|sp_product_objective_estimator_paper_safe|variable_s_low_gini_centering,3f9446e93c6fadf7,passed,
stage3__moderate_seed3302__s0__1800s__dense_on,17109,12856,branch_bounds_only,full-inherited-pack,1421,42,0,0,0,0,0,0,41,0.015652599999999999,direct_gini_cap|direct_gini_floor|gini_interval_bound|gini_pairwise_spread|interval_tight_mccormick_G_bit|low_gini_centering_band|objective_lower_estimator_cutoff|penalty_deviation_upper_bound|penalty_final_inventory_domain|penalty_lower_bound_closure|required_station_movement|sp_product_mccormick|sp_product_objective_estimator_paper_safe|variable_s_low_gini_centering,94df1920565e8662,passed,
stage3__moderate_seed3302__s0__1800s__dense_on,17110,12856,branch_bounds_only,full-inherited-pack,1421,42,0,0,0,0,0,0,41,0.014696600000000001,direct_gini_cap|direct_gini_floor|gini_interval_bound|gini_pairwise_spread|interval_tight_mccormick_G_bit|low_gini_centering_band|objective_lower_estimator_cutoff|penalty_deviation_upper_bound|penalty_final_inventory_domain|penalty_lower_bound_closure|required_station_movement|sp_product_mccormick|sp_product_objective_estimator_paper_safe|variable_s_low_gini_centering,d0477b130a811cf9,passed,
stage3__moderate_seed3302__s0__1800s__dense_on,17109,12856,deferred_first_relaxation_attach,full-inherited-pack,1421,42,0,0,0,0,0,1421,41,0.014809599999999999,direct_gini_cap|direct_gini_floor|gini_interval_bound|gini_pairwise_spread|interval_tight_mccormick_G_bit|low_gini_centering_band|objective_lower_estimator_cutoff|penalty_deviation_upper_bound|penalty_final_inventory_domain|penalty_lower_bound_closure|required_station_movement|sp_product_mccormick|sp_product_objective_estimator_paper_safe|variable_s_low_gini_centering,94df1920565e8662,passed,
stage3__moderate_seed3302__s0__1800s__dense_on,12858,12855,deferred_first_relaxation_attach,full-inherited-pack,1421,42,0,0,0,0,0,1421,41,0.019817899999999999,direct_gini_cap|direct_gini_floor|gini_interval_bound|gini_pairwise_spread|interval_tight_mccormick_G_bit|low_gini_centering_band|objective_lower_estimator_cutoff|penalty_deviation_upper_bound|penalty_final_inventory_domain|penalty_lower_bound_closure|required_station_movement|sp_product_mccormick|sp_product_objective_estimator_paper_safe|variable_s_low_gini_centering,5527a4dd4cf96c0e,passed,
stage3__moderate_seed3302__s0__1800s__dense_on,17110,12856,deferred_first_relaxation_attach,full-inherited-pack,1421,42,0,0,0,0,0,1421,41,0.015177,direct_gini_cap|direct_gini_floor|gini_interval_bound|gini_pairwise_spread|interval_tight_mccormick_G_bit|low_gini_centering_band|objective_lower_estimator_cutoff|penalty_deviation_upper_bound|penalty_final_inventory_domain|penalty_lower_bound_closure|required_station_movement|sp_product_mccormick|sp_product_objective_estimator_paper_safe|variable_s_low_gini_centering,d0477b130a811cf9,passed,
stage3__moderate_seed3302__s0__1800s__dense_on,406,403,deferred_first_relaxation_attach,full-inherited-pack,1421,42,0,0,0,0,0,1421,41,0.016218,direct_gini_cap|direct_gini_floor|gini_interval_bound|gini_pairwise_spread|interval_tight_mccormick_G_bit|low_gini_centering_band|objective_lower_estimator_cutoff|penalty_deviation_upper_bound|penalty_final_inventory_domain|penalty_lower_bound_closure|required_station_movement|sp_product_mccormick|sp_product_objective_estimator_paper_safe|variable_s_low_gini_centering,3cfcab553fce472c,passed,
stage3__moderate_seed3302__s0__1800s__dense_on,19251,406,branch_bounds_only,full-inherited-pack,1421,42,0,0,0,0,0,0,41,0.0147755,direct_gini_cap|direct_gini_floor|gini_interval_bound|gini_pairwise_spread|interval_tight_mccormick_G_bit|low_gini_centering_band|objective_lower_estimator_cutoff|penalty_deviation_upper_bound|penalty_final_inventory_domain|penalty_lower_bound_closure|required_station_movement|sp_product_mccormick|sp_product_objective_estimator_paper_safe|variable_s_low_gini_centering,091573ccf59f1bf9,passed,
stage3__moderate_seed3302__s0__1800s__dense_on,19252,406,branch_bounds_only,full-inherited-pack,1421,42,0,0,0,0,0,0,41,0.0151641,direct_gini_cap|direct_gini_floor|gini_interval_bound|gini_pairwise_spread|interval_tight_mccormick_G_bit|low_gini_centering_band|objective_lower_estimator_cutoff|penalty_deviation_upper_bound|penalty_final_inventory_domain|penalty_lower_bound_closure|required_station_movement|sp_product_mccormick|sp_product_objective_estimator_paper_safe|variable_s_low_gini_centering,ae588f851e0941ef,passed,
stage3__moderate_seed3302__s0__1800s__dense_on,19251,406,deferred_first_relaxation_attach,full-inherited-pack,1421,42,0,0,0,0,0,1421,41,0.015428799999999999,direct_gini_cap|direct_gini_floor|gini_interval_bound|gini_pairwise_spread|interval_tight_mccormick_G_bit|low_gini_centering_band|objective_lower_estimator_cutoff|penalty_deviation_upper_bound|penalty_final_inventory_domain|penalty_lower_bound_closure|required_station_movement|sp_product_mccormick|sp_product_objective_estimator_paper_safe|variable_s_low_gini_centering,091573ccf59f1bf9,passed,
stage3__moderate_seed3302__s0__1800s__dense_on,19253,19251,branch_bounds_only,full-inherited-pack,1421,42,0,0,0,0,0,0,41,0.0154124,direct_gini_cap|direct_gini_floor|gini_interval_bound|gini_pairwise_spread|interval_tight_mccormick_G_bit|low_gini_centering_band|objective_lower_estimator_cutoff|penalty_deviation_upper_bound|penalty_final_inventory_domain|penalty_lower_bound_closure|required_station_movement|sp_product_mccormick|sp_product_objective_estimator_paper_safe|variable_s_low_gini_centering,280c7f7b9b515e7a,passed,
stage3__moderate_seed3302__s0__1800s__dense_on,19254,19251,branch_bounds_only,full-inherited-pack,1421,42,0,0,0,0,0,0,41,0.0153274,direct_gini_cap|direct_gini_floor|gini_interval_bound|gini_pairwise_spread|interval_tight_mccormick_G_bit|low_gini_centering_band|objective_lower_estimator_cutoff|penalty_deviation_upper_bound|penalty_final_inventory_domain|penalty_lower_bound_closure|required_station_movement|sp_product_mccormick|sp_product_objective_estimator_paper_safe|variable_s_low_gini_centering,7758862b65d1aaa7,passed,
stage3__moderate_seed3302__s0__1800s__dense_on,19252,406,deferred_first_relaxation_attach,full-inherited-pack,1421,42,0,0,0,0,0,1421,41,0.015670799999999999,direct_gini_cap|direct_gini_floor|gini_interval_bound|gini_pairwise_spread|interval_tight_mccormick_G_bit|low_gini_centering_band|objective_lower_estimator_cutoff|penalty_deviation_upper_bound|penalty_final_inventory_domain|penalty_lower_bound_closure|required_station_movement|sp_product_mccormick|sp_product_objective_estimator_paper_safe|variable_s_low_gini_centering,ae588f851e0941ef,passed,
stage3__moderate_seed3302__s0__1800s__dense_on,19255,19252,branch_bounds_only,full-inherited-pack,1421,42,0,0,0,0,0,0,41,0.0151392,direct_gini_cap|direct_gini_floor|gini_interval_bound|gini_pairwise_spread|interval_tight_mccormick_G_bit|low_gini_centering_band|objective_lower_estimator_cutoff|penalty_deviation_upper_bound|penalty_final_inventory_domain|penalty_lower_bound_closure|required_station_movement|sp_product_mccormick|sp_product_objective_estimator_paper_safe|variable_s_low_gini_centering,591150996a40b489,passed,
stage3__moderate_seed3302__s0__1800s__dense_on,19256,19252,branch_bounds_only,full-inherited-pack,1421,42,0,0,0,0,0,0,41,0.014909800000000001,direct_gini_cap|direct_gini_floor|gini_interval_bound|gini_pairwise_spread|interval_tight_mccormick_G_bit|low_gini_centering_band|objective_lower_estimator_cutoff|penalty_deviation_upper_bound|penalty_final_inventory_domain|penalty_lower_bound_closure|required_station_movement|sp_product_mccormick|sp_product_objective_estimator_paper_safe|variable_s_low_gini_centering,a8eb315e7cd8a9d7,passed,
stage3__moderate_seed3302__s0__1800s__dense_on,19253,19251,deferred_first_relaxation_attach,full-inherited-pack,1421,42,0,0,0,0,0,1421,41,0.015501600000000001,direct_gini_cap|direct_gini_floor|gini_interval_bound|gini_pairwise_spread|interval_tight_mccormick_G_bit|low_gini_centering_band|objective_lower_estimator_cutoff|penalty_deviation_upper_bound|penalty_final_inventory_domain|penalty_lower_bound_closure|required_station_movement|sp_product_mccormick|sp_product_objective_estimator_paper_safe|variable_s_low_gini_centering,280c7f7b9b515e7a,passed,
stage3__moderate_seed3302__s0__1800s__dense_on,19257,19253,branch_bounds_only,full-inherited-pack,1421,42,0,0,0,0,0,0,41,0.016495200000000002,direct_gini_cap|direct_gini_floor|gini_interval_bound|gini_pairwise_spread|interval_tight_mccormick_G_bit|low_gini_centering_band|objective_lower_estimator_cutoff|penalty_deviation_upper_bound|penalty_final_inventory_domain|penalty_lower_bound_closure|required_station_movement|sp_product_mccormick|sp_product_objective_estimator_paper_safe|variable_s_low_gini_centering,734322b880adb88d,passed,
stage3__moderate_seed3302__s0__1800s__dense_on,19258,19253,branch_bounds_only,full-inherited-pack,1421,42,0,0,0,0,0,0,41,0.025015900000000001,direct_gini_cap|direct_gini_floor|gini_interval_bound|gini_pairwise_spread|interval_tight_mccormick_G_bit|low_gini_centering_band|objective_lower_estimator_cutoff|penalty_deviation_upper_bound|penalty_final_inventory_domain|penalty_lower_bound_closure|required_station_movement|sp_product_mccormick|sp_product_objective_estimator_paper_safe|variable_s_low_gini_centering,6ca480feaaf29cd1,passed,
stage3__moderate_seed3302__s0__1800s__dense_on,19257,19253,deferred_first_relaxation_attach,full-inherited-pack,1421,42,0,0,0,0,0,1421,41,0.018532799999999999,direct_gini_cap|direct_gini_floor|gini_interval_bound|gini_pairwise_spread|interval_tight_mccormick_G_bit|low_gini_centering_band|objective_lower_estimator_cutoff|penalty_deviation_upper_bound|penalty_final_inventory_domain|penalty_lower_bound_closure|required_station_movement|sp_product_mccormick|sp_product_objective_estimator_paper_safe|variable_s_low_gini_centering,734322b880adb88d,passed,
stage3__moderate_seed3302__s0__1800s__dense_on,19258,19253,deferred_first_relaxation_attach,full-inherited-pack,1421,42,0,0,0,0,0,1421,41,0.0157745,direct_gini_cap|direct_gini_floor|gini_interval_bound|gini_pairwise_spread|interval_tight_mccormick_G_bit|low_gini_centering_band|objective_lower_estimator_cutoff|penalty_deviation_upper_bound|penalty_final_inventory_domain|penalty_lower_bound_closure|required_station_movement|sp_product_mccormick|sp_product_objective_estimator_paper_safe|variable_s_low_gini_centering,6ca480feaaf29cd1,passed,
stage3__moderate_seed3302__s0__1800s__dense_on,9790,9787,deferred_first_relaxation_attach,full-inherited-pack,1421,42,0,0,0,0,0,1421,41,0.0149955,direct_gini_cap|direct_gini_floor|gini_interval_bound|gini_pairwise_spread|interval_tight_mccormick_G_bit|low_gini_centering_band|objective_lower_estimator_cutoff|penalty_deviation_upper_bound|penalty_final_inventory_domain|penalty_lower_bound_closure|required_station_movement|sp_product_mccormick|sp_product_objective_estimator_paper_safe|variable_s_low_gini_centering,2f44ab127b7f404b,passed,
stage3__moderate_seed3302__s0__1800s__dense_on,19359,9790,branch_bounds_only,full-inherited-pack,1421,42,0,0,0,0,0,0,41,0.0148457,direct_gini_cap|direct_gini_floor|gini_interval_bound|gini_pairwise_spread|interval_tight_mccormick_G_bit|low_gini_centering_band|objective_lower_estimator_cutoff|penalty_deviation_upper_bound|penalty_final_inventory_domain|penalty_lower_bound_closure|required_station_movement|sp_product_mccormick|sp_product_objective_estimator_paper_safe|variable_s_low_gini_centering,8ea655784df646c6,passed,
stage3__moderate_seed3302__s0__1800s__dense_on,19360,9790,branch_bounds_only,full-inherited-pack,1421,42,0,0,0,0,0,0,41,0.0146502,direct_gini_cap|direct_gini_floor|gini_interval_bound|gini_pairwise_spread|interval_tight_mccormick_G_bit|low_gini_centering_band|objective_lower_estimator_cutoff|penalty_deviation_upper_bound|penalty_final_inventory_domain|penalty_lower_bound_closure|required_station_movement|sp_product_mccormick|sp_product_objective_estimator_paper_safe|variable_s_low_gini_centering,3a16129795980dc3,passed,
stage3__moderate_seed3302__s0__1800s__dense_on,19359,9790,deferred_first_relaxation_attach,full-inherited-pack,1421,42,0,0,0,0,0,1421,41,0.0152981,direct_gini_cap|direct_gini_floor|gini_interval_bound|gini_pairwise_spread|interval_tight_mccormick_G_bit|low_gini_centering_band|objective_lower_estimator_cutoff|penalty_deviation_upper_bound|penalty_final_inventory_domain|penalty_lower_bound_closure|required_station_movement|sp_product_mccormick|sp_product_objective_estimator_paper_safe|variable_s_low_gini_centering,8ea655784df646c6,passed,
stage3__moderate_seed3302__s0__1800s__dense_on,19360,9790,deferred_first_relaxation_attach,full-inherited-pack,1421,42,0,0,0,0,0,1421,41,0.015824600000000001,direct_gini_cap|direct_gini_floor|gini_interval_bound|gini_pairwise_spread|interval_tight_mccormick_G_bit|low_gini_centering_band|objective_lower_estimator_cutoff|penalty_deviation_upper_bound|penalty_final_inventory_domain|penalty_lower_bound_closure|required_station_movement|sp_product_mccormick|sp_product_objective_estimator_paper_safe|variable_s_low_gini_centering,3a16129795980dc3,passed,
stage3__moderate_seed3302__s0__1800s__dense_on,9,4,deferred_first_relaxation_attach,full-inherited-pack,1421,42,0,0,0,0,0,1421,41,0.014848800000000001,direct_gini_cap|direct_gini_floor|gini_interval_bound|gini_pairwise_spread|interval_tight_mccormick_G_bit|low_gini_centering_band|objective_lower_estimator_cutoff|penalty_deviation_upper_bound|penalty_final_inventory_domain|penalty_lower_bound_closure|required_station_movement|sp_product_mccormick|sp_product_objective_estimator_paper_safe|variable_s_low_gini_centering,2878619e55bcfcc2,passed,
stage3__moderate_seed3302__s0__1800s__dense_on,20217,9,branch_bounds_only,full-inherited-pack,1421,42,0,0,0,0,0,0,41,0.015081799999999999,direct_gini_cap|direct_gini_floor|gini_interval_bound|gini_pairwise_spread|interval_tight_mccormick_G_bit|low_gini_centering_band|objective_lower_estimator_cutoff|penalty_deviation_upper_bound|penalty_final_inventory_domain|penalty_lower_bound_closure|required_station_movement|sp_product_mccormick|sp_product_objective_estimator_paper_safe|variable_s_low_gini_centering,9997937ffcbee79d,passed,
stage3__moderate_seed3302__s0__1800s__dense_on,20218,9,branch_bounds_only,full-inherited-pack,1421,42,0,0,0,0,0,0,41,0.0150105,direct_gini_cap|direct_gini_floor|gini_interval_bound|gini_pairwise_spread|interval_tight_mccormick_G_bit|low_gini_centering_band|objective_lower_estimator_cutoff|penalty_deviation_upper_bound|penalty_final_inventory_domain|penalty_lower_bound_closure|required_station_movement|sp_product_mccormick|sp_product_objective_estimator_paper_safe|variable_s_low_gini_centering,c1abc32f4123eb97,passed,
stage3__moderate_seed3302__s0__1800s__dense_on,20217,9,deferred_first_relaxation_attach,full-inherited-pack,1421,42,0,0,0,0,0,1421,41,0.015013,direct_gini_cap|direct_gini_floor|gini_interval_bound|gini_pairwise_spread|interval_tight_mccormick_G_bit|low_gini_centering_band|objective_lower_estimator_cutoff|penalty_deviation_upper_bound|penalty_final_inventory_domain|penalty_lower_bound_closure|required_station_movement|sp_product_mccormick|sp_product_objective_estimator_paper_safe|variable_s_low_gini_centering,9997937ffcbee79d,passed,
stage3__moderate_seed3302__s0__1800s__dense_on,20219,20217,branch_bounds_only,full-inherited-pack,1421,42,0,0,0,0,0,0,41,0.014992200000000001,direct_gini_cap|direct_gini_floor|gini_interval_bound|gini_pairwise_spread|interval_tight_mccormick_G_bit|low_gini_centering_band|objective_lower_estimator_cutoff|penalty_deviation_upper_bound|penalty_final_inventory_domain|penalty_lower_bound_closure|required_station_movement|sp_product_mccormick|sp_product_objective_estimator_paper_safe|variable_s_low_gini_centering,4d0c30ad8567f0d1,passed,
stage3__moderate_seed3302__s0__1800s__dense_on,20220,20217,branch_bounds_only,full-inherited-pack,1421,42,0,0,0,0,0,0,41,0.014733,direct_gini_cap|direct_gini_floor|gini_interval_bound|gini_pairwise_spread|interval_tight_mccormick_G_bit|low_gini_centering_band|objective_lower_estimator_cutoff|penalty_deviation_upper_bound|penalty_final_inventory_domain|penalty_lower_bound_closure|required_station_movement|sp_product_mccormick|sp_product_objective_estimator_paper_safe|variable_s_low_gini_centering,26840a7493dbf0d8,passed,
stage3__moderate_seed3302__s0__1800s__dense_on,20219,20217,deferred_first_relaxation_attach,full-inherited-pack,1421,42,0,0,0,0,0,1421,41,0.015109600000000001,direct_gini_cap|direct_gini_floor|gini_interval_bound|gini_pairwise_spread|interval_tight_mccormick_G_bit|low_gini_centering_band|objective_lower_estimator_cutoff|penalty_deviation_upper_bound|penalty_final_inventory_domain|penalty_lower_bound_closure|required_station_movement|sp_product_mccormick|sp_product_objective_estimator_paper_safe|variable_s_low_gini_centering,4d0c30ad8567f0d1,passed,
stage3__moderate_seed3302__s0__1800s__dense_on,20221,20219,branch_bounds_only,full-inherited-pack,1421,42,0,0,0,0,0,0,41,0.015317000000000001,direct_gini_cap|direct_gini_floor|gini_interval_bound|gini_pairwise_spread|interval_tight_mccormick_G_bit|low_gini_centering_band|objective_lower_estimator_cutoff|penalty_deviation_upper_bound|penalty_final_inventory_domain|penalty_lower_bound_closure|required_station_movement|sp_product_mccormick|sp_product_objective_estimator_paper_safe|variable_s_low_gini_centering,0ef1c5f65913b53a,passed,
stage3__moderate_seed3302__s0__1800s__dense_on,20222,20219,branch_bounds_only,full-inherited-pack,1421,42,0,0,0,0,0,0,41,0.0153895,direct_gini_cap|direct_gini_floor|gini_interval_bound|gini_pairwise_spread|interval_tight_mccormick_G_bit|low_gini_centering_band|objective_lower_estimator_cutoff|penalty_deviation_upper_bound|penalty_final_inventory_domain|penalty_lower_bound_closure|required_station_movement|sp_product_mccormick|sp_product_objective_estimator_paper_safe|variable_s_low_gini_centering,dc7835a28fe2e3a7,passed,
stage3__moderate_seed3302__s0__1800s__dense_on,20221,20219,deferred_first_relaxation_attach,full-inherited-pack,1421,42,0,0,0,0,0,1421,41,0.0150563,direct_gini_cap|direct_gini_floor|gini_interval_bound|gini_pairwise_spread|interval_tight_mccormick_G_bit|low_gini_centering_band|objective_lower_estimator_cutoff|penalty_deviation_upper_bound|penalty_final_inventory_domain|penalty_lower_bound_closure|required_station_movement|sp_product_mccormick|sp_product_objective_estimator_paper_safe|variable_s_low_gini_centering,0ef1c5f65913b53a,passed,
stage3__moderate_seed3302__s0__1800s__dense_on,20223,20221,branch_bounds_only,full-inherited-pack,1421,42,0,0,0,0,0,0,41,0.0154977,direct_gini_cap|direct_gini_floor|gini_interval_bound|gini_pairwise_spread|interval_tight_mccormick_G_bit|low_gini_centering_band|objective_lower_estimator_cutoff|penalty_deviation_upper_bound|penalty_final_inventory_domain|penalty_lower_bound_closure|required_station_movement|sp_product_mccormick|sp_product_objective_estimator_paper_safe|variable_s_low_gini_centering,440305a3c2c16bc9,passed,
stage3__moderate_seed3302__s0__1800s__dense_on,20224,20221,branch_bounds_only,full-inherited-pack,1421,42,0,0,0,0,0,0,41,0.014728,direct_gini_cap|direct_gini_floor|gini_interval_bound|gini_pairwise_spread|interval_tight_mccormick_G_bit|low_gini_centering_band|objective_lower_estimator_cutoff|penalty_deviation_upper_bound|penalty_final_inventory_domain|penalty_lower_bound_closure|required_station_movement|sp_product_mccormick|sp_product_objective_estimator_paper_safe|variable_s_low_gini_centering,e56cf0bde30fcb77,passed,
stage3__moderate_seed3302__s0__1800s__dense_on,20223,20221,deferred_first_relaxation_attach,full-inherited-pack,1421,42,0,0,0,0,0,1421,41,0.0151462,direct_gini_cap|direct_gini_floor|gini_interval_bound|gini_pairwise_spread|interval_tight_mccormick_G_bit|low_gini_centering_band|objective_lower_estimator_cutoff|penalty_deviation_upper_bound|penalty_final_inventory_domain|penalty_lower_bound_closure|required_station_movement|sp_product_mccormick|sp_product_objective_estimator_paper_safe|variable_s_low_gini_centering,440305a3c2c16bc9,passed,
stage3__moderate_seed3302__s0__1800s__dense_on,20225,20223,branch_bounds_only,full-inherited-pack,1421,42,0,0,0,0,0,0,41,0.0157331,direct_gini_cap|direct_gini_floor|gini_interval_bound|gini_pairwise_spread|interval_tight_mccormick_G_bit|low_gini_centering_band|objective_lower_estimator_cutoff|penalty_deviation_upper_bound|penalty_final_inventory_domain|penalty_lower_bound_closure|required_station_movement|sp_product_mccormick|sp_product_objective_estimator_paper_safe|variable_s_low_gini_centering,085b785e11e30c24,passed,
stage3__moderate_seed3302__s0__1800s__dense_on,20226,20223,branch_bounds_only,full-inherited-pack,1421,42,0,0,0,0,0,0,41,0.0145773,direct_gini_cap|direct_gini_floor|gini_interval_bound|gini_pairwise_spread|interval_tight_mccormick_G_bit|low_gini_centering_band|objective_lower_estimator_cutoff|penalty_deviation_upper_bound|penalty_final_inventory_domain|penalty_lower_bound_closure|required_station_movement|sp_product_mccormick|sp_product_objective_estimator_paper_safe|variable_s_low_gini_centering,ccde8dc9076c4af4,passed,
stage3__moderate_seed3302__s0__1800s__dense_on,20225,20223,deferred_first_relaxation_attach,full-inherited-pack,1421,42,0,0,0,0,0,1421,41,0.014985500000000001,direct_gini_cap|direct_gini_floor|gini_interval_bound|gini_pairwise_spread|interval_tight_mccormick_G_bit|low_gini_centering_band|objective_lower_estimator_cutoff|penalty_deviation_upper_bound|penalty_final_inventory_domain|penalty_lower_bound_closure|required_station_movement|sp_product_mccormick|sp_product_objective_estimator_paper_safe|variable_s_low_gini_centering,085b785e11e30c24,passed,
stage3__moderate_seed3302__s0__1800s__dense_on,20227,20225,branch_bounds_only,full-inherited-pack,1421,42,0,0,0,0,0,0,41,0.0155718,direct_gini_cap|direct_gini_floor|gini_interval_bound|gini_pairwise_spread|interval_tight_mccormick_G_bit|low_gini_centering_band|objective_lower_estimator_cutoff|penalty_deviation_upper_bound|penalty_final_inventory_domain|penalty_lower_bound_closure|required_station_movement|sp_product_mccormick|sp_product_objective_estimator_paper_safe|variable_s_low_gini_centering,8a54cd9ca49b2782,passed,
stage3__moderate_seed3302__s0__1800s__dense_on,20228,20225,branch_bounds_only,full-inherited-pack,1421,42,0,0,0,0,0,0,41,0.014692,direct_gini_cap|direct_gini_floor|gini_interval_bound|gini_pairwise_spread|interval_tight_mccormick_G_bit|low_gini_centering_band|objective_lower_estimator_cutoff|penalty_deviation_upper_bound|penalty_final_inventory_domain|penalty_lower_bound_closure|required_station_movement|sp_product_mccormick|sp_product_objective_estimator_paper_safe|variable_s_low_gini_centering,5f96181951c52786,passed,
stage3__moderate_seed3302__s0__1800s__dense_on,20227,20225,deferred_first_relaxation_attach,full-inherited-pack,1421,42,0,0,0,0,0,1421,41,0.016486000000000001,direct_gini_cap|direct_gini_floor|gini_interval_bound|gini_pairwise_spread|interval_tight_mccormick_G_bit|low_gini_centering_band|objective_lower_estimator_cutoff|penalty_deviation_upper_bound|penalty_final_inventory_domain|penalty_lower_bound_closure|required_station_movement|sp_product_mccormick|sp_product_objective_estimator_paper_safe|variable_s_low_gini_centering,8a54cd9ca49b2782,passed,
stage3__moderate_seed3302__s0__1800s__dense_on,20229,20227,branch_bounds_only,full-inherited-pack,1421,42,0,0,0,0,0,0,41,0.0152812,direct_gini_cap|direct_gini_floor|gini_interval_bound|gini_pairwise_spread|interval_tight_mccormick_G_bit|low_gini_centering_band|objective_lower_estimator_cutoff|penalty_deviation_upper_bound|penalty_final_inventory_domain|penalty_lower_bound_closure|required_station_movement|sp_product_mccormick|sp_product_objective_estimator_paper_safe|variable_s_low_gini_centering,8ac0e1a6941cf6cd,passed,
stage3__moderate_seed3302__s0__1800s__dense_on,20230,20227,branch_bounds_only,full-inherited-pack,1421,42,0,0,0,0,0,0,41,0.0149055,direct_gini_cap|direct_gini_floor|gini_interval_bound|gini_pairwise_spread|interval_tight_mccormick_G_bit|low_gini_centering_band|objective_lower_estimator_cutoff|penalty_deviation_upper_bound|penalty_final_inventory_domain|penalty_lower_bound_closure|required_station_movement|sp_product_mccormick|sp_product_objective_estimator_paper_safe|variable_s_low_gini_centering,c7b40776d9e29385,passed,
stage3__moderate_seed3302__s0__1800s__dense_on,20229,20227,deferred_first_relaxation_attach,full-inherited-pack,1421,42,0,0,0,0,0,1421,41,0.015073,direct_gini_cap|direct_gini_floor|gini_interval_bound|gini_pairwise_spread|interval_tight_mccormick_G_bit|low_gini_centering_band|objective_lower_estimator_cutoff|penalty_deviation_upper_bound|penalty_final_inventory_domain|penalty_lower_bound_closure|required_station_movement|sp_product_mccormick|sp_product_objective_estimator_paper_safe|variable_s_low_gini_centering,8ac0e1a6941cf6cd,passed,
stage3__moderate_seed3302__s0__1800s__dense_on,10,4,deferred_first_relaxation_attach,full-inherited-pack,1421,42,0,0,0,0,0,1421,41,0.0154191,direct_gini_cap|direct_gini_floor|gini_interval_bound|gini_pairwise_spread|interval_tight_mccormick_G_bit|low_gini_centering_band|objective_lower_estimator_cutoff|penalty_deviation_upper_bound|penalty_final_inventory_domain|penalty_lower_bound_closure|required_station_movement|sp_product_mccormick|sp_product_objective_estimator_paper_safe|variable_s_low_gini_centering,846d8a4f2cb20e75,passed,
stage3__moderate_seed3302__s0__1800s__dense_on,20285,10,branch_bounds_only,full-inherited-pack,1421,42,0,0,0,0,0,0,41,0.0152091,direct_gini_cap|direct_gini_floor|gini_interval_bound|gini_pairwise_spread|interval_tight_mccormick_G_bit|low_gini_centering_band|objective_lower_estimator_cutoff|penalty_deviation_upper_bound|penalty_final_inventory_domain|penalty_lower_bound_closure|required_station_movement|sp_product_mccormick|sp_product_objective_estimator_paper_safe|variable_s_low_gini_centering,5b960943abcc6d32,passed,
stage3__moderate_seed3302__s0__1800s__dense_on,20286,10,branch_bounds_only,full-inherited-pack,1421,42,0,0,0,0,0,0,41,0.0149,direct_gini_cap|direct_gini_floor|gini_interval_bound|gini_pairwise_spread|interval_tight_mccormick_G_bit|low_gini_centering_band|objective_lower_estimator_cutoff|penalty_deviation_upper_bound|penalty_final_inventory_domain|penalty_lower_bound_closure|required_station_movement|sp_product_mccormick|sp_product_objective_estimator_paper_safe|variable_s_low_gini_centering,680d5b0fc60c2bb1,passed,
stage3__moderate_seed3302__s0__1800s__dense_on,20285,10,deferred_first_relaxation_attach,full-inherited-pack,1421,42,0,0,0,0,0,1421,41,0.014678699999999999,direct_gini_cap|direct_gini_floor|gini_interval_bound|gini_pairwise_spread|interval_tight_mccormick_G_bit|low_gini_centering_band|objective_lower_estimator_cutoff|penalty_deviation_upper_bound|penalty_final_inventory_domain|penalty_lower_bound_closure|required_station_movement|sp_product_mccormick|sp_product_objective_estimator_paper_safe|variable_s_low_gini_centering,5b960943abcc6d32,passed,
stage3__moderate_seed3302__s0__1800s__dense_on,20287,20285,branch_bounds_only,full-inherited-pack,1421,42,0,0,0,0,0,0,41,0.016549000000000001,direct_gini_cap|direct_gini_floor|gini_interval_bound|gini_pairwise_spread|interval_tight_mccormick_G_bit|low_gini_centering_band|objective_lower_estimator_cutoff|penalty_deviation_upper_bound|penalty_final_inventory_domain|penalty_lower_bound_closure|required_station_movement|sp_product_mccormick|sp_product_objective_estimator_paper_safe|variable_s_low_gini_centering,3db5eb861e2237f4,passed,
stage3__moderate_seed3302__s0__1800s__dense_on,20288,20285,branch_bounds_only,full-inherited-pack,1421,42,0,0,0,0,0,0,41,0.0149672,direct_gini_cap|direct_gini_floor|gini_interval_bound|gini_pairwise_spread|interval_tight_mccormick_G_bit|low_gini_centering_band|objective_lower_estimator_cutoff|penalty_deviation_upper_bound|penalty_final_inventory_domain|penalty_lower_bound_closure|required_station_movement|sp_product_mccormick|sp_product_objective_estimator_paper_safe|variable_s_low_gini_centering,4515d5c156010f52,passed,
stage3__moderate_seed3302__s0__1800s__dense_on,20287,20285,deferred_first_relaxation_attach,full-inherited-pack,1421,42,0,0,0,0,0,1421,41,0.015077999999999999,direct_gini_cap|direct_gini_floor|gini_interval_bound|gini_pairwise_spread|interval_tight_mccormick_G_bit|low_gini_centering_band|objective_lower_estimator_cutoff|penalty_deviation_upper_bound|penalty_final_inventory_domain|penalty_lower_bound_closure|required_station_movement|sp_product_mccormick|sp_product_objective_estimator_paper_safe|variable_s_low_gini_centering,3db5eb861e2237f4,passed,
stage3__moderate_seed3302__s0__1800s__dense_on,20289,20287,branch_bounds_only,full-inherited-pack,1421,42,0,0,0,0,0,0,41,0.0148898,direct_gini_cap|direct_gini_floor|gini_interval_bound|gini_pairwise_spread|interval_tight_mccormick_G_bit|low_gini_centering_band|objective_lower_estimator_cutoff|penalty_deviation_upper_bound|penalty_final_inventory_domain|penalty_lower_bound_closure|required_station_movement|sp_product_mccormick|sp_product_objective_estimator_paper_safe|variable_s_low_gini_centering,5d3babc24d03944e,passed,
stage3__moderate_seed3302__s0__1800s__dense_on,20290,20287,branch_bounds_only,full-inherited-pack,1421,42,0,0,0,0,0,0,41,0.0151842,direct_gini_cap|direct_gini_floor|gini_interval_bound|gini_pairwise_spread|interval_tight_mccormick_G_bit|low_gini_centering_band|objective_lower_estimator_cutoff|penalty_deviation_upper_bound|penalty_final_inventory_domain|penalty_lower_bound_closure|required_station_movement|sp_product_mccormick|sp_product_objective_estimator_paper_safe|variable_s_low_gini_centering,08c7f4d90f77485d,passed,
stage3__moderate_seed3302__s0__1800s__dense_on,20288,20285,deferred_first_relaxation_attach,full-inherited-pack,1421,42,0,0,0,0,0,1421,41,0.014918300000000001,direct_gini_cap|direct_gini_floor|gini_interval_bound|gini_pairwise_spread|interval_tight_mccormick_G_bit|low_gini_centering_band|objective_lower_estimator_cutoff|penalty_deviation_upper_bound|penalty_final_inventory_domain|penalty_lower_bound_closure|required_station_movement|sp_product_mccormick|sp_product_objective_estimator_paper_safe|variable_s_low_gini_centering,4515d5c156010f52,passed,
stage3__moderate_seed3302__s0__1800s__dense_on,20291,20288,branch_bounds_only,full-inherited-pack,1421,42,0,0,0,0,0,0,41,0.015405500000000001,direct_gini_cap|direct_gini_floor|gini_interval_bound|gini_pairwise_spread|interval_tight_mccormick_G_bit|low_gini_centering_band|objective_lower_estimator_cutoff|penalty_deviation_upper_bound|penalty_final_inventory_domain|penalty_lower_bound_closure|required_station_movement|sp_product_mccormick|sp_product_objective_estimator_paper_safe|variable_s_low_gini_centering,c8bee05c58c7058c,passed,
stage3__moderate_seed3302__s0__1800s__dense_on,20292,20288,branch_bounds_only,full-inherited-pack,1421,42,0,0,0,0,0,0,41,0.014814600000000001,direct_gini_cap|direct_gini_floor|gini_interval_bound|gini_pairwise_spread|interval_tight_mccormick_G_bit|low_gini_centering_band|objective_lower_estimator_cutoff|penalty_deviation_upper_bound|penalty_final_inventory_domain|penalty_lower_bound_closure|required_station_movement|sp_product_mccormick|sp_product_objective_estimator_paper_safe|variable_s_low_gini_centering,6cf3ae93c1f59517,passed,
stage3__moderate_seed3302__s0__1800s__dense_on,20289,20287,deferred_first_relaxation_attach,full-inherited-pack,1421,42,0,0,0,0,0,1421,41,0.015117999999999999,direct_gini_cap|direct_gini_floor|gini_interval_bound|gini_pairwise_spread|interval_tight_mccormick_G_bit|low_gini_centering_band|objective_lower_estimator_cutoff|penalty_deviation_upper_bound|penalty_final_inventory_domain|penalty_lower_bound_closure|required_station_movement|sp_product_mccormick|sp_product_objective_estimator_paper_safe|variable_s_low_gini_centering,5d3babc24d03944e,passed,
stage3__moderate_seed3302__s0__1800s__dense_on,20293,20289,branch_bounds_only,full-inherited-pack,1421,42,0,0,0,0,0,0,41,0.0149032,direct_gini_cap|direct_gini_floor|gini_interval_bound|gini_pairwise_spread|interval_tight_mccormick_G_bit|low_gini_centering_band|objective_lower_estimator_cutoff|penalty_deviation_upper_bound|penalty_final_inventory_domain|penalty_lower_bound_closure|required_station_movement|sp_product_mccormick|sp_product_objective_estimator_paper_safe|variable_s_low_gini_centering,c3d4bfaccd0f3789,passed,
stage3__moderate_seed3302__s0__1800s__dense_on,20294,20289,branch_bounds_only,full-inherited-pack,1421,42,0,0,0,0,0,0,41,0.014890199999999999,direct_gini_cap|direct_gini_floor|gini_interval_bound|gini_pairwise_spread|interval_tight_mccormick_G_bit|low_gini_centering_band|objective_lower_estimator_cutoff|penalty_deviation_upper_bound|penalty_final_inventory_domain|penalty_lower_bound_closure|required_station_movement|sp_product_mccormick|sp_product_objective_estimator_paper_safe|variable_s_low_gini_centering,089412a55169cf39,passed,
stage3__moderate_seed3302__s0__1800s__dense_on,20293,20289,deferred_first_relaxation_attach,full-inherited-pack,1421,42,0,0,0,0,0,1421,41,0.014785400000000001,direct_gini_cap|direct_gini_floor|gini_interval_bound|gini_pairwise_spread|interval_tight_mccormick_G_bit|low_gini_centering_band|objective_lower_estimator_cutoff|penalty_deviation_upper_bound|penalty_final_inventory_domain|penalty_lower_bound_closure|required_station_movement|sp_product_mccormick|sp_product_objective_estimator_paper_safe|variable_s_low_gini_centering,c3d4bfaccd0f3789,passed,
stage3__moderate_seed3302__s0__1800s__dense_on,20295,20293,branch_bounds_only,full-inherited-pack,1421,42,0,0,0,0,0,0,41,0.015018999999999999,direct_gini_cap|direct_gini_floor|gini_interval_bound|gini_pairwise_spread|interval_tight_mccormick_G_bit|low_gini_centering_band|objective_lower_estimator_cutoff|penalty_deviation_upper_bound|penalty_final_inventory_domain|penalty_lower_bound_closure|required_station_movement|sp_product_mccormick|sp_product_objective_estimator_paper_safe|variable_s_low_gini_centering,5cba2ed00a15555f,passed,
stage3__moderate_seed3302__s0__1800s__dense_on,20296,20293,branch_bounds_only,full-inherited-pack,1421,42,0,0,0,0,0,0,41,0.014987500000000001,direct_gini_cap|direct_gini_floor|gini_interval_bound|gini_pairwise_spread|interval_tight_mccormick_G_bit|low_gini_centering_band|objective_lower_estimator_cutoff|penalty_deviation_upper_bound|penalty_final_inventory_domain|penalty_lower_bound_closure|required_station_movement|sp_product_mccormick|sp_product_objective_estimator_paper_safe|variable_s_low_gini_centering,03a714763cf693ed,passed,
stage3__moderate_seed3302__s0__1800s__dense_on,20295,20293,deferred_first_relaxation_attach,full-inherited-pack,1421,42,0,0,0,0,0,1421,41,0.015627700000000001,direct_gini_cap|direct_gini_floor|gini_interval_bound|gini_pairwise_spread|interval_tight_mccormick_G_bit|low_gini_centering_band|objective_lower_estimator_cutoff|penalty_deviation_upper_bound|penalty_final_inventory_domain|penalty_lower_bound_closure|required_station_movement|sp_product_mccormick|sp_product_objective_estimator_paper_safe|variable_s_low_gini_centering,5cba2ed00a15555f,passed,
stage3__moderate_seed3302__s0__1800s__dense_on,20297,20295,branch_bounds_only,full-inherited-pack,1421,42,0,0,0,0,0,0,41,0.015018999999999999,direct_gini_cap|direct_gini_floor|gini_interval_bound|gini_pairwise_spread|interval_tight_mccormick_G_bit|low_gini_centering_band|objective_lower_estimator_cutoff|penalty_deviation_upper_bound|penalty_final_inventory_domain|penalty_lower_bound_closure|required_station_movement|sp_product_mccormick|sp_product_objective_estimator_paper_safe|variable_s_low_gini_centering,8dcc2ce4ffc2e226,passed,
stage3__moderate_seed3302__s0__1800s__dense_on,20298,20295,branch_bounds_only,full-inherited-pack,1421,42,0,0,0,0,0,0,41,0.014656799999999999,direct_gini_cap|direct_gini_floor|gini_interval_bound|gini_pairwise_spread|interval_tight_mccormick_G_bit|low_gini_centering_band|objective_lower_estimator_cutoff|penalty_deviation_upper_bound|penalty_final_inventory_domain|penalty_lower_bound_closure|required_station_movement|sp_product_mccormick|sp_product_objective_estimator_paper_safe|variable_s_low_gini_centering,944e4eab384483ae,passed,
stage3__moderate_seed3302__s0__1800s__dense_on,20296,20293,deferred_first_relaxation_attach,full-inherited-pack,1421,42,0,0,0,0,0,1421,41,0.015850599999999999,direct_gini_cap|direct_gini_floor|gini_interval_bound|gini_pairwise_spread|interval_tight_mccormick_G_bit|low_gini_centering_band|objective_lower_estimator_cutoff|penalty_deviation_upper_bound|penalty_final_inventory_domain|penalty_lower_bound_closure|required_station_movement|sp_product_mccormick|sp_product_objective_estimator_paper_safe|variable_s_low_gini_centering,03a714763cf693ed,passed,
stage3__moderate_seed3302__s0__1800s__dense_on,20299,20296,branch_bounds_only,full-inherited-pack,1421,42,0,0,0,0,0,0,41,0.016264799999999999,direct_gini_cap|direct_gini_floor|gini_interval_bound|gini_pairwise_spread|interval_tight_mccormick_G_bit|low_gini_centering_band|objective_lower_estimator_cutoff|penalty_deviation_upper_bound|penalty_final_inventory_domain|penalty_lower_bound_closure|required_station_movement|sp_product_mccormick|sp_product_objective_estimator_paper_safe|variable_s_low_gini_centering,2c0b8b38f144ab8e,passed,
stage3__moderate_seed3302__s0__1800s__dense_on,20300,20296,branch_bounds_only,full-inherited-pack,1421,42,0,0,0,0,0,0,41,0.0147516,direct_gini_cap|direct_gini_floor|gini_interval_bound|gini_pairwise_spread|interval_tight_mccormick_G_bit|low_gini_centering_band|objective_lower_estimator_cutoff|penalty_deviation_upper_bound|penalty_final_inventory_domain|penalty_lower_bound_closure|required_station_movement|sp_product_mccormick|sp_product_objective_estimator_paper_safe|variable_s_low_gini_centering,4b97ea7babedb5f4,passed,
stage3__moderate_seed3302__s0__1800s__dense_on,20299,20296,deferred_first_relaxation_attach,full-inherited-pack,1421,42,0,0,0,0,0,1421,41,0.014889599999999999,direct_gini_cap|direct_gini_floor|gini_interval_bound|gini_pairwise_spread|interval_tight_mccormick_G_bit|low_gini_centering_band|objective_lower_estimator_cutoff|penalty_deviation_upper_bound|penalty_final_inventory_domain|penalty_lower_bound_closure|required_station_movement|sp_product_mccormick|sp_product_objective_estimator_paper_safe|variable_s_low_gini_centering,2c0b8b38f144ab8e,passed,
stage3__moderate_seed3302__s0__1800s__dense_on,20301,20299,branch_bounds_only,full-inherited-pack,1421,42,0,0,0,0,0,0,41,0.015021700000000001,direct_gini_cap|direct_gini_floor|gini_interval_bound|gini_pairwise_spread|interval_tight_mccormick_G_bit|low_gini_centering_band|objective_lower_estimator_cutoff|penalty_deviation_upper_bound|penalty_final_inventory_domain|penalty_lower_bound_closure|required_station_movement|sp_product_mccormick|sp_product_objective_estimator_paper_safe|variable_s_low_gini_centering,26ee4afb17d20588,passed,
stage3__moderate_seed3302__s0__1800s__dense_on,20302,20299,branch_bounds_only,full-inherited-pack,1421,42,0,0,0,0,0,0,41,0.0146695,direct_gini_cap|direct_gini_floor|gini_interval_bound|gini_pairwise_spread|interval_tight_mccormick_G_bit|low_gini_centering_band|objective_lower_estimator_cutoff|penalty_deviation_upper_bound|penalty_final_inventory_domain|penalty_lower_bound_closure|required_station_movement|sp_product_mccormick|sp_product_objective_estimator_paper_safe|variable_s_low_gini_centering,351a052e1dc70aac,passed,
stage3__moderate_seed3302__s0__1800s__dense_on,20301,20299,deferred_first_relaxation_attach,full-inherited-pack,1421,42,0,0,0,0,0,1421,41,0.0157681,direct_gini_cap|direct_gini_floor|gini_interval_bound|gini_pairwise_spread|interval_tight_mccormick_G_bit|low_gini_centering_band|objective_lower_estimator_cutoff|penalty_deviation_upper_bound|penalty_final_inventory_domain|penalty_lower_bound_closure|required_station_movement|sp_product_mccormick|sp_product_objective_estimator_paper_safe|variable_s_low_gini_centering,26ee4afb17d20588,passed,
stage3__moderate_seed3302__s0__1800s__dense_on,20302,20299,deferred_first_relaxation_attach,full-inherited-pack,1421,42,0,0,0,0,0,1421,41,0.0150099,direct_gini_cap|direct_gini_floor|gini_interval_bound|gini_pairwise_spread|interval_tight_mccormick_G_bit|low_gini_centering_band|objective_lower_estimator_cutoff|penalty_deviation_upper_bound|penalty_final_inventory_domain|penalty_lower_bound_closure|required_station_movement|sp_product_mccormick|sp_product_objective_estimator_paper_safe|variable_s_low_gini_centering,351a052e1dc70aac,passed,
