50 2 [30, 30]
capacities = [100000, 44, 27, 29, 25, 26, 29, 38, 35, 30, 42, 43, 50, 39, 20, 43, 37, 38, 49, 44, 28, 24, 33, 21, 41, 26, 38, 42, 27, 31, 22, 42, 26, 38, 20, 30, 20, 22, 23, 41, 39, 39, 35, 48, 35, 42, 35, 44, 28, 45, 42]
initial     = [50000, 40, 22, 7, 4, 6, 6, 9, 3, 4, 4, 5, 1, 34, 19, 3, 35, 2, 11, 41, 21, 18, 30, 1, 1, 0, 30, 38, 4, 4, 2, 39, 18, 32, 12, 25, 12, 1, 2, 34, 4, 33, 29, 2, 0, 6, 0, 37, 7, 5, 3]
target      = [0, 7, 2, 20, 20, 19, 19, 31, 26, 22, 42, 35, 40, 8, 3, 33, 8, 35, 37, 5, 5, 7, 6, 21, 31, 20, 3, 3, 20, 27, 16, 9, 4, 10, 5, 3, 1, 16, 19, 7, 27, 8, 9, 33, 33, 40, 27, 11, 18, 37, 34]
weights    = [0.000000, 0.433878, 0.864286, 0.102929, 0.115143, 0.105714, 0.105714, 0.107788, 0.122033, 0.116623, 0.123673, 0.119796, 0.129393, 0.314643, 0.484286, 0.124026, 0.324821, 0.126776, 0.107220, 0.636286, 0.310571, 0.177959, 0.375714, 0.127551, 0.128802, 0.131429, 0.782857, 1.000000, 0.115143, 0.119365, 0.121250, 0.321429, 0.335000, 0.229143, 0.164000, 0.647143, 0.945714, 0.126339, 0.122857, 0.364082, 0.119365, 0.304464, 0.230952, 0.126494, 0.131429, 0.119214, 0.131429, 0.242468, 0.099762, 0.120425, 0.124244]
min_ratio  = [0.0000, 0.7000, 0.7000, 0.2450, 0.1400, 0.2211, 0.2211, 0.2032, 0.0808, 0.1273, 0.0667, 0.1000, 0.0175, 0.7000, 0.7000, 0.0636, 0.7000, 0.0400, 0.2081, 0.7000, 0.7000, 0.7000, 0.7000, 0.0333, 0.0226, 0.0000, 0.7000, 0.7000, 0.1400, 0.1037, 0.0875, 0.7000, 0.7000, 0.7000, 0.7000, 0.7000, 0.7000, 0.0437, 0.0737, 0.7000, 0.1037, 0.7000, 0.7000, 0.0424, 0.0000, 0.1050, 0.0000, 0.7000, 0.2722, 0.0946, 0.0618]
points = [(584400.000, 4511800.000), (584131.137, 4511468.066), (584666.159, 4511837.964), (584368.517, 4512275.146), (584037.698, 4511557.499), (584661.413, 4511754.567), (584354.404, 4512186.971), (584081.345, 4511429.265), (584744.317, 4511714.213), (584386.452, 4512274.814), (584200.192, 4511470.896), (584640.985, 4511788.734), (584242.881, 4512297.061), (584134.815, 4511428.052), (584682.851, 4511796.748), (584313.296, 4512233.358), (584189.181, 4511517.898), (584747.266, 4511836.508), (584318.557, 4512275.271), (584178.058, 4511471.837), (584718.413, 4511701.169), (584301.205, 4512258.748), (584040.508, 4511446.796), (584685.983, 4511695.109), (584237.491, 4512148.790), (584199.641, 4511442.782), (584685.587, 4511756.847), (584352.803, 4512246.658), (584187.344, 4511531.565), (584630.267, 4511705.069), (584395.839, 4512211.252), (584134.002, 4511547.573), (584667.604, 4511759.915), (584329.979, 4512194.867), (584060.014, 4511417.307), (584724.975, 4511739.466), (584308.080, 4512258.753), (584177.969, 4511466.017), (584712.346, 4511816.236), (584317.075, 4512232.307), (584186.641, 4511565.302), (584619.839, 4511677.472), (584268.106, 4512290.482), (584170.805, 4511584.921), (584678.391, 4511726.519), (584294.777, 4512304.534), (584137.520, 4511548.268), (584744.715, 4511729.113), (584235.168, 4512303.878), (584096.480, 4511421.706), (584745.648, 4511805.108)]
distances = [
{0.0000, 427.1620, 268.8528, 476.1875, 435.9696, 265.3313, 389.6481, 488.8616, 354.8429, 475.0074, 385.0099, 241.2484, 521.3024, 456.8024, 282.8694, 441.9462, 352.1738, 349.1799, 482.1984, 396.1679, 333.3978, 469.2654, 503.9718, 304.6115, 384.7900, 409.5712, 288.8285, 449.1445, 342.4615, 249.0677, 411.2733, 366.7067, 270.5896, 401.0268, 511.9030, 330.5653, 467.8714, 401.0518, 312.7674, 440.1881, 317.1831, 251.6790, 507.9059, 314.3079, 287.9254, 515.3893, 363.6822, 351.9276, 530.1533, 485.0061, 345.6856}
{427.1620, 0.0000, 650.4405, 841.2649, 129.3407, 602.7231, 752.7765, 63.1253, 660.7401, 846.1845, 69.1128, 602.3065, 836.4924, 40.1824, 642.1992, 786.6722, 76.5002, 717.8891, 828.6769, 47.0725, 631.8461, 808.7651, 93.0916, 599.5014, 688.9815, 73.0211, 625.1470, 809.5313, 84.8018, 552.5407, 788.9188, 79.5590, 610.7147, 753.5099, 87.3786, 652.9180, 810.2437, 46.8770, 677.5142, 786.5344, 111.9622, 531.6768, 833.7433, 123.4041, 605.2148, 852.3239, 80.4556, 666.8006, 842.2612, 57.8825, 700.8713}
{268.8528, 650.4405, 0.0000, 528.8840, 688.2033, 83.5319, 467.9711, 713.4722, 146.3663, 518.7232, 593.1814, 55.2930, 624.4471, 671.0846, 44.4677, 529.9509, 574.4132, 81.1204, 558.6271, 610.1567, 146.4355, 557.0009, 737.8696, 144.2242, 529.4983, 611.3984, 83.4112, 514.9973, 568.4577, 137.6563, 460.8868, 606.2320, 78.0627, 490.3019, 737.8106, 114.7227, 552.5246, 613.7378, 51.0427, 526.6551, 551.6175, 167.0431, 602.6760, 556.2432, 112.1144, 596.3317, 602.8126, 134.2368, 634.6877, 705.5531, 86.0120}
{476.1875, 841.2649, 528.8840, 0.0000, 790.2267, 597.3188, 89.2968, 893.2986, 675.1824, 17.9383, 821.6755, 557.5259, 127.5331, 878.7399, 572.4245, 69.2499, 778.1939, 579.5287, 49.9605, 825.5780, 672.2172, 69.2802, 890.9282, 661.2315, 182.0265, 849.3224, 607.5908, 32.5342, 765.3337, 627.2958, 69.4901, 764.4333, 595.7481, 89.0499, 911.6258, 643.4403, 62.6202, 831.2630, 573.4253, 66.9438, 732.7734, 648.3648, 101.5756, 717.9835, 630.0897, 79.3803, 762.6995, 663.0807, 136.4089, 895.7474, 602.6305}
{435.9696, 129.3407, 688.2033, 790.2267, 0.0000, 654.1069, 704.6546, 135.4586, 723.7881, 797.6032, 184.1310, 646.0844, 767.4976, 161.8269, 688.0858, 729.8902, 156.5733, 762.4521, 770.7647, 164.4350, 695.7107, 749.1238, 110.7384, 662.7286, 624.1331, 198.4576, 677.8638, 757.7807, 151.8763, 610.6676, 745.4252, 96.8144, 661.6296, 701.1890, 141.9569, 710.9586, 751.5746, 167.4663, 722.5608, 730.3540, 149.1474, 594.3748, 768.3435, 135.9020, 662.6125, 790.0321, 100.2475, 727.5464, 772.0599, 147.9693, 750.0020}
{265.3313, 602.7231, 83.5319, 597.3188, 654.1069, 0.0000, 530.3089, 665.0566, 92.2040, 588.4388, 541.4738, 39.8077, 685.1777, 619.6109, 47.3162, 591.9673, 528.2191, 118.6810, 623.4440, 559.9713, 78.1047, 619.6350, 692.9976, 64.3349, 578.8962, 557.1743, 24.2812, 580.8554, 523.8999, 58.4816, 528.2901, 566.5757, 8.1811, 551.1003, 689.5108, 65.3321, 615.6680, 563.0089, 79.9823, 588.9002, 511.1059, 87.5905, 664.7516, 519.1107, 32.7867, 660.9726, 563.0480, 87.1040, 695.2888, 655.7026, 98.2339}
{389.6481, 752.7765, 467.9711, 89.2968, 704.6546, 530.3089, 0.0000, 805.4069, 612.8071, 93.5066, 732.4921, 490.6338, 156.7073, 790.0489, 510.0502, 61.9802, 689.1718, 526.4645, 95.2987, 736.5558, 607.0469, 89.3421, 803.9838, 593.1887, 122.9897, 760.1113, 542.8524, 59.7082, 676.3624, 555.2745, 48.0256, 676.3181, 529.5955, 25.6691, 824.0441, 581.0199, 85.4314, 742.2294, 515.3320, 58.7262, 643.9075, 574.4958, 134.7658, 629.4228, 563.0131, 131.8193, 674.5222, 601.6446, 166.9860, 807.5615, 546.7098}
{488.8616, 63.1253, 713.4722, 893.2986, 135.4586, 665.0566, 805.4069, 0.0000, 721.6141, 898.9129, 125.9276, 665.1432, 882.7030, 53.4832, 704.8782, 836.8794, 139.5865, 780.5757, 878.6328, 105.6686, 692.6667, 858.1265, 44.4411, 660.4996, 736.2728, 119.0657, 687.3268, 861.2905, 147.3131, 614.3155, 842.8590, 129.4982, 673.0744, 804.9629, 24.4543, 714.4823, 859.9187, 103.3777, 740.2084, 836.9259, 172.0275, 592.9438, 881.2346, 179.5325, 666.9515, 900.9157, 131.5958, 727.9893, 888.0372, 16.9171, 763.2537}
{354.8429, 660.7401, 146.3663, 675.1824, 723.7881, 92.2040, 612.8071, 721.6141, 0.0000, 665.0872, 596.0493, 127.4003, 768.8629, 673.3356, 102.9086, 674.7519, 588.8256, 122.3312, 704.3137, 615.9502, 29.0028, 702.0444, 752.9001, 61.3828, 667.6296, 608.5610, 72.5735, 660.8938, 586.1560, 114.4158, 607.0295, 632.6549, 89.2946, 634.5893, 745.9381, 31.8089, 697.7294, 618.3452, 106.9150, 671.5332, 577.2144, 129.7869, 747.5713, 587.9051, 67.0644, 742.0005, 629.0788, 14.9058, 779.0617, 710.8116, 90.9046}
{475.0074, 846.1845, 518.7232, 17.9383, 797.6032, 588.4388, 93.5066, 898.9129, 665.0872, 0.0000, 825.2133, 548.6902, 145.2846, 883.3612, 562.4937, 84.0857, 782.2009, 567.7135, 67.8970, 829.5783, 662.7717, 86.7476, 897.3803, 652.5157, 195.1195, 852.7463, 598.1399, 43.8751, 769.4564, 619.7216, 64.2513, 769.8116, 586.6581, 97.8816, 917.5406, 633.4002, 80.0005, 835.2356, 562.5841, 81.3640, 737.1106, 641.3170, 119.3790, 722.8115, 621.1729, 96.3721, 768.0081, 652.7951, 154.0503, 901.0424, 591.3085}
{385.0099, 69.1128, 593.1814, 821.6755, 184.1310, 541.4738, 732.4921, 125.9276, 596.0493, 825.2133, 0.0000, 543.4332, 827.2672, 78.1652, 582.3565, 770.8049, 48.2743, 657.9989, 813.0367, 22.1537, 567.0787, 794.3010, 161.4923, 535.0363, 678.9188, 28.1197, 563.3613, 790.6304, 62.0145, 489.6954, 765.7709, 101.2940, 549.5506, 735.5120, 150.0724, 589.5146, 795.2098, 22.7521, 617.7061, 770.3295, 95.3734, 467.7361, 822.3945, 117.7508, 542.2339, 838.9862, 99.5702, 602.6450, 833.7158, 114.7863, 639.7027}
{241.2484, 602.3065, 55.2930, 557.5259, 646.0844, 39.8077, 490.6338, 665.1432, 127.4003, 548.6902, 543.4332, 0.0000, 645.6651, 621.5305, 42.6256, 552.3316, 526.7633, 116.5248, 583.6763, 561.0036, 116.8872, 579.9684, 691.0098, 103.8771, 540.7841, 560.7742, 54.8277, 541.0573, 521.4655, 84.3485, 488.4856, 561.4178, 39.2315, 511.5352, 689.5549, 97.3741, 575.9718, 564.3849, 76.4765, 549.2490, 506.3105, 113.2541, 625.1318, 512.4543, 72.5941, 621.2160, 557.9438, 119.6429, 655.7900, 656.6551, 105.9357}
{521.3024, 836.4924, 624.4471, 127.5331, 767.4976, 685.1777, 156.7073, 882.7030, 768.8629, 145.2846, 827.2672, 645.6651, 0.0000, 875.7024, 666.2480, 94.9550, 781.0116, 683.0177, 78.7504, 827.7661, 762.3763, 69.7827, 874.0170, 747.4527, 148.3695, 855.3729, 698.4408, 120.9272, 767.5080, 707.4759, 175.3836, 757.3548, 684.7743, 134.2753, 898.5589, 737.1075, 75.6206, 833.5757, 672.0046, 98.4778, 733.9172, 725.2506, 26.0687, 715.7784, 717.7655, 52.4312, 756.1692, 757.8929, 10.2934, 887.5133, 703.4151}
{456.8024, 40.1824, 671.0846, 878.7399, 161.8269, 619.6109, 790.0489, 53.4832, 673.3356, 883.3612, 78.1652, 621.5305, 875.7024, 0.0000, 660.5152, 824.8469, 105.0138, 736.1612, 866.9141, 61.5396, 644.3442, 847.1960, 96.1511, 612.4585, 728.0141, 66.4788, 641.4483, 847.1328, 116.0786, 567.6368, 825.5519, 119.5239, 627.6921, 791.2606, 75.5686, 667.2843, 848.5781, 57.4771, 695.8653, 824.6476, 146.7088, 545.3977, 872.6689, 160.9442, 620.1274, 890.9587, 120.2462, 680.1587, 881.5562, 38.8566, 717.8357}
{282.8694, 642.1992, 44.4677, 572.4245, 688.0858, 47.3162, 510.0502, 704.8782, 102.9086, 562.4937, 582.3565, 42.6256, 666.2480, 660.5152, 0.0000, 572.0125, 566.9811, 75.6982, 601.4099, 600.3188, 101.9805, 599.2470, 731.4853, 101.6876, 567.6956, 598.9857, 39.9949, 557.9875, 562.0045, 105.6885, 504.1717, 602.7624, 39.8642, 531.9929, 729.3158, 71.1039, 594.8960, 603.5633, 35.3513, 568.7733, 547.5319, 134.8977, 644.8148, 554.1316, 70.3706, 639.0987, 599.2730, 91.6604, 676.4614, 696.0514, 63.3511}
{441.9462, 786.6722, 529.9509, 69.2499, 729.8902, 591.9673, 61.9802, 836.8794, 674.7519, 84.0857, 770.8049, 552.3316, 94.9550, 824.8469, 572.0125, 0.0000, 726.1456, 588.0639, 42.2418, 773.4358, 668.8377, 28.1222, 832.5220, 654.6807, 113.5703, 798.7038, 604.7003, 41.6856, 713.0055, 616.0836, 85.4516, 708.8344, 591.3392, 41.9510, 854.4537, 642.9688, 25.9255, 779.1827, 577.2618, 3.9220, 679.9559, 634.8052, 72.8378, 663.9082, 624.6436, 73.5458, 707.2801, 663.6145, 105.2478, 840.1118, 608.5442}
{352.1738, 76.5002, 574.4132, 778.1939, 156.5733, 528.2191, 689.1718, 139.5865, 588.8256, 782.2009, 48.2743, 526.7633, 781.0116, 105.0138, 566.9811, 726.1456, 0.0000, 642.6290, 768.3435, 47.3846, 560.0667, 749.2719, 164.8001, 527.4616, 632.7387, 75.8408, 550.9224, 746.9026, 13.7902, 479.1557, 723.4971, 62.6522, 536.1539, 691.4556, 163.7152, 579.8003, 750.3357, 53.0788, 602.2516, 725.7663, 47.4721, 459.2714, 776.6048, 69.4965, 531.8361, 793.6917, 59.9267, 594.3314, 787.3243, 133.5902, 626.2149}
{349.1799, 717.8891, 81.1204, 579.5287, 762.4521, 118.6810, 526.4645, 780.5757, 122.3312, 567.7135, 657.9989, 116.5248, 683.0177, 736.1612, 75.6982, 588.0639, 642.6290, 0.0000, 613.4364, 676.0050, 138.3808, 614.2121, 807.0829, 154.1088, 597.8212, 674.4731, 100.7487, 569.0550, 637.5761, 175.9689, 513.7449, 677.9202, 110.5107, 550.0444, 805.0129, 99.5697, 609.2411, 679.2371, 40.3785, 584.5689, 622.7786, 203.7901, 660.0655, 628.9705, 129.7745, 650.9946, 674.4428, 107.4254, 693.3098, 771.7409, 31.4425}
{482.1984, 828.6769, 558.6271, 49.9605, 770.7647, 623.4440, 95.2987, 878.6328, 704.3137, 67.8970, 813.0367, 583.6763, 78.7504, 866.9141, 601.4099, 42.2418, 768.3435, 613.4364, 0.0000, 815.6257, 699.6266, 23.9598, 873.8887, 686.7238, 150.2302, 840.9391, 635.1961, 44.6265, 755.1919, 649.8407, 100.3542, 750.7353, 622.4353, 81.2115, 896.0728, 672.5050, 19.5597, 821.3750, 604.7999, 42.9897, 722.1200, 669.4286, 52.6941, 705.9840, 656.2082, 37.7066, 749.2043, 692.7471, 88.1589, 881.9812, 635.1852}
{396.1679, 47.0725, 610.1567, 825.5780, 164.4350, 559.9713, 736.5558, 105.6686, 615.9502, 829.5783, 22.1537, 561.0036, 827.7661, 61.5396, 600.3188, 773.4358, 47.3846, 676.0050, 815.6257, 0.0000, 587.0059, 796.4884, 139.8110, 554.8309, 679.5564, 36.1943, 582.0788, 794.2814, 60.4455, 508.8123, 770.8199, 87.6180, 568.0175, 738.8177, 130.0309, 608.8872, 797.5855, 5.8212, 635.6677, 773.0714, 93.8581, 487.2943, 823.5821, 113.3162, 561.4231, 840.8369, 86.5163, 622.3266, 833.9985, 95.7506, 658.2000}
{333.3978, 631.8461, 146.4355, 672.2172, 695.7107, 78.1047, 607.0469, 692.6667, 29.0028, 662.7717, 567.0787, 116.8872, 762.3763, 644.3442, 101.9805, 668.8377, 560.0667, 138.3808, 699.6266, 587.0059, 0.0000, 696.3878, 724.0582, 32.9914, 657.0004, 579.5584, 64.6341, 656.6796, 557.4939, 88.2319, 603.5216, 604.2573, 77.6696, 628.1859, 716.9845, 38.8551, 692.2950, 589.3858, 115.2264, 665.7169, 548.8539, 101.3821, 741.6640, 559.8106, 47.3745, 737.2353, 600.6789, 38.3754, 772.5173, 681.8358, 107.4476}
{469.2654, 808.7651, 557.0009, 69.2802, 749.1238, 619.6350, 89.3421, 858.1265, 702.0444, 86.7476, 794.3010, 579.9684, 69.7827, 847.1960, 599.2470, 28.1222, 749.2719, 614.2121, 23.9598, 796.4884, 696.3878, 0.0000, 852.7772, 682.4533, 127.0840, 822.2627, 632.1816, 52.9954, 736.0429, 644.0819, 105.8840, 730.5654, 618.9365, 70.0626, 875.3265, 670.2499, 6.8752, 802.2531, 604.0310, 30.8381, 702.8458, 662.8797, 45.8543, 686.3287, 652.3317, 46.2348, 729.0915, 690.8063, 79.9850, 861.7144, 635.0738}
{503.9718, 93.0916, 737.8696, 890.9282, 110.7384, 692.9976, 803.9838, 44.4411, 752.9001, 897.3803, 161.4923, 691.0098, 874.0170, 96.1511, 731.4853, 832.5220, 164.8001, 807.0829, 873.8887, 139.8110, 724.0582, 852.7772, 0.0000, 691.5899, 729.1072, 159.1836, 715.7221, 858.6660, 169.5482, 643.8329, 843.0028, 137.4675, 700.9229, 802.1242, 35.3565, 744.4134, 854.9090, 138.7985, 766.7148, 832.7762, 188.1451, 623.5668, 873.8457, 189.8835, 696.5198, 894.6321, 140.3848, 758.6896, 878.9097, 61.3378, 790.9548}
{304.6115, 599.5014, 144.2242, 661.2315, 662.7286, 64.3349, 593.1887, 660.4996, 61.3828, 652.5157, 535.0363, 103.8771, 747.4527, 612.4585, 101.6876, 654.6807, 527.4616, 154.1088, 686.7238, 554.8309, 32.9914, 682.4533, 691.5899, 0.0000, 637.9426, 547.9024, 61.7395, 644.3716, 524.7733, 56.5989, 592.1040, 571.3569, 67.3616, 613.5928, 684.8437, 59.0593, 678.6051, 557.2798, 123.9626, 651.6704, 515.9376, 68.4547, 727.3856, 526.8297, 32.3146, 724.1825, 567.7795, 67.8657, 757.5178, 649.8174, 125.1387}
{384.7900, 688.9815, 529.4983, 182.0265, 624.1331, 578.8962, 122.9897, 736.2728, 667.6296, 195.1195, 678.9188, 540.7841, 148.3695, 728.0141, 567.6956, 113.5703, 632.7387, 597.8212, 150.2302, 679.5564, 657.0004, 127.0840, 729.1072, 637.9426, 0.0000, 707.0216, 595.3223, 151.2452, 619.2582, 592.5880, 170.2226, 610.0579, 579.8454, 103.3304, 752.7052, 636.5429, 130.6708, 685.3625, 579.7232, 115.3632, 585.6991, 606.9023, 144.9618, 567.7983, 610.4959, 165.9455, 608.7858, 658.3342, 155.1058, 740.6312, 613.4661}
{409.5712, 73.0211, 611.3984, 849.3224, 198.4576, 557.1743, 760.1113, 119.0657, 608.5610, 852.7463, 28.1197, 560.7742, 855.3729, 66.4788, 598.9857, 798.7038, 75.8408, 674.4731, 840.9391, 36.1943, 579.5584, 822.2627, 159.1836, 547.9024, 707.0216, 0.0000, 578.6019, 818.3369, 89.6308, 504.2157, 793.1207, 123.6516, 565.2988, 763.2951, 141.9321, 603.3223, 823.1453, 31.7729, 634.2979, 798.2105, 123.2078, 481.2958, 850.4602, 145.0346, 556.5146, 866.9873, 122.4190, 615.7036, 861.8287, 105.2922, 655.2889}
{288.8285, 625.1470, 83.4112, 607.5908, 677.8638, 24.2812, 542.8524, 687.3268, 72.5735, 598.1399, 563.3613, 54.8277, 698.4408, 641.4483, 39.9949, 604.7003, 550.9224, 100.7487, 635.1961, 582.0788, 64.6341, 632.1816, 715.7221, 61.7395, 595.3223, 578.6019, 0.0000, 592.1650, 546.8069, 75.7707, 538.9227, 589.9496, 18.2424, 564.1965, 711.7787, 43.0532, 628.0292, 585.0280, 65.1387, 601.5503, 534.4493, 103.0690, 677.5369, 542.7329, 31.1698, 672.8245, 586.4149, 65.3090, 708.6039, 677.7658, 77.0483}
{449.1445, 809.5313, 514.9973, 32.5342, 757.7807, 580.8554, 59.7082, 861.2905, 660.8938, 43.8751, 790.6304, 541.0573, 120.9272, 847.1328, 557.9875, 41.6856, 746.9026, 569.0550, 44.6265, 794.2814, 656.6796, 52.9954, 858.6660, 644.3716, 151.2452, 818.3369, 592.1650, 0.0000, 733.9853, 608.5263, 55.7284, 732.5249, 579.6708, 56.5975, 879.5162, 629.0913, 46.3295, 799.9798, 560.8333, 38.5030, 701.3242, 628.7138, 95.3635, 686.3084, 613.6382, 81.9552, 730.8181, 649.1894, 130.8133, 863.8560, 591.0106}
{342.4615, 84.8018, 568.4577, 765.3337, 151.8763, 523.8999, 676.3624, 147.3131, 586.1560, 769.4564, 62.0145, 521.4655, 767.5080, 116.0786, 562.0045, 713.0055, 13.7902, 637.5761, 755.1919, 60.4455, 557.4939, 736.0429, 169.5482, 524.7733, 619.2582, 89.6308, 546.8069, 733.9853, 0.0000, 475.6937, 710.9464, 55.6919, 531.7832, 678.4642, 171.0787, 576.4290, 737.1429, 66.2155, 597.2137, 712.6491, 33.7441, 456.4435, 763.2017, 55.8604, 528.3317, 780.3987, 52.5494, 591.3436, 773.7921, 142.5669, 621.7144}
{249.0677, 552.5407, 137.6563, 627.2958, 610.6676, 58.4816, 555.2745, 614.3155, 114.4158, 619.7216, 489.6954, 84.3485, 707.4759, 567.6368, 105.6885, 616.0836, 479.1557, 175.9689, 649.8407, 508.8123, 88.2319, 644.0819, 643.8329, 56.5989, 592.5880, 504.2157, 75.7707, 608.5263, 475.6937, 0.0000, 557.8329, 520.6567, 66.3482, 574.5207, 638.7456, 100.7612, 640.6012, 511.5852, 138.1842, 613.2442, 465.1222, 29.5021, 688.3810, 474.9117, 52.6880, 686.9578, 517.0942, 116.9460, 717.4083, 604.3373, 152.7102}
{411.2733, 788.9188, 460.8868, 69.4901, 745.4252, 528.2901, 48.0256, 842.8590, 607.0295, 64.2513, 765.7709, 488.4856, 175.3836, 825.5519, 504.1717, 85.4516, 723.4971, 513.7449, 100.3542, 770.8199, 603.5216, 105.8840, 843.0028, 592.1040, 170.2226, 793.1207, 538.9227, 55.7284, 710.9464, 557.8329, 0.0000, 713.4620, 526.8411, 67.8677, 862.0487, 575.2504, 99.7895, 776.4299, 506.1763, 81.5298, 678.9813, 578.8761, 150.3102, 665.5309, 561.0720, 137.5318, 711.5313, 595.1235, 185.4580, 844.3929, 536.0220}
{366.7067, 79.5590, 606.2320, 764.4333, 96.8144, 566.5757, 676.3181, 129.4982, 632.6549, 769.8116, 101.2940, 561.4178, 757.3548, 119.5239, 602.7624, 708.8344, 62.6522, 677.9202, 750.7353, 87.6180, 604.2573, 730.5654, 137.4675, 571.3569, 610.0579, 123.6516, 589.9496, 732.5249, 55.6919, 520.6567, 713.4620, 0.0000, 574.2992, 676.3100, 149.8123, 621.3468, 732.1746, 92.6531, 637.6992, 708.7841, 55.5441, 502.9022, 754.9148, 52.4332, 573.0450, 773.8457, 3.5853, 637.1232, 763.0406, 131.3414, 663.6520}
{270.5896, 610.7147, 78.0627, 595.7481, 661.6296, 8.1811, 529.5955, 673.0744, 89.2946, 586.6581, 549.5506, 39.2315, 684.7743, 627.6921, 39.8642, 591.3392, 536.1539, 110.5107, 622.4353, 568.0175, 77.6696, 618.9365, 700.9229, 67.3616, 579.8454, 565.2988, 18.2424, 579.6708, 531.7832, 66.3482, 526.8411, 574.2992, 0.0000, 550.6119, 697.5286, 60.9068, 614.8958, 571.0678, 71.9295, 588.2386, 518.8443, 95.2806, 664.1536, 526.7185, 35.0947, 660.0073, 570.7746, 83.0348, 694.9075, 663.7531, 90.1844}
{401.0268, 753.5099, 490.3019, 89.0499, 701.1890, 551.1003, 25.6691, 804.9629, 634.5893, 97.8816, 735.5120, 511.5352, 134.2753, 791.2606, 531.9929, 41.9510, 691.4556, 550.0444, 81.2115, 738.8177, 628.1859, 70.0626, 802.1242, 613.5928, 103.3304, 763.2951, 564.1965, 56.5975, 678.4642, 574.5207, 67.8677, 676.3100, 550.6119, 0.0000, 823.0920, 602.8364, 67.5356, 744.5329, 538.1128, 39.6015, 645.6759, 593.0566, 113.8885, 630.3731, 583.7295, 115.1784, 674.6333, 623.6437, 144.4735, 807.6504, 569.8179}
{511.9030, 87.3786, 737.8106, 911.6258, 141.9569, 689.5108, 824.0441, 24.4543, 745.9381, 917.5406, 150.0724, 689.5549, 898.5589, 75.5686, 729.3158, 854.4537, 163.7152, 805.0129, 896.0728, 130.0309, 716.9845, 875.3265, 35.3565, 684.8437, 752.7052, 141.9321, 711.7787, 879.5162, 171.0787, 638.7456, 862.0487, 149.8123, 697.5286, 823.0920, 0.0000, 738.8914, 877.2508, 127.6171, 764.6444, 854.5788, 194.7744, 617.3248, 897.6283, 200.9207, 691.3774, 917.7610, 152.1777, 752.3553, 903.7076, 36.7303, 787.7078}
{330.5653, 652.9180, 114.7227, 643.4403, 710.9586, 65.3321, 581.0199, 714.4823, 31.8089, 633.4002, 589.5146, 97.3741, 737.1075, 667.2843, 71.1039, 642.9688, 579.8003, 99.5697, 672.5050, 608.8872, 38.8551, 670.2499, 744.4134, 59.0593, 636.5429, 603.3223, 43.0532, 629.0913, 576.4290, 100.7612, 575.2504, 621.3468, 60.9068, 602.8364, 738.8914, 0.0000, 665.9284, 611.5475, 77.8017, 639.7459, 565.8063, 122.0532, 715.7851, 575.3167, 48.3500, 710.1917, 617.7870, 22.2892, 747.3098, 704.2572, 68.8199}
{467.8714, 810.2437, 552.5246, 62.6202, 751.5746, 615.6680, 85.4314, 859.9187, 697.7294, 80.0005, 795.2098, 575.9718, 75.6206, 848.5781, 594.8960, 25.9255, 750.3357, 609.2411, 19.5597, 797.5855, 692.2950, 6.8752, 854.9090, 678.6051, 130.6708, 823.1453, 628.0292, 46.3295, 737.1429, 640.6012, 99.7895, 732.1746, 614.8958, 67.5356, 877.2508, 665.9284, 0.0000, 803.3431, 599.3764, 27.9342, 704.0043, 659.6071, 51.0360, 687.6732, 648.3850, 47.6743, 730.6708, 686.4166, 85.7463, 863.3786, 630.2853}
{401.0518, 46.8770, 613.7378, 831.2630, 167.4663, 563.0089, 742.2294, 103.3777, 618.3452, 835.2356, 22.7521, 564.3849, 833.5757, 57.4771, 603.5633, 779.1827, 53.0788, 679.2371, 821.3750, 5.8212, 589.3858, 802.2531, 138.7985, 557.2798, 685.3625, 31.7729, 585.0280, 799.9798, 66.2155, 511.5852, 776.4299, 92.6531, 571.0678, 744.5329, 127.6171, 611.5475, 803.3431, 0.0000, 638.9144, 778.8136, 99.6633, 489.8592, 829.3776, 119.1199, 564.1663, 846.6137, 91.6595, 624.8361, 839.8115, 92.7576, 661.2426}
{312.7674, 677.5142, 51.0427, 573.4253, 722.5608, 79.9823, 515.3320, 740.2084, 106.9150, 562.5841, 617.7061, 76.4765, 672.0046, 695.8653, 35.3513, 577.2618, 602.2516, 40.3785, 604.7999, 635.6677, 115.2264, 604.0310, 766.7148, 123.9626, 579.7232, 634.2979, 65.1387, 560.8333, 597.2137, 138.1842, 506.1763, 637.6992, 71.9295, 538.1128, 764.6444, 77.8017, 599.3764, 638.9144, 0.0000, 573.8938, 582.5229, 166.7722, 649.8141, 588.8744, 95.9269, 642.4940, 634.2172, 92.9411, 682.2706, 731.3990, 35.1122}
{440.1881, 786.5344, 526.6551, 66.9438, 730.3540, 588.9002, 58.7262, 836.9259, 671.5332, 81.3640, 770.3295, 549.2490, 98.4778, 824.6476, 568.7733, 3.9220, 725.7663, 584.5689, 42.9897, 773.0714, 665.7169, 30.8381, 832.7762, 651.6704, 115.3632, 798.2105, 601.5503, 38.5030, 712.6491, 613.2442, 81.5298, 708.7841, 588.2386, 39.6015, 854.5788, 639.7459, 27.9342, 778.8136, 573.8938, 0.0000, 679.6382, 632.0664, 76.0415, 663.7041, 621.5870, 75.5906, 707.2118, 660.3630, 108.7710, 840.0806, 605.1230}
{317.1831, 111.9622, 551.6175, 732.7734, 149.1474, 511.1059, 643.9075, 172.0275, 577.2144, 737.1106, 95.3734, 506.3105, 733.9172, 146.7088, 547.5319, 679.9559, 47.4721, 622.7786, 722.1200, 93.8581, 548.8539, 702.8458, 188.1451, 515.9376, 585.6991, 123.2078, 534.4493, 701.3242, 33.7441, 465.1222, 678.9813, 55.5441, 518.8443, 645.6759, 194.7744, 565.8063, 704.0043, 99.6633, 582.5229, 679.6382, 0.0000, 447.4844, 729.7411, 25.2130, 517.5026, 747.0989, 51.9910, 581.6184, 740.1685, 169.5550, 608.2723}
{251.6790, 531.6768, 167.0431, 648.3648, 594.3748, 87.5905, 574.4958, 592.9438, 129.7869, 641.3170, 467.7361, 113.2541, 725.2506, 545.3977, 134.8977, 634.8052, 459.2714, 203.7901, 669.4286, 487.2943, 101.3821, 662.8797, 623.5668, 68.4547, 606.9023, 481.2958, 103.0690, 628.7138, 456.4435, 29.5021, 578.8761, 502.9022, 95.2806, 593.0566, 617.3248, 122.0532, 659.6071, 489.8592, 166.7722, 632.0664, 447.4844, 0.0000, 706.7514, 458.4728, 76.3807, 706.3087, 499.3248, 135.1325, 735.0893, 582.5126, 179.2173}
{507.9059, 833.7433, 602.6760, 101.5756, 768.3435, 664.7516, 134.7658, 881.2346, 747.5713, 119.3790, 822.3945, 625.1318, 26.0687, 872.6689, 644.8148, 72.8378, 776.6048, 660.0655, 52.6941, 823.5821, 741.6640, 45.8543, 873.8457, 727.3856, 144.9618, 850.4602, 677.5369, 95.3635, 763.2017, 688.3810, 150.3102, 754.9148, 664.1536, 113.8885, 897.6283, 715.7851, 51.0360, 829.3776, 649.8141, 76.0415, 729.7411, 706.7514, 0.0000, 712.2384, 697.4151, 30.1465, 753.6137, 736.4037, 35.5575, 885.5657, 680.9071}
{314.3079, 123.4041, 556.2432, 717.9835, 135.9020, 519.1107, 629.4228, 179.5325, 587.9051, 722.8115, 117.7508, 512.4543, 715.7784, 160.9442, 554.1316, 663.9082, 69.4965, 628.9705, 705.9840, 113.3162, 559.8106, 686.3287, 189.8835, 526.8297, 567.7983, 145.0346, 542.7329, 686.3084, 55.8604, 474.9117, 665.5309, 52.4332, 526.7185, 630.3731, 200.9207, 575.3167, 687.6732, 119.1199, 588.8744, 663.7041, 25.2130, 458.4728, 712.2384, 0.0000, 526.9667, 730.2134, 49.5108, 591.7465, 721.8323, 179.3413, 615.5703}
{287.9254, 605.2148, 112.1144, 630.0897, 662.6125, 32.7867, 563.0131, 666.9515, 67.0644, 621.1729, 542.2339, 72.5941, 717.7655, 620.1274, 70.3706, 624.6436, 531.8361, 129.7745, 656.2082, 561.4231, 47.3745, 652.3317, 696.5198, 32.3146, 610.4959, 556.5146, 31.1698, 613.6382, 528.3317, 52.6880, 561.0720, 573.0450, 35.0947, 583.7295, 691.3774, 48.3500, 648.3850, 564.1663, 95.9269, 621.5870, 517.5026, 76.3807, 697.4151, 526.9667, 0.0000, 693.7295, 569.4868, 66.3742, 727.8665, 656.9109, 103.4390}
{515.3893, 852.3239, 596.3317, 79.3803, 790.0321, 660.9726, 131.8193, 900.9157, 742.0005, 96.3721, 838.9862, 621.2160, 52.4312, 890.9587, 639.0987, 73.5458, 793.6917, 650.9946, 37.7066, 840.8369, 737.2353, 46.2348, 894.6321, 724.1825, 165.9455, 866.9873, 672.8245, 81.9552, 780.3987, 686.9578, 137.5318, 773.8457, 660.0073, 115.1784, 917.7610, 710.1917, 47.6743, 846.6137, 642.4940, 75.5906, 747.0989, 706.3087, 30.1465, 730.2134, 693.7295, 0.0000, 772.4424, 730.4467, 59.6123, 904.8239, 672.8379}
{363.6822, 80.4556, 602.8126, 762.6995, 100.2475, 563.0480, 674.5222, 131.5958, 629.0788, 768.0081, 99.5702, 557.9438, 756.1692, 120.2462, 599.2730, 707.2801, 59.9267, 674.4428, 749.2043, 86.5163, 600.6789, 729.0915, 140.3848, 567.7795, 608.7858, 122.4190, 586.4149, 730.8181, 52.5494, 517.0942, 711.5313, 3.5853, 570.7746, 674.6333, 152.1777, 617.7870, 730.6708, 91.6595, 634.2172, 707.2118, 51.9910, 499.3248, 753.6137, 49.5108, 569.4868, 772.4424, 0.0000, 633.5538, 761.8933, 133.0498, 660.1411}
{351.9276, 666.8006, 134.2368, 663.0807, 727.5464, 87.1040, 601.6446, 727.9893, 14.9058, 652.7951, 602.6450, 119.6429, 757.8929, 680.1587, 91.6604, 663.6145, 594.3314, 107.4254, 692.7471, 622.3266, 38.3754, 690.8063, 758.6896, 67.8657, 658.3342, 615.7036, 65.3090, 649.1894, 591.3436, 116.9460, 595.1235, 637.1232, 83.0348, 623.6437, 752.3553, 22.2892, 686.4166, 624.8361, 92.9411, 660.3630, 581.6184, 135.1325, 736.4037, 591.7465, 66.3742, 730.4467, 633.5538, 0.0000, 768.1092, 717.4313, 76.0001}
{530.1533, 842.2612, 634.6877, 136.4089, 772.0599, 695.2888, 166.9860, 888.0372, 779.0617, 154.0503, 833.7158, 655.7900, 10.2934, 881.5562, 676.4614, 105.2478, 787.3243, 693.3098, 88.1589, 833.9985, 772.5173, 79.9850, 878.9097, 757.5178, 155.1058, 861.8287, 708.6039, 130.8133, 773.7921, 717.4083, 185.4580, 763.0406, 694.9075, 144.4735, 903.7076, 747.3098, 85.7463, 839.8115, 682.2706, 108.7710, 740.1685, 735.0893, 35.5575, 721.8323, 727.8665, 59.6123, 761.8933, 768.1092, 0.0000, 893.0072, 713.6955}
{485.0061, 57.8825, 705.5531, 895.7474, 147.9693, 655.7026, 807.5615, 16.9171, 710.8116, 901.0424, 114.7863, 656.6551, 887.5133, 38.8566, 696.0514, 840.1118, 133.5902, 771.7409, 881.9812, 95.7506, 681.8358, 861.7144, 61.3378, 649.8174, 740.6312, 105.2922, 677.7658, 863.8560, 142.5669, 604.3373, 844.3929, 131.3414, 663.7531, 807.6504, 36.7303, 704.2572, 863.3786, 92.7576, 731.3990, 840.0806, 169.5550, 582.5126, 885.5657, 179.3413, 656.9109, 904.8239, 133.0498, 717.4313, 893.0072, 0.0000, 753.9338}
{345.6856, 700.8713, 86.0120, 602.6305, 750.0020, 98.2339, 546.7098, 763.2537, 90.9046, 591.3085, 639.7027, 105.9357, 703.4151, 717.8357, 63.3511, 608.5442, 626.2149, 31.4425, 635.1852, 658.2000, 107.4476, 635.0738, 790.9548, 125.1387, 613.4661, 655.2889, 77.0483, 591.0106, 621.7144, 152.7102, 536.0220, 663.6520, 90.1844, 569.8179, 787.7078, 68.8199, 630.2853, 661.2426, 35.1122, 605.1230, 608.2723, 179.2173, 680.9071, 615.5703, 103.4390, 672.8379, 660.1411, 76.0001, 713.6955, 753.9338, 0.0000}
]
