8 1 [30]
capacities = [100000, 27, 47, 44, 25, 44, 39, 32, 35]
initial     = [50000, 7, 24, 21, 5, 26, 20, 11, 19]
target      = [0, 11, 21, 21, 11, 20, 20, 15, 19]
weights    = [0.000000, 0.716667, 0.372619, 0.150000, 1.000000, 0.617500, 0.150000, 0.565556, 0.150000]
min_ratio  = [0.000000, 0.413636, 0.650000, 0.650000, 0.295455, 0.650000, 0.650000, 0.476667, 0.650000]
points = [(584400.000, 4511800.000), (584122.655, 4511950.784), (584710.223, 4511545.024), (584148.507, 4511862.694), (584749.253, 4511561.892), (584144.124, 4512222.215), (584656.479, 4511709.726), (584234.454, 4512082.574), (584648.268, 4511474.494)]
distances = [
{0.0000, 315.6838, 401.5607, 259.1897, 422.6975, 493.6989, 271.9021, 327.4959, 409.3789}
{315.6838, 0.0000, 714.0572, 91.8049, 737.4704, 272.2790, 585.7279, 172.8227, 709.3105}
{401.5607, 714.0572, 0.0000, 645.3211, 42.5195, 882.6420, 173.2489, 717.8552, 93.8771}
{259.1897, 91.8049, 645.3211, 0.0000, 671.8467, 359.5477, 530.5041, 236.0804, 632.8194}
{422.6975, 737.4704, 42.5195, 671.8467, 0.0000, 895.6611, 174.5334, 732.2075, 133.5534}
{493.6989, 272.2790, 882.6420, 359.5477, 895.6611, 0.0000, 724.6747, 166.3109, 901.8031}
{271.9021, 585.7279, 173.2489, 530.5041, 174.5334, 724.6747, 0.0000, 563.1346, 235.3752}
{327.4959, 172.8227, 717.8552, 236.0804, 732.2075, 166.3109, 563.1346, 0.0000, 735.5292}
{409.3789, 709.3105, 93.8771, 632.8194, 133.5534, 901.8031, 235.3752, 735.5292, 0.0000}
]
