8 2 [30, 30]
capacities = [100000, 34, 21, 41, 49, 43, 33, 29, 35]
initial     = [50000, 14, 10, 26, 23, 19, 17, 18, 14]
target      = [0, 20, 10, 21, 23, 25, 17, 13, 14]
weights    = [0.000000, 0.813000, 0.150000, 0.676190, 0.150000, 0.680400, 0.150000, 1.000000, 0.150000]
min_ratio  = [0.000000, 0.455000, 0.650000, 0.650000, 0.650000, 0.494000, 0.650000, 0.650000, 0.650000]
points = [(584400.000, 4511800.000), (584522.162, 4511553.129), (584151.180, 4512044.882), (584605.383, 4511699.446), (584285.832, 4512025.376), (584624.379, 4511593.798), (584074.801, 4511922.864), (584529.822, 4511617.732), (584177.059, 4512053.621)]
distances = [
{0.0000, 275.4428, 349.1108, 228.6775, 252.6436, 304.7383, 347.6344, 223.7749, 337.6778}
{275.4428, 0.0000, 615.9935, 168.3280, 528.0805, 110.0108, 580.3748, 65.0560, 607.9375}
{349.1108, 615.9935, 0.0000, 570.6369, 136.0569, 653.7539, 143.9521, 570.8118, 27.3142}
{228.6775, 168.3280, 570.6369, 0.0000, 456.4469, 107.3421, 575.7019, 111.2947, 555.7894}
{252.6436, 528.0805, 136.0569, 456.4469, 0.0000, 548.5201, 234.6117, 475.0837, 112.3802}
{304.7383, 110.0108, 653.7539, 107.3421, 548.5201, 0.0000, 640.5626, 97.5395, 641.5083}
{347.6344, 580.3748, 143.9521, 575.7019, 234.6117, 640.5626, 0.0000, 547.8584, 165.9941}
{223.7749, 65.0560, 570.8118, 111.2947, 475.0837, 97.5395, 547.8584, 0.0000, 560.7499}
{337.6778, 607.9375, 27.3142, 555.7894, 112.3802, 641.5083, 165.9941, 560.7499, 0.0000}
]
