8 2 [20, 20]
capacities = [100000, 43, 41, 26, 45, 27, 35, 50, 39]
initial     = [50000, 21, 15, 7, 18, 17, 22, 21, 21]
target      = [0, 16, 15, 13, 21, 17, 22, 26, 17]
weights    = [0.000000, 0.725521, 0.150000, 1.000000, 0.413095, 0.150000, 0.150000, 0.504167, 0.583333]
min_ratio  = [0.000000, 0.650000, 0.650000, 0.350000, 0.557143, 0.650000, 0.650000, 0.525000, 0.650000]
points = [(584400.000, 4511800.000), (584374.236, 4511572.867), (584657.690, 4512054.161), (584133.193, 4511611.285), (584457.040, 4512127.724), (584185.927, 4511683.270), (584579.685, 4511992.984), (584207.928, 4511537.618), (584607.596, 4512082.275)]
distances = [
{0.0000, 228.5897, 361.9421, 326.8015, 332.6506, 243.8302, 263.6844, 325.1706, 350.3932}
{228.5897, 0.0000, 558.5609, 244.0852, 561.0014, 218.2868, 467.6618, 170.0025, 560.3158}
{361.9421, 558.5609, 0.0000, 686.4665, 213.7101, 600.1005, 99.1336, 684.9106, 57.4444}
{326.8015, 244.0852, 686.4665, 0.0000, 609.5783, 89.2339, 587.4086, 104.9385, 668.4981}
{332.6506, 561.0014, 213.7101, 609.5783, 0.0000, 520.6163, 182.1994, 640.5321, 157.2662}
{243.8302, 218.2868, 600.1005, 89.2339, 520.6163, 0.0000, 500.9670, 147.3041, 580.5255}
{263.6844, 467.6618, 99.1336, 587.4086, 182.1994, 500.9670, 0.0000, 587.8445, 93.5520}
{325.1706, 170.0025, 684.9106, 104.9385, 640.5321, 147.3041, 587.8445, 0.0000, 675.5633}
{350.3932, 560.3158, 57.4444, 668.4981, 157.2662, 580.5255, 93.5520, 675.5633, 0.0000}
]
