70 3 [30, 30, 30]
capacities = [100000, 32, 45, 37, 24, 26, 28, 48, 45, 34, 25, 47, 42, 21, 34, 46, 49, 23, 36, 50, 30, 22, 46, 21, 32, 27, 20, 38, 26, 45, 43, 41, 21, 47, 23, 28, 28, 21, 49, 21, 35, 50, 25, 28, 47, 32, 48, 40, 42, 33, 31, 41, 46, 49, 48, 25, 31, 32, 37, 28, 22, 32, 44, 44, 25, 48, 41, 22, 32, 32, 44]
initial     = [50000, 5, 30, 21, 2, 13, 6, 30, 23, 19, 18, 31, 12, 1, 10, 11, 29, 22, 28, 19, 21, 16, 11, 0, 4, 5, 0, 30, 2, 23, 11, 22, 4, 24, 15, 10, 22, 21, 18, 8, 14, 37, 20, 8, 12, 24, 29, 18, 33, 17, 26, 30, 13, 21, 12, 7, 3, 14, 28, 22, 15, 21, 12, 31, 17, 33, 29, 14, 28, 6, 26]
target      = [0, 12, 13, 21, 24, 16, 9, 16, 18, 14, 24, 11, 31, 3, 14, 24, 16, 10, 20, 32, 12, 20, 17, 11, 18, 1, 1, 11, 22, 13, 19, 13, 1, 19, 18, 14, 26, 11, 22, 5, 28, 19, 3, 14, 17, 10, 15, 28, 13, 6, 11, 13, 12, 31, 31, 1, 22, 4, 29, 7, 11, 8, 15, 33, 2, 27, 29, 11, 19, 25, 27]
weights    = [0.000000, 0.123889, 0.215641, 0.050000, 0.166111, 0.073750, 0.092222, 0.160833, 0.085185, 0.095238, 0.081667, 0.280303, 0.127634, 0.134444, 0.086190, 0.118611, 0.152917, 0.202000, 0.100667, 0.101458, 0.145000, 0.075333, 0.094706, 0.176667, 0.148519, 0.556667, 0.176667, 0.268788, 0.165152, 0.147436, 0.103333, 0.137692, 0.430000, 0.083333, 0.071111, 0.086190, 0.069487, 0.165152, 0.073030, 0.126000, 0.113333, 0.170000, 0.767778, 0.104286, 0.087255, 0.227333, 0.168222, 0.095238, 0.244872, 0.282222, 0.222727, 0.215641, 0.060556, 0.090860, 0.127634, 0.810000, 0.159394, 0.366667, 0.054368, 0.321429, 0.096061, 0.255833, 0.075333, 0.057677, 1.000000, 0.078148, 0.050000, 0.084545, 0.110000, 0.146267, 0.054691]
min_ratio  = [0.0000, 0.2917, 0.7000, 0.7000, 0.0583, 0.5687, 0.4667, 0.7000, 0.7000, 0.7000, 0.5250, 0.7000, 0.2710, 0.2333, 0.5000, 0.3208, 0.7000, 0.7000, 0.7000, 0.4156, 0.7000, 0.5600, 0.4529, 0.0000, 0.1556, 0.7000, 0.0000, 0.7000, 0.0636, 0.7000, 0.4053, 0.7000, 0.7000, 0.7000, 0.5833, 0.5000, 0.5923, 0.7000, 0.5727, 0.7000, 0.3500, 0.7000, 0.7000, 0.4000, 0.4941, 0.7000, 0.7000, 0.4500, 0.7000, 0.7000, 0.7000, 0.7000, 0.7000, 0.4742, 0.2710, 0.7000, 0.0955, 0.7000, 0.6759, 0.7000, 0.7000, 0.7000, 0.5600, 0.6576, 0.7000, 0.7000, 0.7000, 0.7000, 0.7000, 0.1680, 0.6741]
points = [(584400.000, 4511800.000), (584089.820, 4511426.024), (584682.999, 4511798.542), (584235.011, 4512158.490), (584131.392, 4511419.432), (584701.478, 4511768.646), (584293.885, 4512217.662), (584149.149, 4511443.398), (584648.656, 4511811.672), (584274.682, 4512246.511), (584075.593, 4511524.111), (584739.861, 4511784.800), (584316.106, 4512302.617), (584075.555, 4511517.424), (584639.221, 4511717.952), (584386.608, 4512169.182), (584045.768, 4511580.842), (584753.158, 4511804.176), (584387.178, 4512189.477), (584049.022, 4511579.671), (584638.399, 4511724.453), (584367.951, 4512264.585), (584174.117, 4511417.761), (584705.656, 4511737.356), (584265.134, 4512177.946), (584202.480, 4511483.724), (584746.048, 4511752.276), (584327.347, 4512136.548), (584149.513, 4511529.086), (584763.671, 4511762.670), (584364.941, 4512295.939), (584123.732, 4511419.103), (584675.334, 4511721.521), (584358.095, 4512234.471), (584188.784, 4511579.429), (584717.326, 4511676.302), (584277.067, 4512241.983), (584095.904, 4511415.836), (584652.552, 4511679.967), (584345.250, 4512143.637), (584048.079, 4511564.891), (584720.579, 4511797.320), (584280.007, 4512218.287), (584199.361, 4511438.080), (584784.928, 4511760.096), (584283.283, 4512140.776), (584064.329, 4511445.782), (584662.835, 4511773.681), (584239.434, 4512170.709), (584198.944, 4511543.995), (584780.418, 4511677.174), (584327.657, 4512273.715), (584120.951, 4511528.072), (584772.943, 4511686.882), (584296.548, 4512175.307), (584139.065, 4511504.390), (584651.851, 4511775.560), (584255.625, 4512282.165), (584039.034, 4511418.045), (584668.435, 4511788.194), (584360.813, 4512146.239), (584125.766, 4511483.827), (584768.333, 4511793.449), (584288.481, 4512147.945), (584057.951, 4511496.763), (584774.304, 4511684.012), (584385.055, 4512225.900), (584127.696, 4511509.671), (584770.964, 4511788.514), (584287.940, 4512198.051), (584141.567, 4511422.461)]
distances = [
{0.0000, 485.8696, 283.0031, 394.6350, 465.8133, 303.1038, 430.9313, 435.9947, 248.9299, 463.7634, 425.8576, 340.2003, 509.5707, 430.2487, 252.9001, 369.4244, 416.5461, 353.1822, 389.6883, 414.4043, 250.0824, 465.6888, 443.9934, 312.0098, 401.2880, 372.8875, 349.3236, 344.3011, 368.9688, 365.5818, 497.1762, 470.5386, 286.2998, 436.4877, 305.3914, 340.5829, 458.7612, 489.9552, 279.6260, 347.9712, 423.2307, 320.5903, 435.1573, 413.8136, 386.9913, 360.2097, 488.0015, 264.1491, 403.9884, 325.5181, 399.7552, 479.2073, 389.6322, 389.7202, 389.3037, 394.2998, 253.0336, 503.3166, 525.5345, 268.6942, 348.4499, 418.5327, 368.3915, 365.3796, 457.1109, 391.8633, 426.1625, 398.0456, 371.1421, 413.5236, 457.5185}
{485.8696, 0.0000, 700.4506, 746.7177, 42.0914, 701.0811, 817.5161, 61.8201, 678.9857, 841.0543, 99.1139, 742.4771, 905.3288, 92.5061, 622.1437, 800.2285, 160.9635, 763.5542, 819.3183, 158.9711, 624.4980, 883.4821, 84.7005, 690.0589, 772.0887, 126.5753, 732.8541, 749.1751, 119.1007, 753.2629, 912.3827, 34.6102, 655.8539, 851.7972, 182.5562, 675.5750, 837.1684, 11.8661, 617.3766, 761.7166, 145.0048, 731.9270, 814.7704, 110.2023, 771.2192, 740.4716, 32.2518, 670.2319, 759.5656, 160.7018, 734.8481, 880.4241, 106.6904, 731.2338, 777.2774, 92.5541, 661.8559, 872.0488, 51.4098, 682.6135, 769.5107, 68.0681, 771.6090, 748.7564, 77.5868, 731.4886, 852.6225, 91.8225, 771.5931, 797.0424, 51.8688}
{283.0031, 700.4506, 0.0000, 574.6792, 669.3242, 35.1457, 571.9014, 641.1894, 36.7674, 606.1342, 666.5249, 58.4982, 623.4601, 669.3403, 91.7133, 474.5750, 673.3925, 70.3840, 490.2450, 670.6957, 86.4781, 562.5395, 635.5754, 65.2467, 564.4101, 574.4651, 78.2032, 490.6493, 597.6739, 88.2877, 590.3932, 675.8362, 77.4017, 543.6882, 540.6106, 126.9686, 601.1830, 700.8172, 122.4224, 482.8718, 676.5473, 37.5996, 581.8830, 603.1904, 108.9388, 526.2098, 712.1748, 32.0108, 579.0148, 546.9041, 155.6298, 593.3442, 623.7408, 143.3798, 539.7186, 618.3773, 38.7096, 645.3991, 747.9775, 17.8669, 474.0226, 639.9649, 85.4857, 526.9979, 694.0870, 146.4712, 520.9662, 625.9460, 88.5347, 561.8528, 659.2315}
{394.6350, 746.7177, 574.6792, 0.0000, 746.2870, 607.9224, 83.4708, 720.2291, 539.8012, 96.5473, 654.1032, 628.1063, 165.3748, 660.6004, 597.8793, 151.9732, 607.8574, 627.7056, 155.2903, 607.9675, 592.5453, 170.0855, 743.2287, 631.5548, 35.8591, 675.5507, 652.8164, 94.9071, 635.1850, 660.4204, 189.1394, 747.7143, 620.3436, 144.6472, 580.9037, 682.0067, 93.4869, 755.5700, 635.0794, 111.2347, 622.3372, 605.1615, 74.8347, 721.2916, 679.0636, 51.4201, 732.8615, 575.4226, 12.9946, 615.5527, 727.4162, 147.8514, 640.6539, 715.3912, 63.7928, 661.0996, 566.0306, 125.3812, 765.9420, 570.0665, 126.3968, 683.4507, 646.2878, 54.5003, 685.0062, 718.3084, 164.4907, 657.6345, 651.2514, 66.0796, 741.9371}
{465.8133, 42.0914, 669.3242, 746.2870, 0.0000, 668.5417, 814.6009, 29.8270, 649.1640, 839.3994, 118.6230, 709.7374, 902.2942, 112.7839, 589.0705, 791.9970, 182.7151, 731.1771, 811.4161, 180.1704, 591.6866, 877.6350, 42.7572, 656.3952, 770.2142, 95.8477, 698.9899, 743.4070, 111.1411, 719.4362, 907.0879, 7.6679, 622.1977, 845.9808, 169.9788, 639.7653, 835.3515, 35.6700, 582.6541, 755.1210, 167.6289, 699.9573, 812.5608, 70.4806, 736.9947, 737.1621, 72.0542, 638.6888, 759.0061, 141.7011, 698.3306, 876.5385, 109.1403, 695.0657, 773.7070, 85.3041, 630.6377, 871.6323, 92.3692, 651.4595, 762.1565, 64.6407, 738.6353, 745.2572, 106.6482, 695.2251, 845.4204, 90.3147, 738.4265, 794.2004, 10.6157}
{303.1038, 701.0811, 35.1457, 607.9224, 668.5417, 0.0000, 606.4213, 640.9788, 68.1273, 640.7096, 671.9596, 41.6434, 658.5108, 674.4571, 80.2859, 509.4817, 682.0749, 62.7149, 525.2454, 679.2724, 77.0198, 597.6576, 633.4275, 31.5684, 598.2661, 574.6132, 47.4817, 524.7150, 601.7092, 62.4796, 625.5350, 675.2563, 53.8916, 578.7094, 546.4966, 93.6945, 635.7455, 700.8527, 101.2809, 517.2199, 684.4309, 34.4534, 616.2902, 601.1613, 83.8876, 559.7919, 714.2829, 38.9698, 612.4856, 550.4623, 120.8253, 628.3601, 628.4007, 108.5937, 573.8823, 621.4015, 50.1066, 680.0635, 749.5024, 38.3919, 508.5559, 642.3134, 71.3078, 560.7438, 698.6042, 111.6543, 556.0618, 629.5186, 72.2710, 596.1555, 658.2891}
{430.9313, 817.5161, 571.9014, 83.4708, 814.6009, 606.4213, 0.0000, 787.6760, 539.1571, 34.6556, 727.0926, 621.5010, 87.8132, 733.4858, 607.4263, 104.6320, 683.4482, 617.9819, 97.4578, 683.3673, 601.6182, 87.6789, 808.8179, 632.6528, 49.0306, 739.6083, 648.8726, 87.7445, 703.5481, 654.0003, 105.7175, 816.4851, 625.8264, 66.3741, 646.8287, 687.2936, 29.5699, 825.9060, 646.3424, 90.1000, 697.5169, 598.9617, 13.8916, 785.2910, 671.1858, 77.6133, 805.2916, 577.2717, 71.8988, 680.3237, 727.2148, 65.4412, 710.9434, 714.9987, 42.4389, 729.8805, 568.8525, 74.9968, 839.2477, 569.8513, 97.8801, 752.8460, 636.4415, 69.9258, 758.5248, 718.0424, 91.5413, 727.2342, 641.6950, 20.4923, 809.6571}
{435.9947, 61.8201, 641.1894, 720.2291, 29.8270, 640.9788, 787.6760, 0.0000, 620.5910, 812.8649, 109.2030, 682.2724, 875.2900, 104.3837, 561.7389, 763.6419, 171.9845, 703.5534, 783.1301, 169.1031, 564.2315, 849.8367, 35.7862, 629.3741, 743.6487, 66.8604, 672.0822, 715.6900, 85.6890, 692.5114, 879.4271, 35.1606, 595.1663, 818.2030, 141.6878, 614.0593, 808.7659, 59.9555, 556.2190, 727.1798, 158.0372, 672.1557, 785.8605, 50.4929, 710.2909, 710.1609, 84.8535, 610.7046, 732.8938, 112.2470, 673.1659, 849.2894, 89.2459, 669.6291, 746.6036, 61.8208, 602.5286, 845.4990, 112.9964, 623.3312, 734.0217, 46.7049, 711.2839, 718.1926, 105.6648, 669.8612, 817.2893, 69.6591, 711.1677, 767.3097, 22.2670}
{248.9299, 678.9857, 36.7674, 539.8012, 649.1640, 68.1273, 539.1571, 620.5910, 0.0000, 573.5341, 641.1653, 95.0807, 592.9731, 644.2259, 94.1935, 443.2635, 645.5670, 104.7699, 459.4644, 642.9512, 87.8200, 532.8462, 616.7282, 93.6585, 530.3264, 553.7361, 114.0750, 456.9292, 573.5837, 125.0184, 561.2561, 655.4815, 94.0151, 513.0157, 515.1888, 151.7911, 568.5476, 679.8681, 131.7630, 449.7292, 649.3021, 73.3409, 548.8510, 584.3257, 145.7060, 491.7384, 689.4300, 40.5502, 544.3990, 523.3470, 188.2840, 562.6050, 599.0840, 176.1238, 506.1724, 595.0676, 36.2527, 613.0558, 725.6597, 30.6990, 441.3492, 617.1682, 121.0565, 492.7530, 669.4032, 179.1216, 490.9897, 602.1660, 124.4812, 528.5872, 639.2374}
{463.7634, 841.0543, 606.1342, 96.5473, 839.3994, 640.7096, 34.6556, 812.8649, 573.5341, 0.0000, 749.3314, 655.4141, 69.7410, 755.7908, 642.0769, 136.0409, 703.9295, 651.6122, 126.1277, 703.9876, 636.2655, 95.0041, 834.8295, 667.0664, 69.2267, 766.1969, 682.9744, 121.9234, 728.2622, 687.9039, 102.9064, 841.0645, 660.4057, 84.2773, 672.5895, 721.8527, 5.1171, 849.6952, 680.9979, 124.7509, 718.2995, 632.9268, 28.7222, 811.9317, 704.9473, 106.0841, 827.8982, 611.7435, 83.5962, 706.5864, 761.5202, 59.5518, 734.7026, 749.2980, 74.4859, 754.4103, 603.3659, 40.4280, 861.3283, 604.2315, 132.1849, 777.0857, 670.0421, 99.5269, 780.4448, 752.3478, 112.2803, 751.3573, 675.3199, 50.2410, 834.7318}
{425.8576, 99.1139, 666.5249, 654.1032, 118.6230, 671.9596, 727.0926, 109.2030, 641.1653, 749.3314, 0.0000, 713.5899, 814.8114, 6.6879, 596.0295, 716.1326, 64.0927, 733.1648, 734.7090, 61.5860, 597.4005, 796.0994, 144.9744, 665.1719, 680.7534, 133.1597, 708.2160, 662.1625, 74.0881, 728.2597, 824.2812, 115.5167, 631.3954, 764.4731, 125.9852, 659.5325, 745.6087, 110.1639, 597.6398, 675.6676, 49.1931, 700.4646, 723.6467, 150.7317, 747.5601, 650.7001, 79.1353, 638.0740, 667.0327, 124.9435, 721.2542, 790.8492, 45.5312, 716.0946, 687.6599, 66.4652, 628.7287, 779.1390, 112.1905, 649.0002, 684.3929, 64.3440, 743.2579, 659.1587, 32.5449, 716.7748, 766.9905, 54.0676, 743.9426, 706.6015, 121.1831}
{340.2003, 742.4771, 58.4982, 628.1063, 709.7374, 41.6434, 621.5010, 682.2724, 95.0807, 655.4141, 713.5899, 0.0000, 669.1059, 716.0950, 120.8180, 522.0504, 723.4387, 23.4999, 536.7945, 720.6501, 118.0521, 607.0500, 674.3766, 58.4883, 616.3840, 615.9751, 33.1075, 542.1202, 643.3502, 32.5065, 633.8984, 716.4838, 90.3766, 589.8721, 588.1012, 110.8138, 650.5339, 742.1686, 136.4287, 533.3683, 725.8933, 22.9896, 631.9616, 642.1480, 51.3947, 578.9486, 755.8281, 77.8242, 631.9432, 592.0963, 115.0141, 639.4917, 670.0435, 103.3553, 590.7805, 663.0123, 88.4937, 694.1586, 790.9917, 71.5064, 523.7514, 683.8839, 29.7573, 579.3250, 740.2476, 106.5112, 566.0888, 671.1492, 31.3247, 612.3789, 699.4604}
{509.5707, 905.3288, 623.4601, 165.3748, 902.2942, 658.5108, 87.8132, 875.2900, 592.9731, 69.7410, 814.8114, 669.1059, 0.0000, 821.2145, 668.0095, 150.9159, 770.7410, 662.9161, 133.6113, 770.7045, 661.9263, 64.2997, 896.1763, 686.4912, 134.6888, 826.7391, 698.3739, 166.4488, 791.2671, 701.3256, 49.2899, 904.2149, 683.1671, 80.0435, 734.3105, 743.8066, 72.1140, 913.7117, 707.7359, 161.6294, 784.9061, 647.2434, 91.7318, 872.3835, 717.0245, 165.1358, 893.0611, 632.4509, 152.5720, 767.6158, 778.9512, 31.1249, 798.7527, 766.7004, 128.8041, 817.6243, 624.9109, 63.8447, 926.9505, 623.5122, 162.6430, 840.6224, 681.0008, 157.1194, 846.1942, 769.8172, 103.1477, 815.0224, 686.4390, 108.2932, 897.2948}
{430.2487, 92.5061, 669.3403, 660.6004, 112.7839, 674.4571, 733.4858, 104.3837, 644.2259, 755.7908, 6.6879, 716.0950, 821.2145, 0.0000, 598.2733, 722.1788, 70.0654, 735.7801, 740.7869, 67.6661, 599.7117, 802.3373, 140.1685, 667.3814, 687.1896, 131.3224, 710.4343, 668.3670, 74.8724, 730.5132, 830.5598, 109.4893, 633.5538, 770.7052, 129.0946, 661.1443, 752.0599, 103.6055, 599.4549, 681.8198, 54.8459, 703.1345, 730.0750, 147.0489, 749.7337, 657.0534, 72.5160, 640.7538, 673.5267, 126.2174, 722.7397, 797.2029, 46.6283, 717.6809, 694.0083, 64.8332, 631.4674, 785.6559, 105.8773, 651.7843, 690.4934, 60.4138, 745.7424, 665.5035, 27.1435, 718.3328, 773.1295, 52.7144, 746.3807, 712.9942, 115.6521}
{252.9001, 622.1437, 91.7133, 597.8793, 589.0705, 80.2859, 607.4263, 561.7389, 94.1935, 642.0769, 596.0295, 120.8180, 668.0095, 598.2733, 0.0000, 517.1281, 609.0860, 142.8851, 534.6601, 606.1823, 6.5527, 610.2412, 553.5672, 69.2111, 592.9043, 495.5865, 112.2061, 522.0040, 524.8656, 132.2403, 639.7638, 595.8522, 36.2887, 588.0679, 471.2562, 88.5160, 636.9962, 621.6648, 40.2571, 517.3265, 610.6357, 113.6592, 615.9293, 521.3489, 151.6799, 552.6948, 636.0639, 60.5256, 604.0018, 473.3973, 146.9678, 637.1378, 551.9584, 137.2838, 571.4875, 543.8428, 58.9762, 682.2626, 670.9465, 76.0743, 510.8238, 564.3144, 149.5652, 554.8984, 621.9323, 139.2818, 567.9892, 552.3030, 149.4500, 594.8888, 578.7698}
{369.4244, 800.2285, 474.5750, 151.9732, 791.9970, 509.4817, 104.6320, 763.6419, 443.2635, 136.0409, 716.1326, 522.0504, 150.9159, 722.1788, 517.1281, 0.0000, 679.9377, 517.2888, 20.3037, 679.3288, 511.0597, 97.2101, 780.8879, 536.9037, 121.7899, 709.7577, 550.4614, 67.6520, 682.5952, 554.4622, 128.5953, 794.8091, 532.6936, 71.2442, 622.0470, 593.5526, 131.5266, 807.4886, 556.8284, 48.6110, 692.6531, 499.8179, 117.3667, 754.6988, 570.9733, 107.1578, 791.9411, 482.4125, 147.1815, 652.7447, 630.2046, 120.0102, 693.9707, 617.9541, 90.2682, 709.3835, 474.6488, 172.9791, 827.6560, 473.8970, 34.5214, 733.3138, 535.6206, 100.3981, 748.4398, 621.0461, 56.7400, 708.5121, 540.9600, 102.8041, 785.8984}
{416.5461, 160.9635, 673.3925, 607.8574, 182.7151, 682.0749, 683.4482, 171.9845, 645.5670, 703.9295, 64.0927, 723.4387, 770.7410, 70.0654, 609.0860, 679.9377, 0.0000, 741.8075, 697.8524, 3.4582, 609.7830, 755.8480, 207.5309, 678.1958, 636.1244, 184.3654, 720.9593, 622.9736, 115.9391, 740.5717, 783.0928, 179.5489, 645.0921, 724.4168, 143.0228, 678.3084, 700.4337, 172.4546, 614.8277, 637.5166, 16.1175, 708.6840, 679.1197, 209.6947, 760.5856, 608.2266, 136.3297, 646.4971, 620.8460, 157.5453, 740.9394, 748.0206, 91.8545, 734.8658, 645.1965, 120.6199, 636.5936, 732.0482, 162.9367, 656.2841, 647.2460, 125.7438, 753.1948, 616.8596, 84.9569, 735.8051, 728.8455, 108.5245, 754.3458, 663.0189, 185.0997}
{353.1822, 763.5542, 70.3840, 627.7056, 731.1771, 62.7149, 617.9819, 703.5534, 104.7699, 651.6122, 733.1648, 23.4999, 662.9161, 735.7801, 142.8851, 517.2888, 741.8075, 0.0000, 531.4110, 739.0604, 139.7334, 600.2997, 696.1358, 81.9837, 614.7122, 637.1312, 52.3849, 540.1722, 663.3709, 42.8170, 626.5320, 737.8741, 113.5271, 584.1475, 607.4777, 132.7998, 646.7899, 763.4068, 159.8420, 530.6812, 744.5754, 33.2921, 628.7754, 663.8648, 54.3366, 577.9975, 776.4864, 95.3319, 631.0769, 612.2476, 129.8947, 633.6541, 689.8686, 118.9509, 588.4134, 683.3606, 105.2710, 689.9363, 811.8315, 86.2172, 520.5205, 704.4459, 18.5843, 578.0147, 760.1418, 122.0109, 559.7775, 691.3287, 23.7146, 609.5607, 720.9366}
{389.6883, 819.3183, 490.2450, 155.2903, 811.4161, 525.2454, 97.4578, 783.1301, 459.4644, 126.1277, 734.7090, 536.7945, 133.6113, 740.7869, 534.6601, 20.3037, 697.8524, 531.4110, 0.0000, 697.2906, 528.5443, 77.5293, 800.5884, 553.0299, 122.5883, 729.5218, 565.6258, 79.8829, 701.8557, 569.1319, 108.7589, 814.1746, 549.5602, 53.5752, 641.4977, 610.2017, 121.9892, 826.6566, 574.4776, 62.1237, 710.7010, 514.7265, 110.9757, 774.5144, 585.2978, 114.7431, 810.7494, 498.8714, 148.9314, 672.3684, 645.8266, 103.1446, 712.9756, 633.5738, 91.7319, 728.6319, 491.3030, 160.9265, 846.3528, 490.0344, 50.6425, 752.5147, 549.6522, 107.0795, 766.9705, 636.6802, 36.4849, 727.6452, 555.0344, 99.6077, 805.3810}
{414.4043, 158.9711, 670.6957, 607.9675, 180.1704, 679.2724, 683.3673, 169.1031, 642.9512, 703.9876, 61.5860, 720.6501, 770.7045, 67.6661, 606.1823, 679.3288, 3.4582, 739.0604, 697.2906, 0.0000, 606.8996, 755.5286, 204.6063, 675.3028, 636.1113, 180.9840, 718.0800, 622.5574, 112.5053, 737.7076, 782.8440, 177.0974, 642.1748, 724.0791, 139.7623, 675.2539, 700.4735, 170.4103, 611.8077, 637.0314, 14.8094, 705.9467, 679.1058, 206.5184, 757.7020, 608.0443, 134.7610, 643.7443, 620.9536, 154.1083, 737.8673, 747.8875, 88.5229, 731.8170, 645.0204, 117.3664, 633.8576, 732.2459, 161.9343, 653.5706, 646.6946, 122.7827, 750.4068, 616.6660, 83.3869, 732.7496, 728.3756, 105.3073, 751.5430, 662.9299, 182.4264}
{250.0824, 624.4980, 86.4781, 592.5453, 591.6866, 77.0198, 601.6182, 564.2315, 87.8200, 636.2655, 597.4005, 118.0521, 661.9263, 599.7117, 6.5527, 511.0597, 609.7830, 139.7334, 528.5443, 606.8996, 0.0000, 604.0561, 556.4330, 68.4843, 587.3520, 497.9719, 111.1871, 516.3096, 526.4760, 130.9722, 633.5414, 598.4317, 37.0514, 581.9697, 472.4251, 92.4555, 631.1878, 624.1350, 46.6838, 511.5187, 611.5036, 109.8328, 610.1768, 524.1785, 150.8027, 547.2033, 638.1327, 54.9595, 598.5958, 475.0638, 149.6826, 631.0698, 553.4595, 139.6914, 565.8011, 545.6757, 52.8479, 676.4307, 673.1451, 70.4629, 504.9331, 566.2978, 147.1171, 549.3519, 623.5083, 141.7951, 561.8117, 554.0291, 147.2328, 589.1652, 581.4128}
{465.6888, 883.4821, 562.5395, 170.0855, 877.6350, 597.6576, 87.6789, 849.8367, 532.8462, 95.0041, 796.0994, 607.0500, 64.2997, 802.3373, 610.2412, 97.2101, 755.8480, 600.2997, 77.5293, 755.5286, 604.0561, 0.0000, 868.7248, 626.1110, 134.4536, 798.2011, 636.7240, 134.3206, 767.2507, 639.1497, 31.4980, 880.0467, 624.0207, 31.6852, 708.1944, 684.2068, 93.6522, 891.2820, 650.2123, 123.0598, 769.3432, 585.3910, 99.3864, 843.5235, 654.5066, 149.9908, 873.2838, 572.6625, 159.1517, 740.1436, 717.7603, 41.3157, 776.8271, 705.5196, 114.3201, 793.9046, 565.4588, 113.6936, 908.1942, 563.2395, 118.5604, 817.4570, 618.2836, 141.1391, 828.0401, 708.6518, 42.2966, 792.2229, 623.7489, 104.0602, 872.0216}
{443.9934, 84.7005, 635.5754, 743.2287, 42.7572, 633.4275, 808.8179, 35.7862, 616.7282, 834.8295, 144.9744, 674.3766, 896.1763, 140.1685, 553.5672, 780.8879, 207.5309, 696.1358, 800.5884, 204.6063, 556.4330, 868.7248, 0.0000, 620.2220, 765.6146, 71.8022, 662.5753, 734.9389, 114.0116, 683.0348, 898.6714, 50.4032, 586.0792, 837.1766, 162.3324, 601.5972, 830.6276, 78.2365, 545.5753, 745.7767, 193.7341, 665.3468, 807.4990, 32.4063, 700.2030, 731.2104, 113.3074, 604.5863, 755.7763, 128.6530, 659.4671, 869.6166, 122.4547, 656.5202, 767.3755, 93.4526, 596.8668, 868.2393, 135.0835, 617.7141, 752.0217, 81.8698, 703.0183, 739.0864, 140.4850, 656.5930, 835.2153, 102.9681, 702.6272, 788.5483, 32.8878}
{312.0098, 690.0589, 65.2467, 631.5548, 656.3952, 31.5684, 632.6528, 629.3741, 93.6585, 667.0664, 665.1719, 58.4883, 686.4912, 667.3814, 69.2111, 536.9037, 678.1958, 81.9837, 553.0299, 675.3028, 68.4843, 626.1110, 620.2220, 0.0000, 623.0408, 563.4858, 43.0594, 549.9752, 593.8614, 63.2969, 654.2948, 663.2655, 34.2082, 606.5664, 540.4612, 62.1591, 662.0708, 689.3277, 78.1893, 543.0999, 679.8173, 61.7932, 642.2394, 588.1331, 82.4693, 584.0777, 704.4970, 56.1537, 636.5204, 542.3523, 95.9747, 656.1744, 621.0314, 84.1131, 599.3086, 612.6166, 65.9898, 706.6439, 739.1518, 63.0074, 534.8858, 632.8902, 84.1120, 585.3363, 690.9469, 86.9373, 584.3468, 621.1911, 82.9596, 621.8734, 646.0307}
{401.2880, 772.0887, 564.4101, 35.8591, 770.2142, 598.2661, 49.0306, 743.6487, 530.3264, 69.2267, 680.7534, 616.3840, 134.6888, 687.1896, 592.9043, 121.7899, 636.1244, 614.7122, 122.5883, 636.1113, 587.3520, 134.4536, 765.6146, 623.0408, 0.0000, 697.0439, 642.2412, 74.7278, 659.0807, 648.8401, 154.5437, 771.9046, 613.6673, 108.7980, 603.3669, 675.3697, 65.1401, 780.6726, 630.9331, 87.1531, 650.3449, 593.5542, 42.9954, 742.7832, 666.9222, 41.3644, 759.2013, 567.0943, 26.6989, 637.3966, 718.5335, 114.3721, 665.6763, 706.4088, 31.5247, 685.2520, 558.0897, 104.6525, 792.8247, 560.8553, 100.7959, 707.9717, 633.2833, 38.0153, 711.9934, 709.3839, 129.1538, 682.2611, 638.3743, 30.4031, 765.5231}
{372.8875, 126.5753, 574.4651, 675.5507, 95.8477, 574.6132, 739.6083, 66.8604, 553.7361, 766.1969, 133.1597, 615.9751, 826.7391, 131.3224, 495.5865, 709.7577, 184.3654, 637.1312, 729.5218, 180.9840, 497.9719, 798.2011, 71.8022, 563.4858, 697.0439, 0.0000, 606.2898, 664.6593, 69.7363, 626.6952, 828.3036, 101.8677, 529.2814, 766.7064, 96.6805, 549.6842, 761.9196, 126.3606, 490.9957, 675.1807, 174.4351, 605.6153, 738.6430, 45.7496, 644.6925, 662.0024, 143.2660, 544.0609, 687.9788, 60.3754, 609.4558, 799.8477, 92.8098, 605.5589, 697.9512, 66.6977, 535.8198, 800.2087, 176.1484, 556.6114, 681.1730, 76.7141, 645.0737, 669.7661, 145.1161, 605.8867, 764.3036, 79.1571, 645.0365, 719.4212, 86.3911}
{349.3236, 732.8541, 78.2032, 652.8164, 698.9899, 47.4817, 648.8726, 672.0822, 114.0750, 682.9744, 708.2160, 33.1075, 698.3739, 710.4343, 112.2061, 550.4614, 720.9593, 52.3849, 565.6258, 718.0800, 111.1871, 636.7240, 662.5753, 43.0594, 642.2412, 606.2898, 0.0000, 568.3099, 636.9204, 20.4596, 663.9366, 705.8910, 77.1129, 618.8861, 583.4551, 81.2223, 678.0536, 732.0376, 118.1954, 560.1812, 722.6850, 51.7459, 659.0599, 630.5439, 39.6588, 604.2214, 747.4488, 85.9226, 657.0723, 585.4095, 82.5927, 668.5432, 664.0888, 70.7081, 617.2566, 655.6496, 97.0328, 722.0094, 782.0359, 85.5215, 551.0113, 675.8811, 46.8170, 604.9145, 734.0063, 73.8809, 595.5135, 664.2413, 43.9773, 639.2011, 688.6041}
{344.3011, 749.1751, 490.6493, 94.9071, 743.4070, 524.7150, 87.7445, 715.6900, 456.9292, 121.9234, 662.1625, 542.1202, 166.4488, 668.3670, 522.0040, 67.6520, 622.9736, 540.1722, 79.8829, 622.5574, 516.3096, 134.3206, 734.9389, 549.9752, 74.7278, 664.6593, 568.3099, 0.0000, 632.9576, 574.5987, 163.7637, 745.7792, 541.6109, 102.6372, 574.0920, 603.2497, 116.8102, 756.9621, 560.5582, 19.2551, 636.2249, 519.3337, 94.4572, 710.0970, 592.5347, 44.2658, 739.1459, 494.1908, 94.3164, 606.3055, 645.2117, 137.1673, 642.5285, 633.0522, 49.5055, 659.6013, 485.4019, 162.3217, 774.1912, 487.5366, 34.8409, 683.1396, 558.7363, 40.5020, 694.1897, 636.0504, 106.3672, 657.9023, 563.8478, 73.0440, 737.8580}
{368.9688, 119.1007, 597.6739, 635.1850, 111.1411, 601.7092, 703.5481, 85.6890, 573.5837, 728.2622, 74.0881, 643.3502, 791.2671, 74.8724, 524.8656, 682.5952, 115.9391, 663.3709, 701.8557, 112.5053, 526.4760, 767.2507, 114.0116, 593.8614, 659.0807, 69.7363, 636.9204, 632.9576, 0.0000, 657.0776, 796.5375, 112.9641, 559.9270, 735.5781, 63.8481, 586.5860, 724.2189, 125.2974, 525.1791, 644.9695, 107.5681, 630.9244, 701.4458, 103.7632, 676.1049, 626.1463, 119.1467, 568.6173, 647.8936, 51.6298, 648.0518, 765.6423, 28.5803, 643.0891, 662.7369, 26.8150, 559.5464, 760.5186, 156.6395, 580.0139, 652.3234, 51.1106, 672.9233, 634.2704, 97.1006, 643.7122, 735.5475, 29.2050, 673.4272, 683.1369, 106.9202}
{365.5818, 753.2629, 88.2877, 660.4204, 719.4362, 62.4796, 654.0003, 692.5114, 125.0184, 687.9039, 728.2597, 32.5065, 701.3256, 730.5132, 132.2403, 554.4622, 740.5717, 42.8170, 569.1319, 737.7076, 130.9722, 639.1497, 683.0348, 63.2969, 648.8401, 626.6952, 20.4596, 574.5987, 657.0776, 0.0000, 665.8535, 726.3336, 97.4510, 622.1642, 603.3844, 98.0172, 683.0260, 752.4668, 138.5180, 565.8730, 742.4202, 55.2949, 664.4674, 651.0022, 21.4128, 611.3397, 767.7872, 101.4357, 664.3192, 605.5870, 87.1206, 671.7702, 684.1967, 76.3528, 623.2761, 675.9005, 112.5610, 726.6264, 802.4125, 98.5971, 556.2554, 696.1871, 31.1299, 611.7532, 754.1537, 79.3737, 598.2746, 684.4505, 26.8534, 644.8845, 709.0526}
{497.1762, 912.3827, 590.3932, 189.1394, 907.0879, 625.5350, 105.7175, 879.4271, 561.2561, 102.9064, 824.2812, 633.8984, 49.2899, 830.5598, 639.7638, 128.5953, 783.0928, 626.5320, 108.7589, 782.8440, 633.5414, 31.4980, 898.6714, 654.2948, 154.5437, 828.3036, 663.9366, 163.7637, 796.5375, 665.8535, 0.0000, 909.4075, 652.9157, 61.8471, 737.8463, 712.8285, 103.1161, 920.3047, 679.8101, 153.5692, 796.7630, 612.4532, 115.0805, 873.6917, 680.8207, 175.3378, 901.7393, 601.2431, 177.2973, 770.0478, 745.3124, 43.4045, 805.6987, 733.0859, 138.6712, 823.1455, 594.2312, 110.1799, 936.4364, 591.5348, 149.7561, 846.5987, 644.3766, 166.5776, 856.1100, 736.2286, 72.8692, 821.2804, 649.8727, 124.5436, 901.5866}
{470.5386, 34.6102, 675.8362, 747.7143, 7.6679, 675.2563, 816.4851, 35.1606, 655.4815, 841.0645, 115.5167, 716.4838, 904.2149, 109.4893, 595.8522, 794.8091, 179.5489, 737.8741, 814.1746, 177.0974, 598.4317, 880.0467, 50.4032, 663.2655, 771.9046, 101.8677, 705.8910, 745.7792, 112.9641, 726.3336, 909.4075, 0.0000, 629.0640, 848.3818, 173.0206, 646.9195, 837.0446, 28.0186, 589.6618, 757.6406, 164.2480, 706.5939, 814.3194, 77.9742, 743.9471, 739.0997, 65.1184, 645.2579, 760.4594, 145.7906, 705.5764, 878.6053, 109.0040, 702.2682, 775.6989, 86.6545, 637.1587, 873.0821, 84.7045, 657.9735, 764.8100, 64.7561, 745.4166, 747.2302, 101.7753, 702.4394, 848.0633, 90.6546, 745.2345, 796.0676, 18.1485}
{286.2998, 655.8539, 77.4017, 620.3436, 622.1977, 53.8916, 625.8264, 595.1663, 94.0151, 660.4057, 631.3954, 90.3766, 683.1671, 633.5538, 36.2887, 532.6936, 645.0921, 113.5271, 549.5602, 642.1748, 37.0514, 624.0207, 586.0792, 34.2082, 613.6673, 529.2814, 77.1129, 541.6109, 559.9270, 97.4510, 652.9157, 629.0640, 0.0000, 603.1237, 506.8739, 61.7098, 655.3603, 655.1198, 47.3897, 535.8519, 646.5145, 88.2757, 634.8691, 553.9752, 116.1853, 574.0017, 670.3423, 53.6367, 625.9218, 508.3925, 114.0588, 652.5314, 587.1650, 103.5730, 591.1007, 578.5588, 58.9209, 700.3407, 704.9650, 67.0283, 528.4968, 598.7683, 117.5691, 575.7535, 657.0222, 105.8400, 581.9451, 587.1860, 116.7615, 614.1287, 611.8365}
{436.4877, 851.7972, 543.6882, 144.6472, 845.9808, 578.7094, 66.3741, 818.2030, 513.0157, 84.2773, 764.4731, 589.8721, 80.0435, 770.7052, 588.0679, 71.2442, 724.4168, 584.1475, 53.5752, 724.0791, 581.9697, 31.6852, 837.1766, 606.5664, 108.7980, 766.7064, 618.8861, 102.6372, 735.5781, 622.1642, 61.8471, 848.3818, 603.1237, 0.0000, 676.5700, 663.7769, 81.3754, 859.5974, 627.8381, 91.7383, 737.8669, 567.8873, 79.7475, 812.0562, 638.1370, 119.8985, 841.6233, 552.4434, 134.7073, 708.5806, 699.2402, 49.6644, 745.1428, 686.9878, 85.3732, 762.2288, 544.8777, 113.0257, 876.5574, 543.5757, 88.2740, 785.7758, 602.3256, 111.0535, 796.4297, 690.0983, 28.2892, 760.5388, 607.7326, 79.0454, 840.3838}
{305.3914, 182.5562, 540.6106, 580.9037, 169.9788, 546.4966, 646.8287, 141.6878, 515.1888, 672.5895, 125.9852, 588.1012, 734.3105, 129.0946, 471.2562, 622.0470, 143.0228, 607.4777, 641.4977, 139.7623, 472.4251, 708.1944, 162.3324, 540.4612, 603.3669, 96.6805, 583.4551, 574.0920, 63.8481, 603.3844, 737.8463, 173.0206, 506.8739, 676.5700, 0.0000, 537.3461, 668.4103, 188.1202, 474.5410, 585.5016, 141.4533, 574.7024, 645.3377, 141.7439, 622.9199, 569.2456, 182.6212, 512.3068, 593.4455, 36.8615, 599.6546, 708.0390, 85.0813, 593.9595, 605.5436, 90.0155, 502.8900, 705.9081, 220.1590, 523.1136, 592.3411, 114.5031, 617.8043, 577.1917, 154.7609, 594.7872, 675.6089, 92.7247, 618.5878, 626.5180, 163.9155}
{340.5829, 675.5750, 126.9686, 682.0067, 639.7653, 93.6945, 687.2936, 614.0593, 151.7911, 721.8527, 659.5325, 110.8138, 743.8066, 661.1443, 88.5160, 593.5526, 678.3084, 132.7998, 610.2017, 675.2539, 92.4555, 684.2068, 601.5972, 62.1591, 675.3697, 549.6842, 81.2223, 603.2497, 586.5860, 98.0172, 712.8285, 646.9195, 61.7098, 663.7769, 537.3461, 0.0000, 716.8145, 673.8003, 64.8768, 597.3630, 678.4561, 121.0619, 696.4155, 570.1197, 107.6643, 635.7112, 692.4910, 111.5885, 687.6180, 534.9998, 63.0988, 713.2631, 614.5198, 56.6146, 652.7325, 603.2738, 118.9084, 761.7334, 725.7938, 122.1068, 589.8665, 622.0849, 127.7701, 637.4595, 683.3809, 57.4979, 642.2323, 612.7224, 124.3732, 675.7170, 629.2322}
{458.7612, 837.1684, 601.1830, 93.4869, 835.3515, 635.7455, 29.5699, 808.7659, 568.5476, 5.1171, 745.6087, 650.5339, 72.1140, 752.0599, 636.9962, 131.5266, 700.4337, 646.7899, 121.9892, 700.4735, 631.1878, 93.6522, 830.6276, 662.0708, 65.1401, 761.9196, 678.0536, 116.8102, 724.2189, 683.0260, 103.1161, 837.0446, 655.3603, 81.3754, 668.4103, 716.8145, 0.0000, 845.7773, 675.9083, 119.6698, 714.7653, 628.0354, 23.8786, 807.6499, 700.0991, 101.3982, 824.1326, 606.7318, 80.5995, 702.3466, 756.5525, 59.7181, 730.7819, 744.3317, 69.4644, 750.3921, 598.3420, 45.5450, 857.6335, 599.2444, 127.2017, 773.1060, 665.2260, 94.7285, 776.7660, 747.3801, 109.1786, 747.3909, 670.4990, 45.2583, 830.6485}
{489.9552, 11.8661, 700.8172, 755.5700, 35.6700, 700.8527, 825.9060, 59.9555, 679.8681, 849.6952, 110.1639, 742.1686, 913.7117, 103.6055, 621.6648, 807.4886, 172.4546, 763.4068, 826.6566, 170.4103, 624.1350, 891.2820, 78.2365, 689.3277, 780.6726, 126.3606, 732.0376, 756.9621, 125.2974, 752.4668, 920.3047, 28.0186, 655.1198, 859.5974, 188.1202, 673.8003, 845.7773, 0.0000, 616.1347, 769.3290, 156.5394, 731.9486, 823.2986, 105.8214, 770.2397, 748.7647, 43.5169, 670.4203, 768.3970, 164.4442, 732.7054, 888.6315, 114.9963, 729.2785, 785.5272, 98.5122, 662.1765, 880.9297, 56.9133, 682.9651, 776.9590, 74.2597, 771.2018, 757.0135, 89.3848, 729.4825, 860.1231, 99.0742, 771.0998, 805.4423, 46.1407}
{279.6260, 617.3766, 122.4224, 635.0794, 582.6541, 101.2809, 646.3424, 556.2190, 131.7630, 680.9979, 597.6398, 136.4287, 707.7359, 599.4549, 40.2571, 556.8284, 614.8277, 159.8420, 574.4776, 611.8077, 46.6838, 650.2123, 545.5753, 78.1893, 630.9331, 490.9957, 118.1954, 560.5582, 525.1791, 138.5180, 679.8101, 589.6618, 47.3897, 627.8381, 474.5410, 64.8768, 675.9083, 616.1347, 0.0000, 556.2600, 615.3291, 135.6447, 654.6588, 513.7033, 154.7390, 590.5124, 633.1264, 94.2771, 641.4786, 473.5493, 127.8965, 676.8267, 552.8760, 120.5888, 610.0008, 542.6754, 95.5963, 721.2452, 667.0893, 109.3862, 550.0202, 562.1164, 162.1218, 592.9179, 622.1854, 121.8190, 607.9462, 551.7922, 160.6361, 633.5244, 572.2020}
{347.9712, 761.7166, 482.8718, 111.2347, 755.1210, 517.2199, 90.1000, 727.1798, 449.7292, 124.7509, 675.6676, 533.3683, 161.6294, 681.8198, 517.3265, 48.6110, 637.5166, 530.6812, 62.1237, 637.0314, 511.5187, 123.0598, 745.7767, 543.0999, 87.1531, 675.1807, 560.1812, 19.2551, 644.9695, 565.8730, 153.5692, 757.6406, 535.8519, 91.7383, 585.5016, 597.3630, 119.6698, 769.3290, 556.2600, 0.0000, 650.5819, 510.6933, 99.1419, 720.4814, 583.4563, 62.0322, 752.2753, 487.5731, 109.2236, 617.2321, 637.9335, 131.2625, 655.1567, 625.7365, 58.0934, 671.6758, 479.0455, 164.9929, 787.5610, 480.4047, 15.7793, 695.3574, 549.2099, 56.9314, 707.8039, 628.7632, 91.3877, 670.2554, 554.3873, 79.0266, 749.3870}
{423.2307, 145.0048, 676.5473, 622.3372, 167.6289, 684.4309, 697.5169, 158.0372, 649.3021, 718.2995, 49.1931, 725.8933, 784.9061, 54.8459, 610.6357, 692.6531, 16.1175, 744.5754, 710.7010, 14.8094, 611.5036, 769.3432, 193.7341, 679.8173, 650.3449, 174.4351, 722.6850, 636.2249, 107.5681, 742.4202, 796.7630, 164.2480, 646.5145, 737.8669, 141.4533, 678.4561, 714.7653, 156.5394, 615.3291, 650.5819, 0.0000, 711.5329, 693.3369, 197.4011, 762.2673, 622.0645, 120.2127, 649.2437, 635.3204, 152.3045, 740.8966, 761.9680, 81.6454, 735.0568, 659.0473, 109.2642, 639.4693, 746.6978, 147.1249, 659.3214, 660.1271, 112.2786, 755.6482, 630.6703, 68.8394, 735.9294, 741.9470, 96.8921, 756.6834, 677.0703, 170.3706}
{320.5903, 731.9270, 37.5996, 605.1615, 699.9573, 34.4534, 598.9617, 672.1557, 73.3409, 632.9268, 700.4646, 22.9896, 647.2434, 703.1345, 113.6592, 499.8179, 708.6840, 33.2921, 514.7265, 705.9467, 109.8328, 585.3910, 665.3468, 61.7932, 593.5542, 605.6153, 51.7459, 519.3337, 630.9244, 55.2949, 612.4532, 706.5939, 88.2757, 567.8873, 574.7024, 121.0619, 628.0354, 731.9486, 135.6447, 510.6933, 711.5329, 0.0000, 609.3573, 633.0254, 74.3403, 556.0481, 744.4751, 62.3956, 609.0319, 579.8939, 134.2226, 617.5274, 657.3039, 122.2229, 568.0462, 651.1274, 72.0910, 671.7568, 779.9705, 52.9370, 501.1751, 672.3695, 47.9108, 556.4588, 727.6064, 125.3999, 544.2956, 658.9782, 51.1489, 589.7130, 689.7640}
{435.1573, 814.7704, 581.8830, 74.8347, 812.5608, 616.2902, 13.8916, 785.8605, 548.8510, 28.7222, 723.6467, 631.9616, 91.7318, 730.0750, 615.9293, 117.3667, 679.1197, 628.7754, 110.9757, 679.1058, 610.1768, 99.3864, 807.4990, 642.2394, 42.9954, 738.6430, 659.0599, 94.4572, 701.4458, 664.4674, 115.0805, 814.3194, 634.8691, 79.7475, 645.3377, 696.4155, 23.8786, 823.2986, 654.6588, 99.1419, 693.3369, 609.3573, 0.0000, 784.3631, 681.8241, 77.5798, 802.0478, 586.7117, 62.5284, 679.1465, 737.0302, 73.0948, 708.3046, 724.8280, 46.0528, 727.6762, 578.1643, 68.3740, 835.7364, 579.5307, 108.2604, 750.4804, 647.2629, 70.8500, 754.9207, 727.8591, 105.3229, 724.7997, 652.4900, 21.7353, 807.7769}
{413.8136, 110.2023, 603.1904, 721.2916, 70.4806, 601.1613, 785.2910, 50.4929, 584.3257, 811.9317, 150.7317, 642.1480, 872.3835, 147.0489, 521.3489, 754.6988, 209.6947, 663.8648, 774.5144, 206.5184, 524.1785, 843.5235, 32.4063, 588.1331, 742.7832, 45.7496, 630.5439, 710.0970, 103.7632, 651.0022, 873.6917, 77.9742, 553.9752, 812.0562, 141.7439, 570.1197, 807.6499, 105.8214, 513.7033, 720.4814, 197.4011, 633.0254, 784.3631, 0.0000, 668.2686, 707.6892, 135.2516, 572.2199, 733.7238, 105.9158, 628.3257, 845.4262, 119.3591, 625.2184, 743.6045, 89.6254, 564.4813, 845.9582, 161.5746, 585.3283, 726.3303, 86.6551, 670.8322, 715.4372, 153.1034, 625.3332, 809.4086, 101.2972, 670.4728, 765.1151, 59.8678}
{386.9913, 771.2192, 108.9388, 679.0636, 736.9947, 83.8876, 671.1858, 710.2909, 145.7060, 704.9473, 747.5601, 51.3947, 717.0245, 749.7337, 151.6799, 570.9733, 760.5856, 54.3366, 585.2978, 757.7020, 150.8027, 654.5066, 700.2030, 82.4693, 666.9222, 644.6925, 39.6588, 592.5347, 676.1049, 21.4128, 680.8207, 743.9471, 116.1853, 638.1370, 622.9199, 107.6643, 700.0991, 770.2397, 154.7390, 583.4563, 762.2673, 74.3403, 681.8241, 668.2686, 0.0000, 629.7342, 786.1659, 122.8473, 682.7644, 624.5620, 83.0441, 687.6786, 703.3499, 74.1882, 641.0271, 694.6405, 133.9735, 743.4504, 820.5840, 119.8344, 573.5685, 714.7167, 37.2535, 629.9895, 773.2018, 76.8223, 613.8996, 703.3257, 31.6637, 662.4211, 726.5751}
{360.2097, 740.4716, 526.2098, 51.4201, 737.1621, 559.7919, 77.6133, 710.1609, 491.7384, 106.0841, 650.7001, 578.9486, 165.1358, 657.0534, 552.6948, 107.1578, 608.2266, 577.9975, 114.7431, 608.0443, 547.2033, 149.9908, 731.2104, 584.0777, 41.3644, 662.0024, 604.2214, 44.2658, 626.1463, 611.3397, 175.3378, 739.0997, 574.0017, 119.8985, 569.2456, 635.7112, 101.3982, 748.7647, 590.5124, 62.0322, 622.0645, 556.0481, 77.5798, 707.6892, 629.7342, 0.0000, 728.6686, 528.0319, 53.0918, 602.7108, 679.7570, 140.1495, 633.8440, 667.6718, 36.9905, 652.5226, 518.8682, 144.0693, 762.8883, 522.1646, 77.7216, 675.5689, 596.5815, 8.8553, 682.2957, 670.6228, 132.6784, 650.0006, 601.5988, 57.4637, 732.1609}
{488.0015, 32.2518, 712.1748, 732.8615, 72.0542, 714.2829, 805.2916, 84.8535, 689.4300, 827.8982, 79.1353, 755.8281, 893.0611, 72.5160, 636.0639, 791.9411, 136.3297, 776.4864, 810.7494, 134.7610, 638.1327, 873.2838, 113.3074, 704.4970, 759.2013, 143.2660, 747.4488, 739.1459, 119.1467, 767.7872, 901.7393, 65.1184, 670.3423, 841.6233, 182.6212, 692.4910, 824.1326, 43.5169, 633.1264, 752.2753, 120.2127, 744.4751, 802.0478, 135.2516, 786.1659, 728.6686, 0.0000, 682.4419, 745.7756, 166.6343, 752.5465, 868.8011, 99.8884, 748.5069, 765.5924, 94.9756, 673.7472, 857.9812, 37.5394, 694.3986, 760.6203, 72.2628, 785.1715, 737.0737, 51.3788, 748.8779, 843.4748, 89.9845, 785.3653, 784.7996, 80.6815}
{264.1491, 670.2319, 32.0108, 575.4226, 638.6888, 38.9698, 577.2717, 610.7046, 40.5502, 611.7435, 638.0740, 77.8242, 632.4509, 640.7538, 60.5256, 482.4125, 646.4971, 95.3319, 498.8714, 643.7443, 54.9595, 572.6625, 604.5863, 56.1537, 567.0943, 544.0609, 85.9226, 494.1908, 568.6173, 101.4357, 601.2431, 645.2579, 53.6367, 552.4434, 512.3068, 111.5885, 606.7318, 670.4203, 94.2771, 487.5731, 649.2437, 62.3956, 586.7117, 572.2199, 122.8473, 528.0319, 682.4419, 0.0000, 580.4300, 517.6394, 152.1167, 601.9784, 594.9469, 140.2064, 543.5706, 588.9420, 11.1437, 651.4412, 718.0565, 15.5553, 479.6006, 610.2938, 107.3345, 529.3523, 665.2582, 143.0596, 530.7200, 596.7199, 109.1422, 566.2466, 628.5505}
{403.9884, 759.5656, 579.0148, 12.9946, 759.0061, 612.4856, 71.8988, 732.8938, 544.3990, 83.5962, 667.0327, 631.9432, 152.5720, 673.5267, 604.0018, 147.1815, 620.8460, 631.0769, 148.9314, 620.9536, 598.5958, 159.1517, 755.7763, 636.5204, 26.6989, 687.9788, 657.0723, 94.3164, 647.8936, 664.3192, 177.2973, 760.4594, 625.9218, 134.7073, 593.4455, 687.6180, 80.5995, 768.3970, 641.4786, 109.2236, 635.3204, 609.0319, 62.5284, 733.7238, 682.7644, 53.0918, 745.7756, 580.4300, 0.0000, 628.0204, 732.2843, 135.6228, 653.4684, 720.2219, 57.2981, 673.8358, 571.1653, 112.6262, 778.8865, 574.7691, 123.8205, 696.2234, 649.6610, 54.0724, 697.9537, 723.1598, 155.7286, 670.4153, 654.6734, 55.6813, 754.6209}
{325.5181, 160.7018, 546.9041, 615.5527, 141.7011, 550.4623, 680.3237, 112.2470, 523.3470, 706.5864, 124.9435, 592.0963, 767.6158, 126.2174, 473.3973, 652.7447, 157.5453, 612.2476, 672.3684, 154.1083, 475.0638, 740.1436, 128.6530, 542.3523, 637.3966, 60.3754, 585.4095, 606.3055, 51.6298, 605.5870, 770.0478, 145.7906, 508.3925, 708.5806, 36.8615, 534.9998, 702.3466, 164.4442, 473.5493, 617.2321, 152.3045, 579.8939, 679.1465, 105.9158, 624.5620, 602.7108, 166.6343, 517.6394, 628.0204, 0.0000, 596.5311, 740.9847, 79.6015, 591.5163, 638.8117, 71.7917, 508.6717, 740.3431, 203.5553, 529.2019, 623.6180, 94.7376, 621.6362, 610.5509, 148.6941, 592.1523, 706.8463, 79.0846, 622.0908, 660.0825, 134.3972}
{399.7552, 734.8481, 155.6298, 727.4162, 698.3306, 120.8253, 727.2148, 673.1659, 188.2840, 761.5202, 721.2542, 115.0141, 778.9512, 722.7397, 146.9678, 630.2046, 740.9394, 129.8947, 645.8266, 737.8673, 149.6826, 717.7603, 659.4671, 95.9747, 718.5335, 609.4558, 82.5927, 645.2117, 648.0518, 87.1206, 745.3124, 705.5764, 114.0588, 699.2402, 599.6546, 63.0988, 756.5525, 732.7054, 127.8965, 637.9335, 740.8966, 134.2226, 737.0302, 628.3257, 83.0441, 679.7570, 752.5465, 152.1167, 732.2843, 596.5311, 0.0000, 748.9017, 676.1128, 12.2528, 694.4541, 664.2205, 161.8934, 800.8883, 785.3657, 157.6883, 629.3574, 682.6076, 116.9009, 680.9017, 744.6528, 9.1724, 676.3228, 673.8721, 111.7404, 716.8311, 687.7572}
{479.2073, 880.4241, 593.3442, 147.8514, 876.5385, 628.3601, 65.4412, 849.2894, 562.6050, 59.5518, 790.8492, 639.4917, 31.1249, 797.2029, 637.1378, 120.0102, 748.0206, 633.6541, 103.1446, 747.8875, 631.0698, 41.3157, 869.6166, 656.1744, 114.3721, 799.8477, 668.5432, 137.1673, 765.6423, 671.7702, 43.4045, 878.6053, 652.5314, 49.6644, 708.0390, 713.2631, 59.7181, 888.6315, 676.8267, 131.2625, 761.9680, 617.5274, 73.0948, 845.4262, 687.6786, 140.1495, 868.8011, 601.9784, 135.6228, 740.9847, 748.9017, 0.0000, 773.7646, 736.6492, 103.2089, 792.1035, 594.3566, 72.5259, 903.0369, 593.1784, 131.7172, 815.2810, 651.8061, 131.7303, 822.4331, 739.7592, 74.7044, 789.7771, 657.2225, 85.4550, 871.3569}
{389.6322, 106.6904, 623.7408, 640.6539, 109.1403, 628.4007, 710.9434, 89.2459, 599.0840, 734.7026, 45.5312, 670.0435, 798.7527, 46.6283, 551.9584, 693.9707, 91.8545, 689.8686, 712.9756, 88.5229, 553.4595, 776.8271, 122.4547, 621.0314, 665.6763, 92.8098, 664.0888, 642.5285, 28.5803, 684.1967, 805.6987, 109.0040, 587.1650, 745.1428, 85.0813, 614.5198, 730.7819, 114.9963, 552.8760, 655.1567, 81.6454, 657.3039, 708.3046, 119.3591, 703.3499, 633.8440, 99.8884, 594.9469, 653.4684, 79.6015, 676.1128, 773.7646, 0.0000, 671.0542, 670.6318, 29.8145, 585.7514, 766.0251, 137.1730, 606.1367, 663.0722, 44.5056, 699.6632, 642.1133, 70.3513, 671.7049, 746.1336, 19.5979, 700.2480, 690.4761, 107.6037}
{389.7202, 731.2338, 143.3798, 715.3912, 695.0657, 108.5937, 714.9987, 669.6291, 176.1238, 749.2980, 716.0946, 103.3553, 766.7004, 717.6809, 137.2838, 617.9541, 734.8658, 118.9509, 633.5738, 731.8170, 139.6914, 705.5196, 656.5202, 84.1131, 706.4088, 605.5589, 70.7081, 633.0522, 643.0891, 76.3528, 733.0859, 702.2682, 103.5730, 686.9878, 593.9595, 56.6146, 744.3317, 729.2785, 120.5888, 625.7365, 735.0568, 122.2229, 724.8280, 625.2184, 74.1882, 667.6718, 748.5069, 140.2064, 720.2219, 591.5163, 12.2528, 736.6492, 671.0542, 0.0000, 682.2833, 659.6246, 150.0902, 788.6567, 781.5984, 145.5537, 617.1385, 678.2842, 106.6662, 668.7912, 739.8371, 3.1770, 664.0764, 669.1389, 101.6510, 704.6420, 684.5100}
{389.3037, 777.2774, 539.7186, 63.7928, 773.7070, 573.8823, 42.4389, 746.6036, 506.1724, 74.4859, 687.6599, 590.7805, 128.8041, 694.0083, 571.4875, 90.2682, 645.1965, 588.4134, 91.7319, 645.0204, 565.8011, 114.3201, 767.3755, 599.3086, 31.5247, 697.9512, 617.2566, 49.5055, 662.7369, 623.2761, 138.6712, 775.6989, 591.1007, 85.3732, 605.5436, 652.7325, 69.4644, 785.5272, 610.0008, 58.0934, 659.0473, 568.0462, 46.0528, 743.6045, 641.0271, 36.9905, 765.5924, 543.5706, 57.2981, 638.8117, 694.4541, 103.2089, 670.6318, 682.2833, 0.0000, 689.1512, 534.8245, 114.4267, 799.8493, 536.8021, 70.5331, 712.2569, 606.9571, 28.5256, 719.2702, 685.2896, 101.9472, 686.7178, 612.1108, 24.3184, 768.6319}
{394.2998, 92.5541, 618.3773, 661.0996, 85.3041, 621.4015, 729.8805, 61.8208, 595.0676, 754.4103, 66.4652, 663.0123, 817.6243, 64.8332, 543.8428, 709.3835, 120.6199, 683.3606, 728.6319, 117.3664, 545.6757, 793.9046, 93.4526, 612.6166, 685.2520, 66.6977, 655.6496, 659.6013, 26.8150, 675.9005, 823.1455, 86.6545, 578.5588, 762.2288, 90.0155, 603.2738, 750.3921, 98.5122, 542.6754, 671.6758, 109.2642, 651.1274, 727.6762, 89.6254, 694.6405, 652.5226, 94.9756, 588.9420, 673.8358, 71.7917, 664.2205, 792.1035, 29.8145, 659.6246, 689.1512, 0.0000, 580.0711, 786.4607, 132.1430, 600.6471, 679.0746, 24.4888, 692.4838, 660.6725, 81.4719, 660.1463, 762.2911, 12.5351, 692.8373, 709.4566, 81.9672}
{253.0336, 661.8559, 38.7096, 566.0306, 630.6377, 50.1066, 568.8525, 602.5286, 36.2527, 603.3659, 628.7287, 88.4937, 624.9109, 631.4674, 58.9762, 474.6488, 636.5936, 105.2710, 491.3030, 633.8576, 52.8479, 565.4588, 596.8668, 65.9898, 558.0897, 535.8198, 97.0328, 485.4019, 559.5464, 112.5610, 594.2312, 637.1587, 58.9209, 544.8777, 502.8900, 118.9084, 598.3420, 662.1765, 95.5963, 479.0455, 639.4693, 72.0910, 578.1643, 564.4813, 133.9735, 518.8682, 673.7472, 11.1437, 571.1653, 508.6717, 161.8934, 594.3566, 585.7514, 150.0902, 534.8245, 580.0711, 0.0000, 643.1511, 709.4800, 20.8480, 471.2812, 601.5592, 117.8483, 520.2957, 656.0831, 152.8921, 523.4369, 587.7371, 119.8161, 557.6100, 620.5387}
{503.3166, 872.0488, 645.3991, 125.3812, 871.6323, 680.0635, 74.9968, 845.4990, 613.0558, 40.4280, 779.1390, 694.1586, 63.8447, 785.6559, 682.2626, 172.9791, 732.0482, 689.9363, 160.9265, 732.2459, 676.4307, 113.6936, 868.2393, 706.6439, 104.6525, 800.2087, 722.0094, 162.3217, 760.5186, 726.6264, 110.1799, 873.0821, 700.3407, 113.0257, 705.9081, 761.7334, 45.5450, 880.9297, 721.2452, 164.9929, 746.6978, 671.7568, 68.3740, 845.9582, 743.4504, 144.0693, 857.9812, 651.4412, 112.6262, 740.3431, 800.8883, 72.5259, 766.0251, 788.6567, 114.4267, 786.4607, 643.1511, 0.0000, 890.8516, 643.7545, 171.8730, 808.8308, 708.3173, 138.1833, 809.8963, 791.7169, 141.1303, 783.0156, 713.6288, 90.1086, 867.2373}
{525.5345, 51.4098, 747.9775, 765.9420, 92.3692, 749.5024, 839.2477, 112.9964, 725.6597, 861.3283, 112.1905, 790.9917, 926.9505, 105.8773, 670.9465, 827.6560, 162.9367, 811.8315, 846.3528, 161.9343, 673.1451, 908.1942, 135.0835, 739.1518, 792.8247, 176.1484, 782.0359, 774.1912, 156.6395, 802.4125, 936.4364, 84.7045, 704.9650, 876.5574, 220.1590, 725.7938, 857.6335, 56.9133, 667.0893, 787.5610, 147.1249, 779.9705, 835.7364, 161.5746, 820.5840, 762.8883, 37.5394, 718.0565, 778.8865, 203.5553, 785.3657, 903.0369, 137.1730, 781.5984, 799.8493, 132.1430, 709.4800, 890.8516, 0.0000, 730.1752, 796.1214, 108.8567, 820.2476, 771.3487, 80.9596, 781.8959, 878.8409, 127.5007, 820.3475, 818.7576, 102.6281}
{268.6942, 682.6135, 17.8669, 570.0665, 651.4595, 38.3919, 569.8513, 623.3312, 30.6990, 604.2315, 649.0002, 71.5064, 623.5122, 651.7843, 76.0743, 473.8970, 656.2841, 86.2172, 490.0344, 653.5706, 70.4629, 563.2395, 617.7141, 63.0074, 560.8553, 556.6114, 85.5215, 487.5366, 580.0139, 98.5971, 591.5348, 657.9735, 67.0283, 543.5757, 523.1136, 122.1068, 599.2444, 682.9651, 109.3862, 480.4047, 659.3214, 52.9370, 579.5307, 585.3283, 119.8344, 522.1646, 694.3986, 15.5553, 574.7691, 529.2019, 157.6883, 593.1784, 606.1367, 145.5537, 536.8021, 600.6471, 20.8480, 643.7545, 730.1752, 0.0000, 472.0466, 622.1966, 100.0366, 523.2454, 676.4781, 148.5334, 521.4321, 608.2541, 102.5301, 559.2485, 641.3657}
{348.4499, 769.5107, 474.0226, 126.3968, 762.1565, 508.5559, 97.8801, 734.0217, 441.3492, 132.1849, 684.3929, 523.7514, 162.6430, 690.4934, 510.8238, 34.5214, 647.2460, 520.5205, 50.6425, 646.6946, 504.9331, 118.5604, 752.0217, 534.8858, 100.7959, 681.1730, 551.0113, 34.8409, 652.3234, 556.2554, 149.7561, 764.8100, 528.4968, 88.2740, 592.3411, 589.8665, 127.2017, 776.9590, 550.0202, 15.7793, 660.1271, 501.1751, 108.2604, 726.3303, 573.5685, 77.7216, 760.6203, 479.6006, 123.8205, 623.6180, 629.3574, 131.7172, 663.0722, 617.1385, 70.5331, 679.0746, 471.2812, 171.8730, 796.1214, 472.0466, 0.0000, 702.8775, 539.0121, 72.3515, 716.6204, 620.1850, 83.2679, 677.9104, 544.2349, 89.4138, 756.2562}
{418.5327, 68.0681, 639.9649, 683.4507, 64.6407, 642.3134, 752.8460, 46.7049, 617.1682, 777.0857, 64.3440, 683.8839, 840.6224, 60.4138, 564.3144, 733.3138, 125.7438, 704.4459, 752.5147, 122.7827, 566.2978, 817.4570, 81.8698, 632.8902, 707.9717, 76.7141, 675.8811, 683.1396, 51.1106, 696.1871, 846.5987, 64.7561, 598.7683, 785.7758, 114.5031, 622.0849, 773.1060, 74.2597, 562.1164, 695.3574, 112.2786, 672.3695, 750.4804, 86.6551, 714.7167, 675.5689, 72.2628, 610.2938, 696.2234, 94.7376, 682.6076, 815.2810, 44.5056, 678.2842, 712.2569, 24.4888, 601.5592, 808.8308, 108.8567, 622.1966, 702.8775, 0.0000, 713.2732, 683.7608, 69.0378, 678.7312, 786.0681, 25.9157, 713.5232, 732.4040, 63.3677}
{368.3915, 771.6090, 85.4857, 646.2878, 738.6353, 71.3078, 636.4415, 711.2839, 121.0565, 670.0421, 743.2579, 29.7573, 681.0008, 745.7424, 149.5652, 535.6206, 753.1948, 18.5843, 549.6522, 750.4068, 147.1171, 618.2836, 703.0183, 84.1120, 633.2833, 645.0737, 46.8170, 558.7363, 672.9233, 31.1299, 644.3766, 745.4166, 117.5691, 602.3256, 617.8043, 127.7701, 665.2260, 771.2018, 162.1218, 549.2099, 755.6482, 47.9108, 647.2629, 670.8322, 37.2535, 596.5815, 785.1715, 107.3345, 649.6610, 621.6362, 116.9009, 651.8061, 699.6632, 106.6662, 606.9571, 692.4838, 117.8483, 708.3173, 820.2476, 100.0366, 539.0121, 713.2732, 0.0000, 596.5948, 769.8480, 109.5998, 577.8552, 700.6752, 5.5924, 628.0764, 728.3323}
{365.3796, 748.7564, 526.9979, 54.5003, 745.2572, 560.7438, 69.9258, 718.1926, 492.7530, 99.5269, 659.1587, 579.3250, 157.1194, 665.5035, 554.8984, 100.3981, 616.8596, 578.0147, 107.0795, 616.6660, 549.3519, 141.1391, 739.0864, 585.3363, 38.0153, 669.7661, 604.9145, 40.5020, 634.2704, 611.7532, 166.5776, 747.2302, 575.7535, 111.0535, 577.1917, 637.4595, 94.7285, 757.0135, 592.9179, 56.9314, 630.6703, 556.4588, 70.8500, 715.4372, 629.9895, 8.8553, 737.0737, 529.3523, 54.0724, 610.5509, 680.9017, 131.7303, 642.1133, 668.7912, 28.5256, 660.6725, 520.2957, 138.1833, 771.3487, 523.2454, 72.3515, 683.7608, 596.5948, 0.0000, 690.7839, 671.7573, 124.1105, 658.2140, 601.6481, 50.1085, 740.2099}
{457.1109, 77.5868, 694.0870, 685.0062, 106.6482, 698.6042, 758.5248, 105.6648, 669.4032, 780.4448, 32.5449, 740.2476, 846.1942, 27.1435, 621.9323, 748.4398, 84.9569, 760.1418, 766.9705, 83.3869, 623.5083, 828.0401, 140.4850, 690.9469, 711.9934, 145.1161, 734.0063, 694.1897, 97.1006, 754.1537, 856.1100, 101.7753, 657.0222, 796.4297, 154.7609, 683.3809, 776.7660, 89.3848, 622.1854, 707.8039, 68.8394, 727.6064, 754.9207, 153.1034, 773.2018, 682.2957, 51.3788, 665.2582, 697.9537, 148.6941, 744.6528, 822.4331, 70.3513, 739.8371, 719.2702, 81.4719, 656.0831, 809.8963, 80.9596, 676.4781, 716.6204, 69.0378, 769.8480, 690.7839, 0.0000, 740.4219, 799.1483, 70.9299, 770.3942, 738.0376, 111.8590}
{391.8633, 731.4886, 146.4712, 718.3084, 695.2251, 111.6543, 718.0424, 669.8612, 179.1216, 752.3478, 716.7748, 106.5112, 769.8172, 718.3328, 139.2818, 621.0461, 735.8051, 122.0109, 636.6802, 732.7496, 141.7951, 708.6518, 656.5930, 86.9373, 709.3839, 605.8867, 73.8809, 636.0504, 643.7122, 79.3737, 736.2286, 702.4394, 105.8400, 690.0983, 594.7872, 57.4979, 747.3801, 729.4825, 121.8190, 628.7632, 735.9294, 125.3999, 727.8591, 625.3332, 76.8223, 670.6228, 748.8779, 143.0596, 723.1598, 592.1523, 9.1724, 739.7592, 671.7049, 3.1770, 685.2896, 660.1463, 152.8921, 791.7169, 781.8959, 148.5334, 620.1850, 678.7312, 109.5998, 671.7573, 740.4219, 0.0000, 667.2018, 669.6989, 104.5556, 707.6622, 684.6643}
{426.1625, 852.6225, 520.9662, 164.4907, 845.4204, 556.0618, 91.5413, 817.2893, 490.9897, 112.2803, 766.9905, 566.0888, 103.1477, 773.1295, 567.9892, 56.7400, 728.8455, 559.7775, 36.4849, 728.3756, 561.8117, 42.2966, 835.2153, 584.3468, 129.1538, 764.3036, 595.5135, 106.3672, 735.5475, 598.2746, 72.8692, 848.0633, 581.9451, 28.2892, 675.6089, 642.2323, 109.1786, 860.1231, 607.9462, 91.3877, 741.9470, 544.2956, 105.3229, 809.4086, 613.8996, 132.6784, 843.4748, 530.7200, 155.7286, 706.8463, 676.3228, 74.7044, 746.1336, 664.0764, 101.9472, 762.2911, 523.4369, 141.1303, 878.8409, 521.4321, 83.2679, 786.0681, 577.8552, 124.1105, 799.1483, 667.2018, 0.0000, 761.0636, 583.2949, 101.0288, 839.5240}
{398.0456, 91.8225, 625.9460, 657.6345, 90.3147, 629.5186, 727.2342, 69.6591, 602.1660, 751.3573, 54.0676, 671.1492, 815.0224, 52.7144, 552.3030, 708.5121, 108.5245, 691.3287, 727.6452, 105.3073, 554.0291, 792.2229, 102.9681, 621.1911, 682.2611, 79.1571, 664.2413, 657.9023, 29.2050, 684.4505, 821.2804, 90.6546, 587.1860, 760.5388, 92.7247, 612.7224, 747.3909, 99.0742, 551.7922, 670.2554, 96.8921, 658.9782, 724.7997, 101.2972, 703.3257, 650.0006, 89.9845, 596.7199, 670.4153, 79.0846, 673.8721, 789.7771, 19.5979, 669.1389, 686.7178, 12.5351, 587.7371, 783.0156, 127.5007, 608.2541, 677.9104, 25.9157, 700.6752, 658.2140, 70.9299, 669.6989, 761.0636, 0.0000, 701.1044, 706.7848, 88.3059}
{371.1421, 771.5931, 88.5347, 651.2514, 738.4265, 72.2710, 641.6950, 711.1677, 124.4812, 675.3199, 743.9426, 31.3247, 686.4390, 746.3807, 149.4500, 540.9600, 754.3458, 23.7146, 555.0344, 751.5430, 147.2328, 623.7489, 702.6272, 82.9596, 638.3743, 645.0365, 43.9773, 563.8478, 673.4272, 26.8534, 649.8727, 745.2345, 116.7615, 607.7326, 618.5878, 124.3732, 670.4990, 771.0998, 160.6361, 554.3873, 756.6834, 51.1489, 652.4900, 670.4728, 31.6637, 601.5988, 785.3653, 109.1422, 654.6734, 622.0908, 111.7404, 657.2225, 700.2480, 101.6510, 612.1108, 692.8373, 119.8161, 713.6288, 820.3475, 102.5301, 544.2349, 713.5232, 5.5924, 601.6481, 770.3942, 104.5556, 583.2949, 701.1044, 0.0000, 633.2712, 728.1043}
{413.5236, 797.0424, 561.8528, 66.0796, 794.2004, 596.1555, 20.4923, 767.3097, 528.5872, 50.2410, 706.6015, 612.3789, 108.2932, 712.9942, 594.8888, 102.8041, 663.0189, 609.5607, 99.6077, 662.9299, 589.1652, 104.0602, 788.5483, 621.8734, 30.4031, 719.4212, 639.2011, 73.0440, 683.1369, 644.8845, 124.5436, 796.0676, 614.1287, 79.0454, 626.5180, 675.7170, 45.2583, 805.4423, 633.5244, 79.0266, 677.0703, 589.7130, 21.7353, 765.1151, 662.4211, 57.4637, 784.7996, 566.2466, 55.6813, 660.0825, 716.8311, 85.4550, 690.4761, 704.6420, 24.3184, 709.4566, 557.6100, 90.1086, 818.7576, 559.2485, 89.4138, 732.4040, 628.0764, 50.1085, 738.0376, 707.6622, 101.0288, 706.7848, 633.2712, 0.0000, 789.2807}
{457.5185, 51.8688, 659.2315, 741.9371, 10.6157, 658.2891, 809.6571, 22.2670, 639.2374, 834.7318, 121.1831, 699.4604, 897.2948, 115.6521, 578.7698, 785.8984, 185.0997, 720.9366, 805.3810, 182.4264, 581.4128, 872.0216, 32.8878, 646.0307, 765.5231, 86.3911, 688.6041, 737.8580, 106.9202, 709.0526, 901.5866, 18.1485, 611.8365, 840.3838, 163.9155, 629.2322, 830.6485, 46.1407, 572.2020, 749.3870, 170.3706, 689.7640, 807.7769, 59.8678, 726.5751, 732.1609, 80.6815, 628.5505, 754.6209, 134.3972, 687.7572, 871.3569, 107.6037, 684.5100, 768.6319, 81.9672, 620.5387, 867.2373, 102.6281, 641.3657, 756.2562, 63.3677, 728.3323, 740.2099, 111.8590, 684.6643, 839.5240, 88.3059, 728.1043, 789.2807, 0.0000}
]
