100 5 [30, 30, 30, 30, 30]
capacities = [100000, 50, 34, 47, 36, 28, 29, 31, 49, 32, 30, 43, 50, 42, 30, 49, 45, 24, 43, 48, 41, 28, 40, 30, 47, 50, 40, 47, 49, 30, 45, 42, 39, 31, 40, 26, 32, 26, 43, 44, 31, 24, 29, 44, 31, 40, 27, 34, 34, 32, 38, 43, 47, 46, 32, 33, 43, 32, 30, 41, 33, 49, 45, 48, 30, 26, 50, 28, 49, 44, 27, 32, 34, 38, 50, 25, 31, 37, 42, 35, 37, 40, 27, 44, 49, 31, 24, 36, 48, 25, 48, 39, 28, 34, 25, 35, 42, 26, 33, 42, 31]
initial     = [50000, 20, 3, 46, 19, 22, 23, 27, 48, 1, 25, 13, 1, 20, 1, 1, 41, 23, 8, 35, 20, 4, 34, 20, 46, 38, 35, 22, 28, 29, 16, 30, 24, 30, 35, 23, 31, 1, 42, 27, 14, 5, 7, 4, 22, 1, 2, 32, 31, 10, 37, 1, 36, 30, 9, 32, 19, 26, 3, 28, 11, 16, 18, 47, 1, 22, 6, 25, 23, 43, 26, 3, 9, 32, 45, 16, 23, 13, 15, 5, 36, 12, 8, 6, 47, 2, 20, 8, 34, 20, 47, 30, 4, 15, 1, 20, 10, 1, 10, 11, 8]
target      = [0, 36, 13, 35, 26, 10, 18, 18, 26, 15, 12, 24, 10, 26, 10, 14, 31, 15, 17, 20, 32, 10, 20, 11, 39, 30, 17, 28, 35, 18, 23, 12, 14, 23, 27, 14, 21, 10, 35, 36, 22, 15, 15, 15, 17, 13, 13, 18, 25, 23, 26, 13, 31, 38, 18, 24, 34, 18, 12, 18, 18, 22, 24, 26, 10, 15, 19, 20, 15, 31, 14, 17, 18, 14, 27, 11, 18, 21, 27, 10, 26, 23, 16, 24, 39, 16, 15, 23, 26, 14, 38, 12, 12, 23, 11, 10, 27, 10, 24, 18, 17]
weights    = [0.000000, 0.527778, 0.803846, 0.417143, 0.378846, 1.000000, 0.386111, 0.575000, 0.869231, 0.943333, 1.000000, 0.539583, 0.915000, 0.346154, 0.915000, 0.939286, 0.424194, 0.603333, 0.600000, 0.787500, 0.468750, 0.660000, 0.745000, 0.845455, 0.302564, 0.376667, 1.000000, 0.332143, 0.320000, 0.669444, 0.408696, 1.000000, 0.757143, 0.408696, 0.401852, 0.696429, 0.554762, 0.915000, 0.320000, 0.362500, 0.459091, 0.716667, 0.603333, 0.773333, 0.400000, 0.934615, 0.869231, 0.811111, 0.354000, 0.630435, 0.509615, 0.934615, 0.287097, 0.328947, 0.575000, 0.433333, 0.525000, 0.527778, 0.787500, 0.622222, 0.480556, 0.381818, 0.362500, 0.836538, 0.915000, 0.546667, 0.731579, 0.362500, 0.603333, 0.479032, 0.878571, 0.850000, 0.575000, 1.000000, 0.716667, 0.536364, 0.386111, 0.473810, 0.527778, 0.575000, 0.476923, 0.556522, 0.575000, 0.787500, 0.324359, 0.893750, 0.433333, 0.704348, 0.411538, 0.514286, 0.351316, 1.000000, 0.716667, 0.445652, 0.922727, 1.000000, 0.685185, 0.915000, 0.645833, 0.480556, 0.600000]
min_ratio  = [0.0000, 0.3136, 0.3391, 0.3402, 0.0676, 0.3376, 0.1808, 0.3607, 0.2574, 0.2614, 0.2253, 0.1034, 0.2165, 0.2114, 0.3651, 0.3925, 0.2302, 0.3072, 0.3705, 0.4079, 0.1452, 0.2501, 0.2001, 0.2071, 0.3490, 0.4038, 0.0728, 0.1424, 0.0227, 0.2623, 0.4667, 0.1628, 0.4397, 0.2695, 0.2285, 0.2357, 0.0289, 0.2263, 0.3492, 0.3755, 0.4492, 0.4303, 0.4897, 0.3884, 0.3948, 0.3466, 0.0966, 0.4922, 0.1333, 0.4579, 0.2494, 0.1529, 0.3767, 0.2945, 0.2048, 0.2421, 0.0901, 0.2302, 0.0762, 0.2129, 0.3146, 0.0816, 0.2816, 0.2235, 0.1723, 0.3683, 0.0810, 0.1209, 0.3208, 0.1181, 0.0941, 0.2782, 0.0933, 0.1942, 0.2585, 0.2939, 0.3002, 0.4156, 0.4192, 0.0710, 0.1330, 0.0634, 0.1472, 0.3320, 0.3509, 0.0471, 0.0497, 0.4887, 0.3603, 0.0617, 0.0926, 0.4841, 0.0484, 0.4066, 0.3767, 0.3320, 0.0902, 0.2456, 0.4168, 0.1710, 0.0401]
points = [(586500.000, 4512500.000), (586541.759, 4512206.162), (586453.958, 4512208.096), (586495.478, 4512634.682), (586397.729, 4512557.929), (586511.535, 4512645.235), (586739.456, 4512769.363), (586630.125, 4512520.369), (586595.173, 4512641.561), (586496.435, 4512159.482), (586588.512, 4512917.255), (586537.968, 4512213.051), (586301.178, 4512664.598), (586767.297, 4512845.069), (586339.374, 4512085.166), (586629.434, 4512877.452), (586604.861, 4512512.375), (586563.284, 4512649.735), (586615.441, 4512280.612), (586902.767, 4512555.466), (586129.334, 4512576.460), (586531.485, 4512661.690), (586225.266, 4512760.767), (586525.379, 4512283.663), (586474.058, 4512778.675), (586283.786, 4512525.233), (586366.411, 4512623.323), (586603.755, 4512272.256), (586420.847, 4512698.079), (586477.219, 4512672.255), (586891.469, 4512315.607), (586346.751, 4512341.206), (586469.478, 4512863.255), (586534.007, 4512399.653), (586334.895, 4512450.876), (586764.278, 4512512.572), (586138.375, 4512507.514), (586411.998, 4512039.279), (586658.835, 4512652.563), (586595.501, 4512478.171), (586411.419, 4512811.373), (586169.283, 4512497.422), (586325.607, 4512693.359), (586565.535, 4512707.443), (586346.446, 4512288.345), (586810.481, 4512518.265), (586475.837, 4512415.113), (586282.093, 4512712.984), (586562.369, 4512337.292), (586605.109, 4512680.690), (586691.931, 4512390.629), (586649.224, 4512648.336), (586507.557, 4512273.023), (586661.700, 4512863.003), (586595.079, 4512553.016), (586354.845, 4512533.647), (586397.095, 4512664.954), (586368.204, 4512240.028), (586446.958, 4512665.251), (586243.119, 4512333.061), (586744.686, 4512662.604), (586503.707, 4512017.039), (586482.284, 4512868.867), (586784.350, 4512691.422), (586521.080, 4512660.479), (586680.309, 4512727.842), (586770.299, 4512696.265), (586532.072, 4512434.532), (586816.474, 4512502.757), (586072.578, 4512555.344), (586619.161, 4512603.744), (586325.263, 4512583.377), (586674.578, 4512575.526), (586304.108, 4512358.200), (586288.279, 4512344.649), (586582.005, 4512588.102), (586643.521, 4512291.398), (586284.173, 4512512.858), (586800.902, 4512572.794), (586699.050, 4512411.049), (586492.378, 4512708.813), (586244.572, 4512499.993), (586292.187, 4512925.892), (586758.547, 4512330.167), (586827.354, 4512407.556), (586609.087, 4512887.069), (586568.601, 4512652.101), (586511.721, 4512264.588), (586578.597, 4512416.905), (586378.606, 4512696.802), (586267.898, 4512333.615), (586667.648, 4512384.979), (586115.254, 4512522.181), (586122.261, 4512392.522), (586461.683, 4512606.472), (586610.899, 4512976.830), (586324.421, 4512528.598), (586648.727, 4512318.167), (586753.068, 4512503.301), (586694.016, 4512307.778), (586368.662, 4512370.782)]
distances = [
{0.0000, 197.8600, 197.0086, 89.8383, 78.3587, 97.1279, 240.2733, 87.8065, 113.7194, 227.0246, 284.3595, 192.9663, 172.0761, 290.9907, 296.5641, 266.0186, 70.3924, 108.3728, 165.2709, 271.0457, 252.3134, 109.8177, 252.5232, 145.2134, 186.5863, 145.1210, 121.2059, 166.8429, 142.2056, 115.8369, 288.4817, 147.1219, 243.0232, 70.6351, 114.8389, 176.3846, 241.1357, 312.7000, 146.8243, 65.3093, 215.8186, 220.4850, 173.5902, 145.0323, 174.3261, 207.3454, 58.8396, 203.1374, 116.1677, 139.3585, 147.2710, 140.2720, 151.4020, 264.9259, 72.5742, 99.3360, 129.6133, 194.3142, 115.7031, 204.2403, 195.8587, 321.9837, 246.1947, 228.5192, 107.9052, 193.7046, 222.6918, 48.6010, 210.9905, 287.3267, 105.3292, 129.0731, 126.8098, 161.2185, 175.0678, 80.2409, 168.8035, 144.1395, 206.3877, 145.3472, 139.3015, 170.2851, 315.9257, 206.2253, 226.7710, 268.0983, 111.2374, 157.1358, 76.2519, 154.1536, 190.3860, 135.5409, 256.9229, 261.8215, 75.4381, 326.3706, 118.5952, 156.6074, 168.7264, 182.0766, 122.8315}
{197.8600, 0.0000, 58.5480, 287.3407, 253.4073, 293.4074, 397.9272, 217.5973, 292.4415, 43.3759, 475.0850, 5.2422, 345.1523, 451.6975, 157.1972, 451.3274, 208.4310, 296.0633, 69.8312, 334.8900, 369.5131, 303.7621, 425.7038, 52.8086, 384.3341, 273.5414, 301.6764, 60.4132, 337.7057, 313.6935, 244.2907, 158.1346, 440.7039, 129.0973, 213.6222, 252.4563, 335.6795, 140.9299, 307.6653, 184.8446, 412.7245, 315.2215, 355.3288, 334.5627, 141.2659, 274.5665, 146.0684, 379.6459, 88.4933, 319.1584, 158.5767, 303.3638, 50.0667, 445.1343, 233.9522, 251.3809, 320.7054, 117.8853, 312.5160, 216.3216, 333.0124, 128.6091, 443.5785, 361.6795, 303.1914, 359.8430, 360.5125, 152.3834, 269.5152, 389.9048, 270.0303, 289.9509, 261.6785, 188.0818, 192.5624, 256.0362, 88.4950, 267.0101, 299.3130, 172.1998, 336.7137, 278.6125, 507.8482, 166.4992, 232.9751, 456.1515, 297.8307, 43.7964, 142.6252, 344.7033, 201.3773, 145.7906, 353.8822, 306.0198, 272.1602, 515.8416, 259.2300, 103.2521, 243.0755, 122.0348, 159.2512}
{197.0086, 58.5480, 0.0000, 285.7344, 236.2154, 293.9428, 419.8039, 239.0252, 303.9249, 43.0383, 481.2072, 56.1038, 320.9267, 473.2469, 112.0341, 461.3168, 226.4287, 303.3133, 118.0122, 378.3567, 327.3280, 306.7810, 398.7452, 69.3189, 380.6217, 239.9394, 282.9038, 108.6395, 327.4003, 309.8281, 300.3513, 113.9426, 436.8951, 138.4070, 180.2693, 289.8310, 290.0147, 115.9687, 326.2758, 203.2787, 403.1834, 270.5956, 334.6334, 341.1072, 89.4398, 315.0408, 138.7799, 355.5589, 112.4371, 330.7848, 199.9441, 321.0680, 56.1285, 458.0440, 248.4488, 226.8693, 306.9219, 61.0042, 304.8055, 163.3935, 359.6918, 131.6187, 440.9185, 390.3064, 304.8906, 377.9306, 387.8031, 159.6875, 311.4431, 343.8550, 285.8353, 264.4895, 285.7178, 141.3997, 143.1338, 267.3332, 138.0390, 232.5767, 335.5755, 212.1422, 334.7928, 239.4867, 490.5332, 218.7603, 282.2206, 464.3130, 305.7115, 53.8638, 162.1193, 329.6540, 149.6266, 184.9338, 307.9460, 253.0137, 265.6343, 523.0602, 230.4599, 149.1468, 280.1688, 173.2879, 122.4603}
{89.8383, 287.3407, 285.7344, 0.0000, 82.8545, 12.8093, 185.7884, 117.7515, 66.6209, 316.8005, 198.3294, 282.5104, 131.0602, 229.1511, 380.8389, 184.8503, 109.3893, 46.3041, 249.2264, 276.6139, 247.1630, 30.0067, 198.7876, 234.8595, 97.0518, 158.8747, 86.3774, 252.1691, 65.2827, 27.8505, 339.0295, 219.3403, 153.3648, 158.7770, 162.7153, 196.8235, 252.7138, 400.8174, 109.5551, 123.8279, 130.4452, 235.9322, 119.8135, 67.3370, 251.3602, 223.8844, 146.9637, 151.5325, 203.2126, 79.2623, 208.8652, 102.9006, 241.2403, 188.2789, 85.8670, 115.4429, 68.6234, 276.4457, 38.2314, 262.1794, 167.1780, 411.7984, 156.3711, 196.2611, 24.2302, 137.9875, 187.7572, 135.6447, 231.3651, 286.8519, 84.9955, 118.5195, 125.7442, 224.1669, 237.6274, 65.5119, 249.2299, 162.6048, 207.7536, 201.6079, 49.4643, 189.8478, 236.7661, 268.2737, 268.1022, 184.5192, 50.1127, 246.9666, 155.3997, 88.2372, 251.6029, 202.2029, 264.3455, 296.5977, 29.3474, 240.7277, 134.1879, 234.4421, 192.7732, 254.9802, 195.1928}
{78.3587, 253.4073, 236.2154, 82.8545, 0.0000, 95.6245, 267.8986, 156.9415, 142.9505, 273.6609, 271.2221, 248.2001, 95.9177, 312.0041, 317.5673, 263.1285, 141.3883, 126.2042, 235.0443, 336.6964, 179.3559, 112.8559, 177.4968, 201.6777, 155.7130, 79.0273, 48.3374, 234.8101, 94.6959, 92.8302, 366.6663, 148.4253, 209.0952, 139.2408, 82.7538, 246.2299, 176.1391, 345.8973, 185.1513, 142.1660, 169.2091, 157.5490, 102.2910, 149.8344, 182.9453, 276.4360, 108.5200, 128.9510, 183.5294, 160.6609, 225.6295, 178.1678, 203.5615, 268.9492, 131.6078, 32.8544, 71.3511, 212.8458, 78.7160, 181.9279, 241.6023, 367.4498, 214.8197, 272.6794, 106.9417, 219.8203, 264.9488, 121.6092, 281.5760, 216.7739, 150.7481, 51.2027, 184.9387, 147.0544, 159.8157, 124.4870, 241.7090, 81.4485, 268.9646, 223.4757, 118.7425, 109.1655, 255.2002, 284.4609, 303.4540, 260.7730, 130.0698, 209.8076, 152.8995, 93.4556, 172.7848, 213.7162, 189.8182, 214.2088, 53.5275, 313.3470, 52.6385, 231.4076, 239.6760, 258.5103, 126.2606}
{97.1279, 293.4074, 293.9428, 12.8093, 95.6245, 0.0000, 173.0200, 114.8045, 55.8124, 323.9917, 188.4679, 288.6605, 140.8309, 216.3822, 390.6213, 173.6218, 108.2416, 34.6294, 252.7589, 267.5994, 258.8929, 17.2405, 205.8019, 241.2240, 92.4020, 171.6195, 97.8457, 256.1399, 69.9742, 29.1182, 335.3303, 230.5426, 148.0264, 164.4049, 175.0898, 190.2961, 265.1754, 409.3840, 98.3218, 124.6516, 129.3147, 248.5382, 128.0367, 54.9176, 262.1486, 216.5283, 155.2495, 159.4904, 208.0731, 66.7107, 208.0246, 91.8162, 248.1554, 176.3488, 82.9562, 128.2423, 77.4173, 286.5394, 45.0718, 274.4690, 155.8649, 418.8297, 150.3581, 184.4651, 11.9911, 125.2708, 175.8318, 141.1339, 224.3882, 298.7108, 76.8979, 130.8495, 118.2135, 236.0926, 249.6172, 60.4804, 251.7675, 175.3938, 198.8644, 200.0054, 44.2680, 202.6098, 237.4700, 266.9021, 263.5085, 173.8460, 38.3187, 253.7645, 158.6496, 95.0537, 263.7051, 202.3243, 276.6308, 309.4067, 42.0986, 230.7750, 146.9931, 236.4509, 186.7661, 255.7574, 206.2760}
{240.2733, 397.9272, 419.8039, 185.7884, 267.8986, 173.0200, 0.0000, 181.2930, 128.4973, 437.6776, 140.8799, 394.4502, 300.4169, 53.7755, 528.3898, 102.8229, 193.4007, 141.9661, 336.1590, 179.4092, 426.5938, 156.1273, 342.8411, 353.8565, 177.0411, 344.6314, 267.0748, 343.5303, 217.6575, 186.4261, 319.0279, 387.3187, 190.5594, 281.9726, 343.2547, 171.9915, 437.0931, 533.4376, 94.6146, 216.5544, 220.4774, 421.1358, 280.5136, 123.0766, 414.1038, 173.9660, 294.3830, 307.2166, 311.3015, 107.3146, 254.4692, 100.6405, 365.2276, 81.1432, 173.3979, 300.7309, 238.6183, 431.0313, 206.9829, 440.5602, 71.2575, 525.5975, 183.8339, 59.9641, 162.6769, 48.1770, 52.8923, 262.5682, 185.0050, 466.9190, 136.4642, 302.6891, 136.2708, 399.2114, 413.0870, 160.0640, 324.9983, 348.3783, 137.2992, 240.3901, 169.5928, 375.6298, 315.9118, 293.0735, 248.2202, 117.0959, 138.1489, 369.1797, 258.2868, 245.3819, 428.0411, 260.6888, 447.5744, 482.0969, 214.6737, 162.7123, 319.8761, 306.8185, 177.6066, 309.2107, 362.9233}
{87.8065, 217.5973, 239.0252, 117.7515, 156.9415, 114.8045, 181.2930, 0.0000, 84.0876, 256.5693, 266.0409, 213.8920, 239.4518, 234.9904, 348.9271, 238.0560, 17.6659, 97.0762, 160.1372, 183.2612, 335.9486, 114.8942, 313.9016, 172.5638, 201.1953, 230.9156, 188.7322, 166.3399, 183.0342, 143.6816, 221.3374, 223.5078, 252.4356, 102.8720, 202.1994, 89.5861, 327.9458, 352.1531, 90.1839, 36.3899, 242.6849, 307.6091, 233.4828, 131.9405, 244.3212, 120.2456, 124.5147, 265.1853, 130.1416, 108.1741, 95.8064, 86.2565, 184.0326, 229.3904, 31.9310, 183.7338, 182.8269, 255.7721, 155.6934, 286.6344, 121.7559, 345.9754, 252.3735, 153.5425, 118.3623, 142.3041, 149.9451, 86.8777, 124.7859, 372.4287, 56.0617, 207.5369, 47.2268, 242.7487, 256.2432, 55.3908, 152.9082, 230.6889, 119.0947, 86.1562, 155.6144, 257.3940, 351.9162, 152.9981, 151.4754, 244.8688, 96.9276, 187.9048, 77.0570, 204.8202, 271.6908, 93.6620, 343.2493, 349.1395, 126.1154, 304.5769, 203.8767, 135.3708, 82.7480, 147.9896, 200.8199}
{113.7194, 292.4415, 303.9249, 66.6209, 142.9505, 55.8124, 128.4973, 84.0876, 0.0000, 328.0577, 183.8496, 288.2071, 196.5974, 177.6917, 408.2526, 158.9111, 86.3658, 21.9468, 241.0112, 212.9441, 313.5771, 44.5287, 259.0933, 243.0925, 121.9638, 221.6040, 152.9916, 246.2693, 122.1727, 81.2548, 293.6645, 259.8516, 169.8987, 166.3469, 215.1023, 141.7895, 317.3732, 419.6801, 43.0709, 108.9266, 166.8022, 299.7469, 182.9983, 48.1613, 288.0015, 165.4079, 170.6454, 214.0824, 204.0209, 26.9142, 179.2936, 36.3164, 252.5396, 154.1464, 59.0296, 175.6296, 132.9693, 307.4938, 100.0640, 312.0642, 100.6580, 420.7895, 169.1968, 130.4255, 50.9796, 80.8089, 122.3141, 144.2875, 174.1527, 353.1058, 29.8557, 184.0732, 68.8503, 270.8106, 284.6753, 36.7042, 235.6563, 224.3854, 144.6118, 168.5575, 81.8934, 252.0688, 277.0035, 234.4328, 219.7636, 163.9350, 19.0573, 257.3995, 150.1777, 149.0006, 299.5844, 177.7471, 329.6955, 356.3183, 92.0158, 223.7584, 195.5813, 218.5323, 139.9155, 232.0738, 235.3516}
{227.0246, 43.3759, 43.0383, 316.8005, 273.6609, 323.9917, 437.6776, 256.5693, 328.0577, 0.0000, 508.8977, 45.1893, 361.0284, 491.4359, 115.8371, 486.7901, 246.1162, 329.8602, 113.2059, 378.2471, 370.3660, 335.6197, 439.7354, 85.0069, 413.0647, 282.0511, 321.1470, 103.7853, 362.5836, 342.0891, 283.1777, 156.9558, 469.5261, 162.0617, 222.1171, 295.4565, 332.8891, 97.9302, 346.0911, 222.4879, 438.2745, 313.5689, 373.6944, 368.2006, 131.8293, 317.8754, 170.9731, 395.7035, 126.4277, 354.9448, 201.8226, 341.4500, 76.0563, 481.7811, 270.4729, 266.7062, 343.4274, 100.9533, 338.7888, 204.7207, 374.0237, 95.0856, 473.0175, 403.2397, 334.4022, 398.2422, 401.7391, 184.8997, 312.8808, 386.6447, 307.2677, 304.7672, 301.7191, 184.3653, 185.7312, 291.3857, 131.7169, 274.8171, 342.2323, 215.3431, 366.2310, 282.3574, 528.7732, 208.5253, 275.7198, 490.8378, 331.9184, 70.8079, 180.1446, 366.7253, 191.5453, 188.7537, 350.7765, 293.8739, 298.8931, 550.2159, 271.4863, 146.6269, 286.0240, 164.6951, 164.6192}
{284.3595, 475.0850, 481.2072, 198.3294, 271.2221, 188.4679, 140.8799, 266.0409, 183.8496, 508.8977, 0.0000, 470.6765, 255.0783, 128.5381, 579.0572, 38.0574, 270.1399, 179.1374, 424.8076, 319.4767, 381.2175, 174.5668, 263.6801, 424.4858, 119.8226, 331.0178, 245.6057, 430.1188, 183.9683, 179.3949, 449.0795, 416.4830, 87.1402, 346.9754, 353.9182, 294.1363, 405.7974, 597.0289, 182.5827, 292.7594, 137.5546, 395.5380, 230.2160, 140.7107, 449.2576, 304.3847, 343.0854, 245.5101, 387.0340, 158.0974, 357.7896, 183.7909, 432.8655, 60.7351, 242.8650, 299.4480, 211.1305, 474.7730, 192.6927, 452.4398, 199.1504, 602.8010, 77.8198, 199.2800, 176.9879, 140.3231, 190.7679, 324.0071, 315.3657, 420.1413, 210.0037, 283.4506, 234.9336, 418.1584, 431.0280, 219.4779, 418.8462, 337.4140, 269.7839, 345.4228, 153.0281, 360.4947, 197.6337, 407.4766, 375.2556, 24.3540, 177.2665, 438.1125, 333.6320, 202.9339, 443.9363, 358.7505, 410.9913, 467.9673, 223.7767, 42.4282, 313.2610, 401.4044, 296.9748, 412.3608, 392.6925}
{192.9663, 5.2422, 56.1038, 282.5104, 248.2001, 288.6605, 394.4502, 213.8920, 288.2071, 45.1893, 470.6765, 0.0000, 339.9112, 448.2251, 157.4718, 447.1114, 204.4713, 291.6115, 68.5294, 333.5511, 364.5683, 299.1234, 420.4622, 47.8169, 379.4815, 268.3826, 296.4636, 59.0035, 332.6452, 308.8032, 245.3848, 153.4599, 435.8670, 124.4292, 208.4857, 250.2702, 330.9132, 143.0851, 303.8855, 180.8603, 407.7054, 310.4084, 350.1060, 330.1063, 137.1937, 272.7794, 140.9318, 374.4060, 84.4097, 314.9559, 156.6860, 299.5188, 44.8272, 441.0827, 229.8191, 246.1394, 315.5669, 114.5958, 307.5110, 212.2241, 329.8689, 132.6562, 438.7834, 358.7276, 298.4975, 356.0714, 357.4433, 147.7062, 267.9094, 385.1415, 266.0264, 284.7096, 258.2419, 183.4949, 188.1636, 251.7514, 87.6346, 261.8698, 297.0588, 170.1637, 331.9024, 273.5903, 502.6817, 166.4953, 232.4523, 451.8396, 293.4115, 38.5566, 138.5751, 339.5491, 197.1724, 143.5675, 349.1241, 301.8622, 267.1656, 511.5015, 254.0095, 101.7992, 240.8437, 121.6997, 154.2629}
{172.0761, 345.1523, 320.9267, 131.0602, 95.9177, 140.8309, 300.4169, 239.4518, 196.5974, 361.0284, 255.0783, 339.9112, 0.0000, 333.2242, 387.1268, 260.8181, 226.4662, 175.0179, 330.7948, 407.6053, 128.7524, 153.5503, 81.6793, 294.6771, 138.0833, 93.6309, 51.4634, 330.3098, 82.8427, 117.4717, 457.1598, 217.7254, 173.5757, 235.1411, 144.2438, 324.9436, 150.8205, 423.3755, 238.5733, 232.2655, 122.3763, 141.9616, 25.1565, 178.5375, 252.6443, 353.2726, 203.0313, 34.6758, 279.1654, 202.9046, 318.1528, 232.2841, 295.0888, 274.3399, 209.5802, 94.3480, 63.9454, 286.5522, 97.1878, 224.3888, 295.6751, 452.3282, 181.9950, 322.6110, 146.6275, 256.2467, 313.4590, 217.2991, 360.0757, 168.9107, 215.8360, 56.4784, 255.9182, 204.2747, 213.4726, 194.0399, 337.6238, 101.7934, 338.7245, 314.5293, 130.8305, 116.0444, 174.2990, 377.7308, 390.4026, 253.2470, 178.4768, 301.3577, 247.9368, 55.9056, 221.7684, 307.3089, 156.1343, 217.0890, 113.8043, 293.1934, 91.9816, 327.1465, 319.8762, 353.8005, 200.9779}
{290.9907, 451.6975, 473.2469, 229.1511, 312.0041, 216.3822, 53.7755, 234.9904, 177.6917, 491.4359, 128.5381, 448.2251, 333.2242, 0.0000, 581.4046, 94.4100, 246.8205, 188.2982, 389.6844, 213.1479, 461.4696, 199.1483, 365.6981, 407.5401, 200.4410, 386.4812, 305.4181, 397.1343, 250.8950, 225.1020, 362.5521, 437.5370, 198.9157, 335.2075, 390.0766, 221.6736, 475.8552, 587.0961, 147.3053, 270.0846, 238.3128, 461.1481, 311.3454, 162.8207, 465.2629, 219.7630, 346.2890, 335.2406, 365.0463, 153.9484, 307.0980, 152.9631, 418.8351, 71.4058, 226.0320, 344.5451, 274.4615, 483.2065, 244.9049, 488.4965, 122.5734, 579.3151, 190.6697, 103.0607, 205.1512, 97.3173, 99.2231, 315.4335, 230.5511, 501.8075, 188.7763, 342.4594, 190.0296, 448.0001, 461.8213, 211.2027, 378.2251, 390.8805, 182.8941, 292.9023, 204.5547, 417.5687, 321.2898, 343.3175, 294.4103, 109.1260, 184.6514, 422.8355, 311.9346, 277.3392, 476.5545, 313.8382, 485.0731, 525.3022, 258.4808, 136.3346, 362.8852, 360.0524, 228.0430, 361.5104, 413.0418}
{296.5641, 157.1972, 112.0341, 380.8389, 317.5673, 390.6213, 528.3898, 348.9271, 408.2526, 115.8371, 579.0572, 157.4718, 387.1268, 581.4046, 0.0000, 562.4756, 335.3212, 404.9001, 225.4992, 489.2599, 356.2068, 405.1262, 456.7796, 181.3520, 470.9772, 295.7096, 359.2237, 215.9218, 412.2028, 402.0367, 398.8381, 170.7641, 525.9274, 246.5624, 243.8251, 401.7846, 311.8255, 57.2706, 434.0993, 312.7327, 486.5148, 297.3109, 405.5657, 441.4005, 135.5351, 426.6235, 238.0355, 420.2841, 224.3950, 434.7485, 310.9872, 428.5209, 168.0950, 561.3175, 355.4460, 299.1651, 388.4360, 105.0154, 393.3178, 177.2843, 470.3252, 118.5966, 531.0829, 501.3536, 402.2175, 485.0059, 498.5034, 265.9902, 422.6930, 360.3995, 392.8265, 332.2738, 395.9879, 183.5351, 176.3110, 372.2691, 244.9823, 287.4933, 447.6053, 323.5675, 428.0946, 283.6813, 561.3665, 323.6814, 389.9059, 564.0308, 407.6823, 165.8590, 272.6644, 408.5954, 172.3508, 296.3869, 327.4220, 250.8704, 356.9750, 621.3926, 295.7895, 258.1892, 392.1334, 279.1472, 191.4091}
{266.0186, 451.3274, 461.3168, 184.8503, 263.1285, 173.6218, 102.8229, 238.0560, 158.9111, 486.7901, 38.0574, 447.1114, 260.8181, 94.4100, 562.4756, 0.0000, 243.9357, 158.0869, 398.0026, 281.5718, 389.1278, 157.9697, 280.4497, 401.8913, 122.7442, 328.9922, 243.8239, 403.8269, 183.4042, 170.3266, 413.2972, 404.1286, 107.0566, 324.8234, 345.5884, 259.3327, 409.8744, 577.2780, 151.2020, 267.1470, 151.8726, 397.8623, 236.8322, 121.0808, 435.7007, 268.1569, 324.7904, 256.2078, 362.8714, 132.1734, 327.2124, 153.3127, 411.0630, 23.5691, 217.4998, 293.3344, 209.9067, 459.2508, 186.5797, 445.0226, 162.5390, 579.7005, 98.2668, 161.3919, 161.6825, 105.3492, 153.0023, 302.3298, 279.1898, 428.8703, 182.6009, 282.0562, 203.5219, 408.4981, 421.7769, 195.4743, 390.8156, 334.7527, 233.0646, 314.3803, 144.8731, 359.3784, 227.1383, 374.8726, 339.9179, 15.0031, 155.6115, 416.0443, 308.8965, 206.0734, 435.3631, 329.3022, 416.6524, 467.7997, 212.4672, 67.3940, 308.9280, 373.0789, 262.6995, 382.2157, 379.8929}
{70.3924, 208.4310, 226.4287, 109.3893, 141.3883, 108.2416, 193.4007, 17.6659, 86.3658, 246.1162, 270.1399, 204.4713, 226.4662, 246.8205, 335.3212, 243.9357, 0.0000, 95.6769, 154.6691, 200.6711, 319.8840, 110.9134, 302.4278, 161.4189, 197.7936, 214.2216, 175.3318, 160.0806, 174.2888, 136.3889, 231.7678, 206.4726, 250.7282, 88.7603, 184.5883, 106.2781, 311.0078, 340.5977, 100.1465, 23.6409, 237.4118, 290.5567, 221.8489, 132.6619, 228.0034, 137.1365, 107.7181, 253.3540, 120.1099, 112.2103, 99.7849, 95.3442, 172.2496, 236.8034, 27.8681, 167.2798, 171.8487, 240.5357, 146.5217, 269.1641, 136.8210, 337.0393, 251.3181, 169.0157, 113.4394, 152.1966, 164.9042, 71.0484, 141.2208, 356.0096, 61.6541, 192.3149, 62.7111, 225.3115, 238.8454, 52.7342, 149.5552, 213.7919, 136.7600, 92.2279, 150.9092, 240.3343, 345.6148, 158.9117, 163.9647, 249.8121, 96.2366, 176.4758, 66.0112, 194.5989, 254.2957, 94.6849, 326.4698, 331.5069, 114.2204, 309.6627, 187.2727, 132.7338, 98.9897, 148.7856, 183.5921}
{108.3728, 296.0633, 303.3133, 46.3041, 126.2042, 34.6294, 141.9661, 97.0762, 21.9468, 329.8602, 179.1374, 291.6115, 175.0179, 188.2982, 404.9001, 158.0869, 95.6769, 0.0000, 248.5265, 234.8861, 293.3951, 22.6477, 237.1907, 245.3527, 104.5341, 203.9823, 132.4242, 253.0949, 100.2783, 59.3082, 312.2304, 251.2873, 155.4778, 167.8600, 201.8873, 162.2241, 298.7191, 419.2819, 63.7290, 116.3754, 147.8582, 281.6115, 161.0980, 38.5009, 280.9677, 186.6560, 166.9262, 192.1443, 208.2962, 34.6894, 192.8574, 57.3013, 253.8747, 156.5868, 67.8743, 159.0575, 111.2558, 302.5198, 78.2372, 300.2136, 121.2388, 423.6636, 155.7484, 149.9752, 29.0328, 93.7979, 141.4531, 144.9699, 195.1728, 333.1343, 48.2472, 164.7318, 89.1779, 260.0551, 273.8248, 42.9427, 244.8071, 207.2442, 166.5097, 183.0650, 61.5280, 234.7573, 257.9886, 249.6681, 238.8713, 161.1421, 3.8801, 259.0558, 155.5558, 127.0538, 288.4325, 189.7222, 310.5553, 340.3659, 73.6185, 220.3611, 178.5493, 228.2675, 159.8072, 244.0639, 226.7576}
{165.2709, 69.8312, 118.0122, 249.2264, 235.0443, 252.7589, 336.1590, 160.1372, 241.0112, 113.2059, 424.8076, 68.5294, 330.7948, 389.6844, 225.4992, 398.0026, 154.6691, 248.5265, 0.0000, 265.0795, 379.3716, 260.1440, 412.4639, 60.0755, 345.1604, 274.7398, 282.4230, 9.5775, 307.0615, 276.8792, 185.4915, 183.6252, 400.4317, 96.1531, 218.7805, 183.7363, 352.1849, 210.4288, 249.6489, 132.3750, 379.0819, 330.6987, 336.2297, 286.4922, 179.4042, 204.9604, 129.2366, 363.9698, 51.7657, 266.8074, 89.3294, 246.1817, 72.1001, 389.4831, 182.1092, 242.1541, 294.6886, 167.0306, 279.9469, 250.6654, 268.8429, 190.8525, 402.0913, 296.1190, 260.9408, 301.2730, 295.7084, 116.6986, 199.7356, 405.6148, 215.4350, 279.5787, 200.5227, 213.9034, 222.2470, 206.2015, 20.0531, 269.7129, 230.7145, 103.2881, 297.0227, 287.2641, 481.1464, 100.9622, 164.6840, 404.3267, 249.6202, 69.9670, 94.1231, 319.2384, 234.3743, 77.7975, 370.3103, 337.1453, 240.2093, 464.1546, 254.8984, 33.4551, 174.5232, 55.4258, 175.1578}
{271.0457, 334.8900, 378.3567, 276.6139, 336.6964, 267.5994, 179.4092, 183.2612, 212.9441, 378.2471, 319.4767, 333.5511, 407.6053, 213.1479, 489.2599, 281.5718, 200.6711, 234.8861, 265.0795, 0.0000, 515.8122, 257.4525, 471.9492, 310.0525, 322.2242, 413.1461, 360.4210, 274.5633, 335.0528, 294.1890, 160.0837, 397.2471, 354.3216, 266.8846, 384.9493, 96.6533, 510.5968, 474.8348, 175.0308, 211.2262, 369.3306, 490.5186, 395.6028, 246.5970, 411.4187, 66.3345, 299.6063, 426.9003, 269.5435, 215.2843, 178.4166, 180.0110, 323.8416, 260.5056, 205.1318, 365.5713, 344.9262, 413.7950, 312.5626, 464.0883, 127.3111, 446.7927, 349.6196, 120.1969, 263.9129, 187.6178, 128.8791, 259.9489, 67.4121, 553.4594, 191.7907, 385.4522, 152.7127, 420.2149, 433.0972, 214.9453, 246.7035, 413.3730, 68.8859, 166.4764, 292.0691, 440.3523, 476.1060, 178.3369, 110.6838, 295.3026, 231.9054, 324.9118, 235.0279, 361.9212, 448.3437, 193.6170, 525.4773, 531.5560, 296.0154, 341.7173, 385.9801, 231.7541, 105.6853, 215.9491, 376.7564}
{252.3134, 369.5131, 327.3280, 247.1630, 179.3559, 258.8929, 426.5938, 335.9486, 313.5771, 370.3660, 381.2175, 364.5683, 128.7524, 461.4696, 356.2068, 389.1278, 319.8840, 293.3951, 379.3716, 515.8122, 0.0000, 274.0555, 138.5187, 328.3509, 266.4374, 108.4839, 161.1096, 375.7158, 210.5767, 240.5556, 537.0266, 213.5571, 296.6096, 294.4081, 160.5915, 425.4335, 46.3575, 404.6742, 356.6283, 317.6109, 244.7275, 59.0406, 152.2983, 303.6281, 240.5068, 455.7526, 254.8178, 136.5838, 329.7950, 324.7055, 394.9961, 349.8902, 323.2663, 403.0550, 310.8900, 153.0259, 188.0038, 275.0721, 219.8674, 179.1219, 414.2350, 448.7553, 305.5597, 443.3522, 267.1034, 380.9287, 434.7101, 284.6764, 460.7208, 40.3712, 327.0575, 130.7008, 363.4967, 186.4088, 187.3794, 301.8807, 391.9458, 111.5956, 447.7185, 395.4952, 257.6114, 92.2007, 257.0119, 450.4664, 478.7765, 381.0169, 297.1549, 328.9610, 317.8366, 184.5340, 186.3974, 380.9035, 37.3841, 122.7165, 222.4679, 417.5060, 133.9150, 386.7157, 418.6734, 416.8969, 210.3769}
{109.8177, 303.7621, 306.7810, 30.0067, 112.8559, 17.2405, 156.1273, 114.8942, 44.5287, 335.6197, 174.5668, 299.1234, 153.5503, 199.1483, 405.1262, 157.9697, 110.9134, 22.6477, 260.1440, 257.4525, 274.0555, 0.0000, 214.5654, 252.0503, 86.8801, 188.5325, 112.9825, 264.0549, 77.6459, 36.8566, 332.9077, 246.6096, 140.5914, 174.6991, 192.1690, 184.3049, 281.5084, 422.5172, 85.1181, 129.5756, 127.9252, 265.1411, 138.8664, 38.0219, 277.7892, 209.1353, 168.5189, 169.7417, 217.2427, 50.6909, 209.9916, 78.9961, 259.6019, 159.8373, 83.9422, 145.4446, 89.6195, 301.4476, 56.4012, 291.4729, 142.1354, 430.1661, 141.9594, 169.7383, 6.9831, 108.5762, 160.8692, 151.4388, 217.5401, 314.0451, 70.0630, 147.0607, 111.3551, 252.8116, 266.3862, 59.5071, 257.9129, 192.4275, 189.1359, 200.9963, 40.8248, 219.5599, 237.6424, 267.8844, 260.0190, 158.9102, 25.5565, 265.0622, 166.1849, 104.5727, 280.5639, 205.5983, 292.6587, 326.5414, 59.3340, 216.6612, 164.0987, 241.9862, 181.5810, 259.6324, 222.2499}
{252.5232, 425.7038, 398.7452, 198.7876, 177.4968, 205.8019, 342.8411, 313.9016, 259.0933, 439.7354, 263.6801, 420.4622, 81.6793, 365.6981, 456.7796, 280.4497, 302.4278, 237.1907, 412.4639, 471.9492, 138.5187, 214.5654, 0.0000, 375.7632, 166.2901, 161.7962, 131.3397, 411.9849, 136.9209, 178.0318, 534.1633, 291.1966, 176.5637, 316.7361, 219.1403, 395.6060, 178.4960, 496.8402, 297.9115, 310.5079, 128.6061, 179.4866, 80.5870, 229.6143, 325.1436, 422.3130, 284.6145, 49.4971, 360.8438, 258.7945, 397.0885, 292.4084, 375.6964, 298.8323, 282.7814, 174.3228, 131.1579, 359.9998, 160.9287, 285.3856, 352.4094, 529.4276, 185.8838, 375.5789, 208.2346, 304.1551, 365.8907, 298.5584, 430.0364, 170.6355, 282.6929, 135.7556, 323.9996, 273.4761, 280.5741, 264.2187, 419.1227, 169.8740, 403.6996, 392.5832, 181.4115, 174.3249, 118.7808, 456.9487, 465.3635, 269.3789, 240.0806, 381.9539, 328.6900, 110.7643, 286.1826, 386.9640, 175.1518, 254.9200, 188.2078, 294.6907, 168.3038, 408.3649, 391.5006, 434.5756, 277.0081}
{145.2134, 52.8086, 69.3189, 234.8595, 201.6777, 241.2240, 353.8565, 172.5638, 243.0925, 85.0069, 424.4858, 47.8169, 294.6771, 407.5401, 181.3520, 401.8913, 161.4189, 245.3527, 60.0755, 310.0525, 328.3509, 252.0503, 375.7632, 0.0000, 331.7763, 227.7653, 250.0127, 52.8008, 284.9306, 261.0434, 244.9869, 125.1120, 388.1873, 77.5401, 168.9767, 220.5768, 298.0544, 179.6032, 261.5316, 137.8408, 359.9163, 276.8855, 303.8707, 283.7851, 119.3299, 246.1446, 93.6504, 328.9747, 43.4321, 269.9686, 131.9615, 256.7522, 13.8379, 396.7744, 185.4831, 201.7411, 268.1948, 108.7468, 259.7081, 191.0336, 291.8840, 178.3361, 391.1920, 322.0301, 251.2268, 313.6153, 319.8786, 100.6781, 242.8879, 352.0349, 222.3573, 240.2541, 218.5241, 155.6587, 163.2122, 206.4400, 78.9293, 221.8213, 266.2570, 143.5862, 284.2858, 236.3153, 455.5029, 158.5067, 217.6011, 406.1228, 247.3096, 15.6408, 95.6506, 292.2904, 174.8547, 116.4382, 316.2931, 278.3722, 219.3554, 465.6144, 211.2158, 85.3884, 210.9055, 113.5682, 119.5363}
{186.5863, 384.3341, 380.6217, 97.0518, 155.7130, 92.4020, 177.0411, 201.1953, 121.9638, 413.0647, 119.8226, 379.4815, 138.0833, 200.4410, 470.9772, 122.7442, 197.7936, 104.5341, 345.1604, 322.2242, 266.4374, 86.8801, 166.2901, 331.7763, 0.0000, 211.2774, 126.0017, 348.5084, 64.3845, 70.9774, 415.6195, 303.7440, 56.4694, 255.8221, 237.4102, 262.4994, 287.6811, 494.6634, 149.1412, 216.0770, 47.1064, 276.4787, 114.1470, 77.2931, 337.7754, 283.6225, 242.3775, 135.2622, 300.0867, 109.0880, 296.6842, 145.5586, 337.8402, 137.1469, 170.7082, 181.6595, 91.5439, 365.9659, 77.7443, 334.6006, 196.3127, 508.1418, 60.3777, 214.8847, 84.8038, 141.6155, 204.9935, 232.6653, 293.1662, 306.2768, 151.5195, 163.6814, 190.2957, 302.3473, 314.7426, 146.0146, 343.9355, 217.7811, 257.5215, 287.3405, 48.1490, 240.6722, 155.9912, 354.0831, 341.5956, 115.4363, 105.3234, 343.6430, 251.0475, 83.8361, 326.9930, 292.4784, 294.0361, 348.2497, 115.0975, 160.5421, 194.2843, 328.3475, 261.3450, 346.4908, 280.8596}
{145.1210, 273.5414, 239.9394, 158.8747, 79.0273, 171.6195, 344.6314, 230.9156, 221.6040, 282.0511, 331.0178, 268.3826, 93.6309, 386.4812, 295.7096, 328.9922, 214.2216, 203.9823, 274.7398, 413.1461, 108.4839, 188.5325, 161.7962, 227.7653, 211.2774, 0.0000, 85.5010, 271.9292, 147.0619, 161.9765, 428.5489, 129.6674, 257.1121, 186.6440, 60.1519, 320.4392, 97.6580, 335.0553, 264.0495, 210.1650, 208.8766, 78.5551, 115.4991, 223.6890, 163.3566, 351.1609, 147.5880, 125.1724, 224.0339, 237.9685, 286.5124, 257.0771, 224.7802, 337.9067, 208.3538, 47.7033, 119.9274, 198.2908, 143.3410, 130.9523, 320.6241, 369.1593, 264.5629, 351.6205, 182.0868, 296.8583, 343.7999, 176.2227, 355.4411, 142.2289, 229.6279, 47.6142, 262.6767, 112.1764, 120.4264, 203.1827, 286.0363, 8.2541, 346.1988, 287.1174, 185.2472, 31.0898, 267.1648, 342.1819, 370.7733, 324.3772, 207.8624, 230.8346, 209.3890, 130.6849, 128.1840, 272.4547, 112.3728, 139.3681, 130.3795, 371.7479, 27.1826, 279.7291, 313.1962, 309.5344, 117.4906}
{121.2059, 301.6764, 282.9038, 86.3774, 48.3374, 97.8457, 267.0748, 188.7322, 152.9916, 321.1470, 245.6057, 296.4636, 51.4634, 305.4181, 359.2237, 243.8239, 175.3318, 132.4242, 282.4230, 360.4210, 161.1096, 112.9825, 131.3397, 250.0127, 126.0017, 85.5010, 0.0000, 282.5122, 61.6503, 80.7542, 405.7228, 188.5341, 174.0883, 186.3288, 116.8686, 275.3290, 170.5054, 390.5466, 195.9217, 180.8020, 128.9077, 155.9355, 54.0371, 144.1086, 223.7145, 304.2187, 156.8089, 82.0536, 231.1447, 163.6631, 266.7582, 189.2781, 251.7780, 253.5455, 159.4882, 60.2792, 34.4781, 255.5324, 60.5374, 210.2412, 253.5393, 414.4235, 181.0076, 282.3006, 106.0465, 220.5611, 273.6143, 167.4452, 310.6212, 201.0626, 169.0047, 38.2323, 207.9011, 181.5629, 192.9460, 145.6348, 288.2619, 91.8100, 291.6125, 263.0662, 101.4916, 115.5757, 207.6938, 326.4019, 339.2956, 238.9365, 136.1519, 258.0316, 197.3504, 49.6563, 203.9994, 256.0825, 180.5047, 223.9827, 64.5006, 286.5437, 69.0762, 277.1464, 269.9044, 303.2372, 168.3672}
{166.8429, 60.4132, 108.6395, 252.1691, 234.8101, 256.1399, 343.5303, 166.3399, 246.2693, 103.7853, 430.1188, 59.0035, 330.3098, 397.1343, 215.9218, 403.8269, 160.0806, 253.0949, 9.5775, 274.5633, 375.7158, 264.0549, 411.9849, 52.8008, 348.5084, 271.9292, 282.5122, 0.0000, 308.9625, 279.6908, 193.9744, 177.3948, 404.0404, 96.8267, 215.1907, 192.6648, 347.6429, 201.1621, 256.1830, 137.3867, 381.5989, 326.2348, 336.4477, 291.2411, 171.8743, 214.2234, 127.8384, 363.7505, 51.3917, 272.2906, 98.4032, 252.5457, 64.1336, 395.7209, 187.2626, 240.6299, 295.8373, 158.4969, 282.0793, 243.8173, 276.6732, 182.7513, 405.9005, 304.2763, 264.6188, 307.9818, 303.6957, 118.2688, 209.1036, 401.2686, 221.2300, 278.3711, 207.6195, 207.8187, 215.7837, 211.0624, 29.4219, 266.6846, 239.6197, 112.2385, 300.3603, 283.5301, 482.7303, 110.1804, 174.2318, 409.8905, 254.3121, 61.5684, 97.8799, 320.3684, 227.6105, 86.3810, 365.8140, 330.8577, 242.1061, 469.7396, 252.7524, 42.8448, 183.3950, 64.6664, 169.9360}
{142.2056, 337.7057, 327.4003, 65.2827, 94.6959, 69.9742, 217.6575, 183.0342, 122.1727, 362.5836, 183.9683, 332.6452, 82.8427, 250.8950, 412.2028, 183.4042, 174.2888, 100.2783, 307.0615, 335.0528, 210.5767, 77.6459, 136.9209, 284.9306, 64.3845, 147.0619, 61.6503, 308.9625, 0.0000, 41.3370, 404.2938, 242.9893, 114.7908, 212.7734, 174.4794, 260.2203, 227.1615, 439.2393, 161.5348, 187.2177, 75.7905, 214.5256, 63.5712, 96.6605, 277.6224, 286.0832, 192.1732, 93.0347, 258.3670, 123.3874, 273.2621, 155.8214, 289.2069, 194.6052, 151.1441, 118.1227, 27.1735, 307.3771, 27.9643, 270.6580, 217.1844, 457.3749, 121.0015, 242.3765, 71.3693, 174.1094, 232.9712, 190.7038, 294.1440, 250.9220, 146.4054, 99.5385, 187.8522, 239.5785, 251.6492, 130.0718, 309.1012, 153.4583, 266.7818, 266.4860, 48.2215, 176.7744, 174.4224, 332.9336, 333.1009, 177.8288, 103.1619, 295.2759, 214.9357, 28.1731, 263.5040, 265.7837, 235.0666, 284.8147, 66.8643, 224.9166, 129.9943, 295.3439, 256.7400, 317.5999, 220.9541}
{115.8369, 313.6935, 309.8281, 27.8505, 92.8302, 29.1182, 186.4261, 143.6816, 81.2548, 342.0891, 179.3949, 308.8032, 117.4717, 225.1020, 402.0367, 170.3266, 136.3889, 59.3082, 276.8792, 294.1890, 240.5556, 36.8566, 178.0318, 261.0434, 70.9774, 161.9765, 80.7542, 279.6908, 41.3370, 0.0000, 364.4182, 237.2208, 127.4374, 185.6363, 175.4550, 218.9892, 251.1796, 424.2183, 121.7873, 151.5247, 102.5959, 236.0713, 102.0492, 63.3783, 270.3812, 244.7463, 171.4310, 132.8877, 230.4110, 85.4452, 236.0932, 115.7736, 266.9226, 176.9089, 111.7717, 123.2664, 53.6371, 297.1753, 20.7074, 274.7573, 178.4274, 437.1679, 131.1177, 205.1526, 30.2766, 140.3733, 196.0410, 162.6464, 252.8272, 280.7945, 105.0744, 117.3599, 146.5261, 239.0703, 252.1235, 89.5966, 277.0548, 166.8986, 225.7463, 228.4614, 26.3840, 192.9869, 209.3039, 295.2740, 292.6204, 168.0399, 62.3855, 272.7500, 183.1593, 67.7479, 265.4077, 229.7735, 261.2285, 301.2908, 45.0618, 221.7463, 139.8169, 262.2926, 215.6525, 282.7211, 213.6154}
{288.4817, 244.2907, 300.3513, 339.0295, 366.6663, 335.3303, 319.0279, 221.3374, 293.6645, 283.1777, 449.0795, 245.3848, 457.1598, 362.5521, 398.8381, 413.2972, 231.7678, 312.2304, 185.4915, 160.0837, 537.0266, 332.9077, 534.1633, 244.9869, 415.6195, 428.5489, 405.7228, 193.9744, 404.2938, 364.4182, 0.0000, 363.5461, 460.9145, 244.8062, 381.8509, 156.3088, 518.1075, 368.9318, 272.9737, 225.1165, 460.0639, 496.4809, 453.5766, 339.7834, 363.8029, 145.4946, 284.9184, 484.9963, 219.8758, 309.3275, 142.1166, 274.3813, 257.5106, 395.7756, 253.1667, 386.1532, 403.5666, 352.4633, 377.0298, 432.3899, 251.1774, 326.2597, 458.7563, 260.5218, 337.3917, 308.7799, 266.3187, 252.3750, 134.4113, 568.8413, 264.3015, 417.5537, 225.6836, 392.6019, 402.5925, 274.8910, 166.0850, 425.6842, 181.7784, 143.1927, 373.5030, 448.4410, 570.2190, 89.1445, 74.7305, 424.9489, 310.8928, 255.4397, 219.2413, 426.0089, 415.8873, 156.2170, 535.4880, 515.3628, 345.9726, 478.8575, 403.8200, 161.8367, 155.4689, 131.7384, 350.4737}
{147.1219, 158.1346, 113.9426, 219.3403, 148.4253, 230.5426, 387.3187, 223.5078, 259.8516, 156.9558, 416.4830, 153.4599, 217.7254, 437.5370, 170.7641, 404.1286, 206.4726, 251.2873, 183.6252, 397.2471, 213.5571, 246.6096, 291.1966, 125.1120, 303.7440, 129.6674, 188.5341, 177.3948, 242.9893, 237.2208, 363.5461, 0.0000, 357.5205, 130.7772, 73.5396, 300.8842, 177.7379, 205.9308, 293.8934, 189.3099, 316.3959, 157.6190, 235.1913, 284.4066, 35.2408, 330.9220, 99.1640, 251.5728, 143.7690, 284.4085, 232.4672, 287.3784, 116.4430, 406.3195, 217.5936, 128.4074, 218.4259, 68.9513, 226.1234, 69.3011, 341.0112, 240.1106, 363.1928, 373.6572, 242.5112, 340.4237, 368.4560, 138.3292, 331.1517, 231.9251, 252.2198, 162.0816, 268.6398, 30.6028, 39.0489, 227.3543, 200.6135, 121.8022, 339.8601, 239.4367, 263.6011, 125.8815, 391.4847, 274.6296, 323.4410, 403.7531, 254.6227, 121.2628, 162.5941, 238.0135, 52.8117, 215.9125, 195.8940, 153.5204, 192.7300, 458.8836, 125.8120, 201.9027, 291.6378, 232.5805, 24.5387}
{243.0232, 440.7039, 436.8951, 153.3648, 209.0952, 148.0264, 190.5594, 252.4356, 169.8987, 469.5261, 87.1402, 435.8670, 173.5757, 198.9157, 525.9274, 107.0566, 250.7282, 155.4778, 400.4317, 354.3216, 296.6096, 140.5914, 176.5637, 388.1873, 56.4694, 257.1121, 174.0883, 404.0404, 114.7908, 127.4374, 460.9145, 357.5205, 0.0000, 312.0473, 289.1895, 305.4217, 323.9894, 550.6519, 188.8531, 270.1204, 51.9081, 315.4898, 148.4192, 122.0278, 391.9510, 323.3856, 298.7914, 160.1310, 356.0681, 151.6219, 348.2405, 186.7842, 394.3061, 128.1482, 223.1329, 232.6487, 140.7323, 420.9342, 132.8538, 384.3287, 227.0586, 564.6053, 9.3212, 239.1387, 139.4923, 167.0482, 229.3750, 288.8452, 333.5766, 334.8886, 199.7233, 209.8990, 235.5648, 354.2923, 366.2327, 198.1823, 398.5033, 264.2519, 293.7947, 338.0951, 104.0867, 284.8326, 125.3534, 404.2791, 386.2851, 94.4176, 155.5081, 400.1036, 306.3297, 126.4281, 377.8023, 345.1369, 327.8249, 389.9569, 171.2671, 120.9209, 243.1612, 382.5363, 305.4981, 399.4287, 335.1241}
{70.6351, 129.0973, 138.4070, 158.7770, 139.2408, 164.4049, 281.9726, 102.8720, 166.3469, 162.0617, 346.9754, 124.4292, 235.1411, 335.2075, 246.5624, 324.8234, 88.7603, 167.8600, 96.1531, 266.8846, 294.4081, 174.6991, 316.7361, 77.5401, 255.8221, 186.6440, 186.3288, 96.8267, 212.7734, 185.6363, 244.8062, 130.7772, 312.0473, 0.0000, 137.0638, 170.9780, 273.3815, 253.6451, 188.0253, 66.4881, 286.3883, 251.7342, 240.0866, 206.2668, 145.4016, 200.5623, 40.1265, 268.0275, 45.6715, 193.2611, 105.4546, 182.7180, 86.2422, 320.4151, 110.0505, 149.1509, 199.0301, 153.4360, 186.3324, 198.9423, 224.6270, 255.8749, 314.7039, 256.2988, 174.0974, 239.5478, 252.8171, 23.2884, 200.4635, 324.6580, 147.4283, 185.3866, 150.0982, 155.7374, 167.8728, 129.6436, 102.6587, 182.8567, 212.0904, 110.2902, 207.9668, 204.2228, 386.0941, 156.6973, 195.6354, 328.7763, 169.8716, 91.2611, 31.8737, 223.5540, 182.7873, 89.6292, 290.8736, 274.5389, 146.0668, 388.1837, 164.0504, 93.8102, 161.5624, 123.0069, 111.8981}
