70 5 [30, 30, 30, 30, 30]
capacities = [100000, 45, 50, 29, 33, 34, 46, 38, 49, 26, 35, 24, 45, 35, 25, 47, 32, 26, 24, 45, 36, 41, 36, 29, 36, 50, 32, 50, 46, 28, 29, 41, 36, 39, 50, 49, 37, 26, 24, 36, 29, 42, 26, 34, 48, 37, 31, 43, 35, 46, 37, 32, 46, 49, 45, 39, 26, 31, 48, 33, 32, 34, 24, 33, 25, 47, 42, 35, 27, 40, 29]
initial     = [50000, 15, 42, 10, 32, 1, 33, 1, 2, 1, 29, 5, 26, 26, 10, 40, 29, 25, 18, 43, 5, 3, 35, 9, 12, 32, 31, 1, 9, 6, 1, 40, 31, 38, 49, 46, 3, 5, 23, 16, 10, 13, 4, 33, 47, 36, 19, 42, 26, 5, 1, 31, 1, 40, 24, 1, 21, 30, 17, 32, 25, 25, 19, 1, 19, 23, 40, 31, 1, 37, 7]
target      = [0, 20, 28, 19, 21, 10, 26, 13, 25, 10, 23, 13, 13, 21, 16, 26, 18, 18, 10, 25, 16, 16, 26, 17, 25, 16, 23, 17, 24, 15, 12, 33, 16, 31, 28, 28, 10, 15, 13, 22, 19, 26, 11, 26, 36, 26, 11, 25, 15, 21, 10, 22, 12, 26, 13, 16, 14, 22, 38, 24, 20, 12, 12, 12, 14, 34, 22, 20, 10, 32, 19]
weights    = [0.000000, 0.362500, 0.575000, 0.552632, 0.595238, 0.915000, 0.378846, 0.934615, 0.932000, 0.915000, 0.371739, 0.673077, 1.000000, 0.352381, 0.468750, 0.607692, 0.669444, 0.480556, 0.830000, 0.762000, 0.734375, 0.840625, 0.444231, 0.550000, 0.592000, 1.000000, 0.445652, 0.950000, 0.681250, 0.660000, 0.929167, 0.330303, 0.946875, 0.341935, 0.787500, 0.696429, 0.745000, 0.716667, 0.803846, 0.381818, 0.552632, 0.575000, 0.690909, 0.378846, 0.409722, 0.476923, 0.768182, 0.728000, 0.773333, 0.797619, 0.915000, 0.497727, 0.929167, 0.607692, 0.869231, 0.946875, 0.575000, 0.459091, 0.619737, 0.433333, 0.362500, 1.000000, 0.645833, 0.929167, 0.453571, 0.425000, 0.845455, 0.617500, 0.915000, 0.282813, 0.686842]
min_ratio  = [0.0000, 0.0247, 0.3833, 0.2656, 0.1201, 0.2744, 0.2312, 0.1964, 0.0421, 0.4418, 0.3575, 0.1541, 0.0975, 0.1192, 0.2940, 0.0766, 0.0763, 0.2159, 0.3023, 0.3212, 0.4109, 0.4164, 0.4917, 0.0446, 0.1070, 0.3859, 0.3334, 0.2403, 0.4689, 0.2117, 0.0988, 0.4121, 0.2610, 0.0244, 0.1264, 0.0217, 0.2804, 0.0241, 0.0239, 0.1997, 0.2239, 0.1243, 0.1680, 0.2136, 0.4972, 0.3775, 0.4062, 0.4404, 0.4683, 0.3089, 0.2432, 0.4601, 0.4714, 0.3029, 0.4903, 0.1007, 0.1355, 0.2476, 0.0452, 0.4866, 0.4087, 0.4395, 0.4141, 0.3456, 0.3435, 0.3284, 0.4298, 0.4363, 0.2302, 0.3492, 0.4591]
points = [(586500.000, 4512500.000), (586628.417, 4512137.498), (586693.283, 4512374.549), (586643.029, 4512548.672), (586702.531, 4512693.598), (586473.562, 4512791.500), (586721.215, 4512497.142), (586904.237, 4512616.501), (586385.029, 4512289.077), (586821.040, 4512649.019), (586531.649, 4512225.794), (586735.353, 4512610.888), (586686.781, 4512402.673), (586271.860, 4512180.208), (586357.101, 4512444.875), (586607.426, 4512341.624), (586463.105, 4512428.070), (586418.353, 4512626.146), (586099.178, 4512627.194), (586711.053, 4512497.408), (586646.691, 4512570.553), (586748.440, 4512552.791), (586224.712, 4512441.345), (586790.634, 4512460.724), (586663.250, 4512798.857), (586381.537, 4512251.032), (586804.509, 4512339.606), (586566.991, 4512381.466), (586631.644, 4512308.242), (586197.095, 4512413.996), (586407.968, 4512383.600), (586172.157, 4512529.059), (586752.816, 4512570.232), (586377.775, 4512264.190), (586484.606, 4512411.601), (586295.930, 4512374.946), (586287.345, 4512584.380), (586851.476, 4512556.530), (586198.248, 4512411.023), (586089.400, 4512405.263), (586447.842, 4512514.468), (586152.962, 4512492.497), (586468.903, 4512386.496), (586185.151, 4512460.019), (586350.230, 4512843.757), (586482.135, 4512112.448), (586162.748, 4512570.593), (586515.389, 4512689.007), (586761.110, 4512272.764), (586526.642, 4512291.827), (586816.853, 4512563.025), (586510.910, 4512283.171), (586582.915, 4512573.712), (586412.890, 4512405.183), (586843.316, 4512661.625), (586618.999, 4512336.423), (586630.449, 4512727.150), (586635.209, 4512149.398), (586489.288, 4512196.683), (586883.363, 4512682.985), (586424.111, 4512370.628), (586552.718, 4512506.341), (586614.653, 4512537.522), (586336.063, 4512579.028), (586413.331, 4512415.746), (586612.054, 4512301.135), (586336.353, 4512294.357), (586568.268, 4512687.213), (586476.313, 4512621.678), (586186.343, 4512625.594), (586541.570, 4512928.150)]
distances = [
{0.0000, 256.3841, 153.6174, 100.7221, 186.7843, 195.1311, 147.4888, 280.4599, 160.1482, 235.9599, 184.0176, 173.4450, 140.4118, 261.8860, 102.1085, 127.5817, 53.8934, 100.1759, 280.3464, 140.7128, 108.5171, 169.3243, 187.6451, 195.5172, 227.0252, 183.8098, 229.4455, 90.7697, 155.0645, 209.9189, 98.9250, 219.4192, 174.9268, 177.0691, 59.8196, 159.5591, 152.5227, 237.3288, 209.7316, 280.9251, 36.0852, 231.4128, 78.4579, 211.5851, 249.9778, 258.6425, 229.7074, 126.4219, 230.7618, 139.9139, 215.3732, 144.7356, 73.9617, 85.8380, 252.9723, 134.8553, 174.6286, 250.5134, 202.3372, 283.1962, 99.9918, 35.3987, 80.4244, 121.3274, 80.5819, 152.1748, 175.2071, 132.8479, 82.6411, 225.2451, 286.7758}
{256.3841, 0.0000, 163.8440, 274.2894, 374.0116, 448.0572, 247.6159, 368.4931, 191.1534, 364.3916, 87.3314, 323.5455, 181.0145, 239.4039, 273.3279, 136.8015, 222.8705, 354.5918, 480.6922, 246.1836, 288.9606, 288.1928, 336.8487, 241.0987, 441.5173, 181.1563, 178.7063, 167.7217, 113.8501, 341.5589, 220.2668, 400.8291, 300.1735, 187.2284, 206.3593, 272.3798, 374.7792, 316.4691, 339.8441, 401.2411, 278.6590, 395.5768, 197.1403, 365.4554, 506.0480, 98.9410, 423.9596, 375.3152, 126.3229, 123.2445, 310.2553, 124.7729, 292.3873, 229.1117, 377.6484, 132.7651, 393.1040, 9.1346, 100.7966, 401.4160, 206.6563, 251.0207, 266.8408, 353.0312, 234.4580, 109.6353, 221.0143, 368.6643, 338.3395, 439.0227, 530.2721}
{153.6174, 163.8440, 0.0000, 120.8201, 212.7887, 314.2013, 83.8234, 214.0016, 213.2562, 201.8313, 146.4444, 160.0362, 19.2435, 309.3833, 228.9725, 61.3024, 157.5453, 248.4511, 430.3953, 82.7584, 134.3106, 124.3874, 315.5387, 86.6751, 283.5797, 223.5490, 77.7237, 84.3209, 60.3541, 331.8359, 190.3058, 362.3663, 136.3592, 222.8348, 141.2940, 264.9019, 304.6416, 160.7514, 330.9180, 403.1089, 188.3481, 368.6965, 149.7981, 343.5134, 387.4942, 224.3811, 377.0649, 240.8600, 81.5428, 124.0290, 150.2481, 135.9899, 151.7995, 188.0409, 215.9451, 55.6644, 238.7707, 155.0135, 180.4318, 241.5348, 179.4667, 128.4567, 120.6334, 274.4024, 188.6443, 72.9924, 243.8851, 224.4872, 219.2394, 377.1303, 382.6755}
{100.7221, 274.2894, 120.8201, 0.0000, 104.4435, 197.4103, 62.4266, 179.9142, 243.9976, 136.2312, 227.6992, 74.2207, 101.6096, 348.6684, 202.7897, 140.0582, 144.4025, 158.4390, 366.3267, 56.7856, 14.7903, 70.3276, 287.9106, 114.5470, 167.3338, 264.1275, 176.1119, 122.4557, 160.4662, 310.5512, 191.4881, 314.1868, 74.5898, 259.3065, 139.6604, 258.7646, 238.3144, 139.0639, 310.3958, 381.2674, 132.1073, 328.8505, 158.6340, 310.9208, 277.1329, 309.9666, 320.5204, 126.4664, 200.0763, 187.9897, 116.2770, 197.7049, 43.4136, 180.8042, 153.2950, 142.4036, 119.2806, 266.2339, 256.0663, 183.5457, 188.1189, 66.4928, 20.3252, 205.6418, 176.9246, 166.3120, 265.6031, 104.9503, 121.3329, 308.7456, 261.8715}
{186.7843, 374.0116, 212.7887, 104.4435, 0.0000, 166.0140, 131.5615, 143.9587, 342.8278, 84.4111, 332.0248, 59.3230, 194.2343, 446.7395, 283.7718, 243.0646, 238.3550, 194.7157, 404.6641, 130.9166, 90.0818, 98.7347, 360.2115, 165.9889, 74.8997, 364.4793, 245.5924, 226.8602, 261.2142, 385.0788, 285.0856, 370.2070, 88.8140, 358.9229, 237.5932, 344.3919, 286.2073, 134.9443, 385.3716, 451.6963, 207.5828, 390.1381, 257.2447, 378.4420, 255.3110, 414.3589, 369.0805, 124.7989, 283.2612, 292.3901, 115.6986, 301.9706, 112.9026, 272.4986, 96.2471, 244.5420, 53.0055, 365.5657, 360.4915, 120.7620, 284.2747, 159.8736, 119.4100, 255.9729, 267.3642, 268.5050, 361.1584, 89.6097, 158.2499, 347.0987, 189.6465}
{195.1311, 448.0572, 314.2013, 197.4103, 166.0140, 0.0000, 256.4532, 309.9142, 340.1091, 250.3703, 379.1204, 212.0327, 295.6344, 429.1395, 243.7775, 312.9136, 242.3869, 116.2182, 272.5682, 252.0073, 187.1317, 242.7067, 286.3839, 305.4670, 126.5537, 365.4979, 373.4133, 280.3624, 338.9712, 311.9425, 275.4269, 266.4336, 237.5267, 357.2930, 253.3731, 301.8980, 185.6828, 296.6706, 313.0930, 363.1711, 185.4821, 292.2610, 270.0207, 292.9247, 89.2973, 452.7376, 254.2139, 73.7993, 395.4021, 334.9897, 274.9136, 339.7996, 162.4668, 260.7015, 261.2669, 318.5018, 113.0474, 441.4245, 396.6831, 282.6164, 282.5118, 197.2945, 193.6910, 168.7212, 253.7007, 339.6983, 343.8201, 93.9148, 113.2299, 221.1282, 101.7587}
{147.4888, 247.6159, 83.8234, 62.4266, 131.5615, 256.4532, 0.0000, 145.6688, 263.5755, 121.1641, 220.6706, 76.4141, 67.0330, 366.5860, 245.2306, 128.4678, 178.1279, 219.4616, 423.6579, 6.7767, 69.7393, 41.3009, 333.0857, 52.2614, 204.8216, 279.6436, 118.8007, 128.5234, 139.3733, 353.7829, 222.1267, 366.6568, 53.0860, 276.6609, 167.7316, 294.9945, 295.0356, 95.4404, 353.3405, 425.6403, 182.6144, 378.8480, 183.6708, 358.2320, 338.4747, 301.9559, 375.5176, 187.5890, 151.9318, 188.5772, 77.4226, 200.0132, 105.3879, 214.4975, 136.5664, 126.9800, 164.8463, 238.8149, 253.0400, 164.4240, 215.2791, 112.4984, 75.9708, 262.5068, 212.3076, 149.5698, 290.0121, 162.6445, 183.1645, 366.7198, 311.2985}
{280.4599, 368.4931, 214.0016, 179.9142, 143.9587, 309.9142, 145.6688, 0.0000, 409.2179, 59.5505, 359.9220, 112.6514, 203.3167, 512.1858, 382.2814, 269.6948, 319.7939, 323.9866, 536.7534, 151.2952, 174.4085, 112.2137, 467.8243, 128.5342, 201.4704, 425.1969, 196.2051, 274.0450, 274.3318, 490.3778, 365.4683, 491.5226, 105.5546, 422.3141, 311.3230, 436.3413, 411.8184, 53.2509, 490.1892, 561.1816, 311.7742, 507.6267, 328.2395, 490.6103, 399.2039, 438.2998, 495.2725, 263.7002, 248.2301, 331.9916, 68.2992, 343.7152, 216.1059, 356.5745, 50.5412, 266.5038, 196.8678, 359.3586, 393.5197, 46.4555, 359.6136, 245.5839, 200.1073, 379.6054, 353.5791, 286.6100, 435.2620, 228.8865, 285.3032, 478.6342, 318.7839}
{160.1482, 191.1534, 213.2562, 243.9976, 342.8278, 340.1091, 263.5755, 409.2179, 0.0000, 376.9256, 106.4630, 317.1324, 214.9505, 104.6893, 105.5209, 152.3470, 106.2805, 225.8082, 295.1711, 257.9352, 256.2079, 299.3417, 147.4025, 293.6195, 387.1734, 25.4703, 281.6747, 136.0487, 164.9061, 150.4424, 64.8443, 213.8597, 308.6283, 17.2819, 105.2565, 82.4945, 207.3598, 358.4561, 148.7098, 211.7603, 155.9867, 205.7342, 85.7006, 175.3374, 370.5136, 134.3752, 239.1277, 280.4265, 250.9566, 94.4264, 340.9262, 84.0130, 231.1090, 79.6013, 393.7395, 159.1418, 334.7562, 191.0210, 92.8716, 423.4774, 60.2878, 182.9671, 225.5384, 196.0374, 86.5279, 151.5636, 32.6411, 292.1862, 229.9331, 260.5288, 438.6442}
{235.9599, 364.3916, 201.8313, 136.2312, 84.4111, 250.3703, 121.1641, 59.5505, 376.9256, 0.0000, 341.8034, 62.5256, 187.0378, 481.3788, 337.9112, 249.5534, 280.4248, 268.8911, 481.4615, 124.8697, 127.4617, 80.3622, 420.9704, 127.1565, 145.0657, 395.2814, 206.5699, 245.9681, 259.9142, 444.4941, 327.3299, 439.9193, 69.4802, 391.3382, 274.5141, 394.8876, 358.3970, 64.9122, 444.4787, 514.1182, 264.4751, 457.4459, 292.8167, 442.2550, 339.6632, 423.0921, 441.9651, 205.5041, 253.9989, 308.5857, 57.3974, 319.7399, 166.4999, 316.9595, 17.0638, 248.1371, 137.3229, 355.3744, 373.9681, 47.3180, 323.2160, 202.5984, 156.3860, 326.6677, 313.1509, 270.5539, 400.3926, 170.4277, 230.5396, 423.4195, 263.3272}
{184.0176, 87.3314, 146.4444, 227.6992, 332.0248, 379.1204, 220.6706, 359.9220, 106.4630, 341.8034, 0.0000, 290.4346, 156.8465, 175.8390, 186.7425, 92.2764, 142.3828, 277.3831, 393.3635, 217.0100, 242.2977, 261.5552, 250.0424, 233.1093, 391.9863, 101.4792, 197.0958, 106.4222, 86.4014, 255.9054, 133.6661, 313.5495, 272.8878, 105.7286, 127.7799, 185.9628, 289.2660, 306.7214, 254.2670, 318.1848, 200.3959, 308.7861, 115.0113, 278.8249, 429.3620, 82.4596, 336.6332, 308.9991, 156.1457, 44.1484, 294.4415, 40.6734, 234.4496, 143.4252, 357.2021, 93.9709, 340.6656, 85.7928, 34.2665, 384.5491, 120.2612, 187.5579, 215.0597, 269.1783, 149.1916, 73.4579, 137.9882, 308.5799, 266.4881, 352.1844, 468.2843}
{173.4450, 323.5455, 160.0362, 74.2207, 59.3230, 212.0327, 76.4141, 112.6514, 317.1324, 62.5256, 290.4346, 0.0000, 142.5372, 421.8008, 275.3863, 198.7390, 218.6231, 211.5783, 424.2561, 77.3683, 64.9372, 39.7018, 358.7010, 106.6779, 134.2156, 336.4403, 186.6389, 189.7136, 213.2812, 382.0927, 265.6990, 379.4066, 29.4987, 332.0386, 213.5307, 332.5063, 299.1944, 85.4776, 382.0578, 451.9277, 202.1654, 396.2018, 232.2328, 380.3413, 300.0352, 372.7150, 382.6808, 155.6162, 226.0694, 254.1743, 63.0100, 264.8045, 104.6041, 254.9918, 79.5273, 198.7399, 104.3962, 314.8207, 321.1878, 109.7568, 262.1250, 140.2943, 94.1655, 267.0393, 251.0232, 222.2609, 339.5377, 122.4617, 172.8428, 366.1379, 247.8414}
{140.4118, 181.0145, 19.2435, 101.6096, 194.2343, 295.6344, 67.0330, 203.3167, 214.9505, 187.0378, 156.8465, 142.5372, 0.0000, 313.8647, 221.5801, 66.7473, 150.0754, 232.8513, 419.3579, 65.1970, 115.0674, 108.1919, 309.1232, 79.3174, 264.5884, 227.2236, 89.0373, 81.1020, 72.8991, 326.5450, 186.3100, 353.2780, 120.0682, 225.7456, 134.9150, 261.2221, 292.5496, 150.2540, 325.7366, 398.2578, 175.8665, 360.8825, 145.6515, 336.5984, 369.8781, 236.7469, 366.8533, 222.4740, 99.7800, 129.8398, 137.6492, 141.7530, 133.4044, 182.6017, 201.7255, 63.1873, 219.5542, 172.3147, 190.2457, 228.2485, 176.4115, 112.9799, 101.9518, 261.7075, 182.5080, 84.0478, 244.5243, 205.4899, 202.4954, 365.2288, 363.4484}
{261.8860, 239.4039, 309.3833, 348.6684, 446.7395, 429.1395, 366.5860, 512.1858, 104.6893, 481.3788, 175.8390, 421.8008, 313.8647, 0.0000, 185.3703, 248.2467, 208.7107, 312.9223, 319.4545, 361.1750, 360.7814, 403.2898, 176.9057, 393.1724, 488.0403, 87.0379, 370.6583, 238.1473, 254.5912, 163.6348, 163.1545, 241.8795, 412.8156, 90.1132, 209.5533, 130.8132, 269.6454, 460.7111, 161.5123, 193.1507, 251.8373, 222.7717, 190.1821, 195.2917, 445.4407, 147.2820, 270.2307, 376.0513, 331.9519, 185.4394, 444.0047, 173.5206, 334.3983, 177.0163, 498.1408, 253.7791, 436.0079, 243.1017, 145.3673, 527.7708, 162.5355, 286.9331, 330.1045, 269.3030, 183.1721, 240.6983, 87.4053, 391.5279, 324.3430, 302.3473, 530.0571}
{102.1085, 273.3279, 228.9725, 202.7897, 283.7718, 243.7775, 245.2306, 382.2814, 105.5209, 337.9112, 186.7425, 275.3863, 221.5801, 185.3703, 0.0000, 180.5221, 71.5520, 127.5598, 210.5700, 238.5529, 210.4567, 270.6301, 88.2910, 289.2148, 312.0043, 130.2519, 306.4166, 146.1725, 204.4424, 108.6393, 53.0913, 135.4686, 276.7308, 121.2427, 87.8498, 61.9391, 103.9816, 337.8846, 108.2804, 180.4107, 76.2366, 139.7469, 84.0845, 115.0773, 265.9606, 236.7760, 154.3128, 193.9706, 292.7613, 152.2685, 316.4600, 148.7809, 173.3212, 45.6453, 354.8932, 188.9769, 261.9567, 270.5145, 187.4656, 385.0813, 66.6770, 136.6975, 182.4723, 90.5281, 42.2183, 195.1211, 101.2944, 214.2884, 142.1588, 165.7541, 344.8565}
{127.5817, 136.8015, 61.3024, 140.0582, 243.0646, 312.9136, 128.4678, 269.6948, 152.3470, 249.5534, 92.2764, 198.7390, 66.7473, 248.2467, 180.5221, 0.0000, 112.1536, 227.7445, 388.6539, 124.7352, 154.8483, 169.2815, 263.6618, 145.6783, 307.0857, 162.2517, 131.3952, 37.8444, 27.4941, 277.7767, 135.8850, 315.9407, 180.6165, 161.5697, 94.2378, 208.8488, 267.8163, 216.7900, 276.6813, 347.9470, 156.8333, 319.2356, 97.0728, 292.3725, 376.1134, 174.1256, 333.4437, 239.5797, 112.2704, 63.2659, 203.1726, 75.2244, 155.5860, 136.4374, 265.0326, 8.4588, 257.4757, 129.4820, 124.6583, 292.6267, 123.7300, 115.7099, 130.6879, 240.3689, 138.5109, 27.1684, 183.4423, 231.8674, 206.1507, 338.5918, 393.4749}
{53.8934, 222.8705, 157.5453, 144.4025, 238.3550, 242.3869, 178.1279, 319.7939, 106.2805, 280.4248, 142.3828, 218.6231, 150.0754, 208.7107, 71.5520, 112.1536, 0.0000, 135.3792, 276.5610, 171.6404, 154.9265, 207.6010, 159.1752, 219.4348, 280.9038, 129.9504, 235.1190, 75.9067, 137.8633, 177.5886, 47.2240, 205.3182, 215.1407, 123.1765, 18.0554, 116.9420, 156.8076, 272.7098, 176.9372, 249.6005, 58.4908, 211.1764, 27.9845, 186.5231, 287.1596, 210.7970, 221.6376, 177.4157, 224.0306, 100.2200, 252.4105, 101.7209, 125.7258, 36.7901, 297.4770, 120.5583, 228.4758, 218.3553, 155.2423, 327.6838, 46.2850, 79.3214, 124.6263, 131.5345, 34.1847, 130.4666, 122.8286, 186.4454, 129.3716, 226.6793, 337.4657}
{100.1759, 354.5918, 248.4511, 158.4390, 194.7157, 116.2182, 219.4616, 323.9866, 225.8082, 268.8911, 277.3831, 211.5783, 232.8513, 312.9223, 127.5598, 227.7445, 135.3792, 0.0000, 212.7844, 213.1742, 156.6722, 225.4264, 178.4481, 271.5863, 199.7818, 251.2779, 320.5704, 190.8597, 255.2179, 204.3555, 161.8455, 176.4317, 226.0703, 242.8157, 149.6948, 186.2958, 91.6696, 292.4552, 205.1822, 264.1543, 77.0038, 198.0956, 163.2826, 190.8827, 152.0163, 345.0953, 174.3814, 77.0787, 328.2018, 234.2800, 268.9788, 236.8300, 115.1425, 147.3537, 284.2949, 234.9458, 156.6122, 349.1677, 290.1879, 312.3139, 170.3891, 120.0138, 143.5859, 63.2164, 140.3070, 252.2371, 227.8479, 107.9172, 38.7552, 154.6735, 217.4489}
{280.3464, 480.6922, 430.3953, 366.3267, 404.6641, 272.5682, 423.6579, 536.7534, 295.1711, 481.4615, 393.3635, 424.2561, 419.3579, 319.4545, 210.5700, 388.6539, 276.5610, 212.7844, 0.0000, 416.9924, 366.9566, 435.6740, 149.5158, 474.1420, 393.0766, 313.5635, 507.8051, 352.2821, 413.7904, 156.4051, 262.2035, 81.5305, 437.4106, 305.0594, 294.4183, 213.2712, 128.6509, 503.7400, 158.5276, 148.0974, 244.2890, 96.6915, 294.1145, 125.3241, 221.0351, 427.7171, 56.7444, 280.5174, 500.5663, 362.2131, 480.3586, 357.6932, 324.4562, 256.2152, 496.6232, 397.0795, 360.3950, 478.7103, 387.3126, 524.1113, 276.0096, 312.9105, 348.8110, 161.1550, 252.4570, 405.1649, 272.4637, 315.2762, 251.4506, 58.1200, 356.7047}
{140.7128, 246.1836, 82.7584, 56.7856, 130.9166, 252.0073, 6.7767, 151.2952, 257.9352, 124.8697, 217.0100, 77.3683, 65.1970, 361.1750, 238.5529, 124.7352, 171.6404, 213.1742, 416.9924, 0.0000, 64.9538, 44.5471, 326.3748, 58.4192, 203.4771, 274.2928, 122.2666, 123.2822, 136.7715, 347.1222, 215.8324, 359.8836, 55.9661, 271.1829, 161.4400, 288.5398, 288.3616, 101.5743, 346.6873, 418.9636, 175.8426, 372.0754, 177.5613, 351.4867, 333.4340, 298.5879, 368.7787, 182.5680, 153.4359, 184.1150, 82.9967, 195.4539, 99.4245, 208.0671, 140.5714, 123.6308, 162.3145, 237.4527, 249.1010, 168.8248, 209.1347, 105.7247, 69.6090, 255.8467, 205.8123, 146.5517, 284.1207, 158.3437, 177.0697, 360.0941, 308.5906}
{108.5171, 288.9606, 134.3106, 14.7903, 90.0818, 187.1317, 69.7393, 174.4085, 256.2079, 127.4617, 242.2977, 64.9372, 115.0674, 360.7814, 210.4567, 154.8483, 154.9265, 156.6722, 366.9566, 64.9538, 0.0000, 68.8584, 294.2116, 120.7057, 152.6023, 276.8074, 186.4800, 136.7984, 175.1614, 317.3829, 202.1442, 317.5632, 70.7508, 271.7631, 151.3457, 267.7438, 239.7412, 136.8434, 317.3160, 387.5243, 137.7379, 333.2406, 170.6008, 316.3943, 268.7661, 324.5093, 322.6286, 117.8919, 212.6765, 202.3200, 113.5522, 211.8962, 42.5695, 190.9159, 144.4618, 157.1750, 104.9580, 280.8746, 270.4354, 174.6799, 199.4568, 75.8773, 30.6774, 207.1621, 186.6928, 181.0906, 276.9629, 93.7128, 118.5882, 309.0843, 248.4852}
{169.3243, 288.1928, 124.3874, 70.3276, 98.7347, 242.7067, 41.3009, 112.2137, 299.3417, 80.3622, 261.5552, 39.7018, 108.1919, 403.2898, 270.6301, 169.2815, 207.6010, 225.4264, 435.6740, 44.5471, 68.8584, 0.0000, 356.9694, 67.5172, 173.5968, 316.7024, 146.9569, 166.3677, 180.6719, 379.0311, 253.4619, 384.5143, 11.9879, 313.1794, 199.4915, 324.1355, 308.1170, 68.7364, 378.7755, 450.2334, 202.0205, 399.0149, 216.8404, 380.5849, 328.7903, 343.0713, 390.6415, 179.9600, 186.8759, 228.3238, 46.1161, 239.5509, 111.2279, 244.3873, 96.2553, 168.0874, 140.3534, 279.3224, 293.6153, 124.9971, 247.9895, 134.1053, 89.7701, 275.4735, 241.3655, 190.8250, 324.2795, 149.8609, 187.1399, 377.8611, 285.7268}
{187.6451, 336.8487, 315.5387, 287.9106, 360.2115, 286.3839, 333.0857, 467.8243, 147.4025, 420.9704, 250.0424, 358.7010, 309.1232, 176.9057, 88.2910, 263.6618, 159.1752, 178.4481, 149.5158, 326.3748, 294.2116, 356.9694, 0.0000, 377.5025, 377.2007, 164.4022, 392.4369, 231.6514, 285.4317, 25.9112, 128.0922, 68.1695, 362.4034, 156.0796, 174.3935, 64.9130, 104.0982, 424.8406, 26.8310, 93.3599, 156.5377, 58.7449, 166.8505, 29.1647, 281.0226, 278.4398, 95.5558, 254.5846, 374.8437, 224.6154, 403.0091, 217.9992, 254.5849, 127.7474, 437.7697, 272.0059, 330.8624, 335.8177, 240.2402, 467.7182, 141.0454, 222.9227, 267.7512, 118.0505, 126.8992, 274.6254, 123.0519, 281.6476, 206.3689, 125.4678, 387.2290}
{195.5172, 241.0987, 86.6751, 114.5470, 165.9889, 305.4670, 52.2614, 128.5342, 293.6195, 127.1565, 233.1093, 106.6779, 79.3174, 393.1724, 289.2148, 145.6783, 219.4348, 271.5863, 474.1420, 58.4192, 120.7057, 67.5172, 377.5025, 0.0000, 240.8880, 306.4714, 81.2734, 158.1813, 146.8608, 396.9172, 260.2404, 414.8273, 77.2363, 304.8337, 206.6304, 334.7235, 345.5049, 75.6620, 396.3117, 468.9491, 231.3198, 425.6421, 220.1213, 403.6557, 389.1130, 310.1739, 424.9507, 238.3960, 126.8430, 208.9315, 70.4051, 220.8775, 157.6404, 254.5367, 138.4627, 141.2786, 207.2491, 231.9776, 267.1052, 160.5527, 251.6223, 161.4997, 128.0058, 313.1421, 253.3159, 159.6654, 322.5242, 211.6015, 235.4226, 417.5854, 353.0946}
{227.0252, 441.5173, 283.5797, 167.3338, 74.8997, 126.5537, 204.8216, 201.4704, 387.1734, 145.0657, 391.9863, 134.2156, 264.5884, 488.0403, 312.0043, 307.0857, 280.9038, 199.7818, 393.0766, 203.4771, 152.6023, 173.5968, 377.2007, 240.8880, 0.0000, 410.6767, 320.3233, 285.5646, 327.7544, 402.9990, 324.9665, 373.5496, 163.6955, 404.0708, 284.3167, 373.9425, 288.5251, 204.5608, 403.6735, 463.9062, 237.8398, 396.7928, 303.9095, 390.6634, 210.8157, 473.2677, 366.7315, 122.8005, 356.7450, 350.0738, 187.6291, 358.4780, 159.3656, 311.0264, 150.9327, 309.6978, 52.5686, 433.3761, 417.8654, 165.8325, 326.9846, 208.4684, 177.2099, 262.7851, 304.9470, 333.5656, 400.7670, 97.7205, 171.7076, 338.2704, 118.3643}
{183.8098, 181.1563, 223.5490, 264.1275, 364.4793, 365.4979, 279.6436, 425.1969, 25.4703, 395.2814, 101.4792, 336.4403, 227.2236, 87.0379, 130.2519, 162.2517, 129.9504, 251.2779, 313.5635, 274.2928, 276.8074, 316.7024, 164.4022, 306.4714, 410.6767, 0.0000, 288.0973, 151.1527, 171.0446, 164.0821, 90.1183, 232.0340, 326.4196, 9.1239, 127.2016, 100.4066, 230.9334, 373.6736, 162.1962, 220.2336, 181.1018, 221.6628, 107.4624, 191.1872, 395.7011, 114.1644, 258.1884, 305.3150, 253.4629, 100.4867, 357.0491, 88.8699, 253.5746, 104.8717, 411.9475, 168.2324, 358.1717, 182.1826, 80.4540, 441.4179, 84.6318, 204.9234, 246.2335, 220.7557, 111.8363, 157.2661, 41.7332, 316.3139, 255.0475, 281.5807, 463.8487}
{229.4455, 178.7063, 77.7237, 176.1119, 245.5924, 373.4133, 118.8007, 196.2051, 281.6747, 206.5699, 197.0958, 186.6389, 89.0373, 370.6583, 306.4166, 131.3952, 235.1190, 320.5704, 507.8051, 122.2666, 186.4800, 146.9569, 392.4369, 81.2734, 320.3233, 288.0973, 0.0000, 160.7856, 117.1242, 407.9683, 265.9826, 440.0817, 157.5657, 288.8978, 218.6029, 339.8699, 381.4433, 147.9672, 406.9686, 478.7442, 264.8171, 446.1634, 225.9100, 420.6362, 452.4195, 262.9115, 454.7096, 302.3404, 53.1299, 187.9631, 149.1733, 199.3156, 214.9001, 264.7141, 216.2329, 123.6911, 283.2256, 169.7599, 230.7389, 234.8779, 254.4401, 201.3279, 182.8371, 350.7226, 265.6789, 130.8412, 313.5584, 280.1910, 288.5032, 454.0768, 429.7397}
{90.7697, 167.7217, 84.3209, 122.4557, 226.8602, 280.3624, 128.5234, 274.0450, 136.0487, 245.9681, 106.4222, 189.7136, 81.1020, 238.1473, 146.1725, 37.8444, 75.9067, 190.8597, 352.2821, 123.2822, 136.7984, 166.3677, 231.6514, 158.1813, 285.5646, 151.1527, 160.7856, 0.0000, 65.1215, 247.5492, 106.0249, 281.0123, 176.5896, 148.4084, 58.4823, 180.7593, 230.3387, 222.6900, 246.6172, 318.7888, 119.0446, 285.7721, 65.4774, 259.8908, 340.3908, 188.0559, 297.5314, 207.8936, 148.3217, 65.5344, 205.9067, 75.4453, 128.6027, 103.9434, 262.3356, 45.8684, 234.3070, 161.2580, 133.6370, 291.3605, 95.5266, 83.7919, 108.7815, 202.6034, 104.9578, 61.4053, 164.3599, 203.8332, 171.1711, 301.4712, 364.8500}
{155.0645, 113.8501, 60.3541, 160.4662, 261.2142, 338.9712, 139.3733, 274.3318, 164.9061, 259.9142, 86.4014, 213.2812, 72.8991, 254.5912, 204.4424, 27.4941, 137.8633, 255.2179, 413.7904, 136.7715, 175.1614, 180.6719, 285.4317, 146.8608, 327.7544, 171.0446, 117.1242, 65.1215, 0.0000, 298.1554, 157.3532, 339.8622, 192.4362, 171.7756, 119.8210, 228.1845, 294.2365, 221.0810, 296.9448, 367.2371, 184.1650, 341.9466, 120.3849, 314.3901, 403.3031, 164.2337, 358.2002, 265.4116, 89.4926, 70.8520, 209.9907, 82.2067, 179.9366, 159.5146, 274.6184, 20.5916, 279.2731, 105.9229, 120.5742, 300.9569, 144.4713, 142.1617, 153.2724, 267.2437, 162.2310, 13.8931, 197.0787, 256.1558, 233.2089, 364.5424, 417.6119}
{209.9189, 341.5589, 331.8359, 310.5512, 385.0788, 311.9425, 353.7829, 490.3778, 150.4424, 444.4941, 255.9054, 382.0927, 326.5450, 163.6348, 108.6393, 277.7767, 177.5886, 204.3555, 156.4051, 347.1222, 317.3829, 379.0311, 25.9112, 396.9172, 402.9990, 164.0821, 407.9683, 247.5492, 298.1554, 0.0000, 142.0351, 78.4895, 384.8442, 156.4711, 191.6807, 70.8470, 128.5398, 446.4832, 2.1264, 72.0321, 180.0849, 60.0374, 182.1311, 31.6979, 304.1526, 276.6301, 106.8790, 280.4300, 387.6196, 234.3091, 424.9494, 226.6621, 278.3811, 143.9835, 461.3615, 285.9847, 356.4399, 341.2111, 242.7635, 491.4009, 154.0815, 244.9450, 290.2976, 143.8327, 144.1626, 286.6894, 122.3953, 307.2581, 231.9910, 141.2468, 412.5895}
{98.9250, 220.2668, 190.3058, 191.4881, 285.0856, 275.4269, 222.1267, 365.4683, 64.8443, 327.3299, 133.6661, 265.6990, 186.3100, 163.1545, 53.0913, 135.8850, 47.2240, 161.8455, 262.2035, 215.8324, 202.1442, 253.4619, 128.0922, 260.2404, 324.9665, 90.1183, 265.9826, 106.0249, 157.3532, 142.0351, 0.0000, 184.7102, 261.4082, 82.1121, 54.3953, 74.9142, 156.1513, 317.3533, 141.0036, 212.8689, 91.2054, 184.8562, 40.6697, 157.0381, 309.1767, 187.4085, 205.5874, 215.8320, 246.7515, 100.0130, 297.6799, 95.8776, 172.2386, 14.7581, 344.3682, 144.1605, 272.8650, 217.5512, 135.8935, 374.5405, 13.8067, 126.5226, 171.8018, 138.8241, 21.7266, 146.7453, 76.2832, 228.8881, 165.1288, 218.7625, 373.8000}
{219.4192, 400.8291, 362.3663, 314.1868, 370.2070, 266.4336, 366.6568, 491.5226, 213.8597, 439.9193, 313.5495, 379.4066, 353.2780, 241.8795, 135.4686, 315.9407, 205.3182, 176.4317, 81.5305, 359.8836, 317.5632, 384.5143, 68.1695, 414.8273, 373.5496, 232.0340, 440.0817, 281.0123, 339.8622, 78.4895, 184.7102, 0.0000, 388.0784, 223.5416, 222.5318, 131.7755, 85.1892, 453.2499, 80.5906, 99.2734, 184.0473, 27.5295, 219.4772, 46.8351, 241.0578, 346.1866, 28.3904, 252.4473, 428.2022, 284.3620, 430.3934, 279.0579, 275.4519, 180.4905, 456.0844, 324.3984, 332.8474, 399.1992, 306.2649, 485.1148, 198.4179, 254.1593, 295.0514, 114.2360, 177.6454, 330.2925, 190.9572, 284.3447, 211.9638, 65.0474, 362.5466}
{174.9268, 300.1735, 136.3592, 74.5898, 88.8140, 237.5267, 53.0860, 105.5546, 308.6283, 69.4802, 272.8878, 29.4987, 120.0682, 412.8156, 276.7308, 180.6165, 215.1407, 226.0703, 437.4106, 55.9661, 70.7508, 11.9879, 362.4034, 77.2363, 163.6955, 326.4196, 157.5657, 176.5896, 192.4362, 384.8442, 261.4082, 388.0784, 0.0000, 322.7093, 207.7400, 331.2479, 310.4577, 66.4045, 384.6466, 455.7466, 206.6872, 403.2469, 225.4531, 385.5105, 324.4767, 354.5482, 393.3791, 176.9865, 198.3893, 239.1321, 42.9603, 250.2646, 113.2916, 251.9180, 85.7462, 179.5969, 132.6602, 291.3058, 304.7666, 114.9985, 256.3755, 140.0340, 94.6552, 277.8974, 248.6551, 202.4598, 333.0325, 145.6674, 187.4988, 379.4481, 277.0724}
{177.0691, 187.2284, 222.8348, 259.3065, 358.9229, 357.2930, 276.6609, 422.3141, 17.2819, 391.3382, 105.7286, 332.0386, 225.7456, 90.1132, 121.2427, 161.5697, 123.1765, 242.8157, 305.0594, 271.1829, 271.7631, 313.1794, 156.0796, 304.8337, 404.0708, 9.1239, 288.8978, 148.4084, 171.7756, 156.4711, 82.1121, 223.5416, 322.7093, 0.0000, 121.3678, 91.8099, 221.8096, 371.0980, 154.6174, 214.0212, 173.2675, 213.6092, 101.6818, 183.1245, 386.8141, 122.7767, 249.5497, 297.7003, 255.6208, 100.9405, 354.0820, 89.6543, 247.5534, 96.8668, 408.0760, 167.8714, 351.6161, 187.9120, 86.9031, 437.6747, 77.3908, 199.1562, 241.1285, 211.7259, 103.7805, 158.1165, 34.1619, 309.2903, 247.2130, 272.6483, 455.9104}
{59.8196, 206.3593, 141.2940, 139.6604, 237.5932, 253.3731, 167.7316, 311.3230, 105.2565, 274.5141, 127.7799, 213.5307, 134.9150, 209.5533, 87.8498, 94.2378, 18.0554, 149.6948, 294.4183, 161.4400, 151.3457, 199.4915, 174.3935, 206.6304, 284.3167, 127.2016, 218.6029, 58.4823, 119.8210, 191.6807, 54.3953, 222.5318, 207.7400, 121.3678, 0.0000, 128.1354, 174.8197, 262.9732, 190.9057, 263.5043, 72.8265, 227.5784, 19.7408, 202.2292, 301.7105, 199.4422, 239.3238, 186.0728, 206.2689, 84.6243, 243.4175, 87.3974, 126.3937, 48.0015, 291.4984, 102.6611, 231.7485, 201.5845, 143.3124, 321.5630, 48.7095, 77.7888, 120.6803, 149.2152, 47.5965, 112.4396, 126.0072, 192.0202, 140.1601, 244.7252, 346.4539}
{159.5591, 272.3798, 264.9019, 258.7646, 344.3919, 301.8980, 294.9945, 436.3413, 82.4945, 394.8876, 185.9628, 332.5063, 261.2221, 130.8132, 61.9391, 208.8488, 116.9420, 186.2958, 213.2712, 288.5398, 267.7438, 324.1355, 64.9130, 334.7235, 373.9425, 100.4066, 339.8699, 180.7593, 228.1845, 70.8470, 74.9142, 131.7755, 331.2479, 91.8099, 128.1354, 0.0000, 139.7397, 389.6461, 69.4211, 139.1623, 137.5074, 123.3932, 115.5724, 93.1174, 314.6302, 214.5564, 157.7833, 255.4269, 317.5136, 163.4851, 369.2237, 155.8332, 232.7305, 80.5368, 411.9420, 216.9052, 323.8315, 271.6058, 175.3279, 442.1989, 85.5026, 192.3015, 238.5280, 138.6604, 82.8591, 216.4179, 60.1057, 276.2274, 203.7586, 182.3715, 403.5256}
{152.5227, 374.7792, 304.6416, 238.3144, 286.2073, 185.6828, 295.0356, 411.8184, 207.3598, 358.3970, 289.2660, 299.1944, 292.5496, 269.6454, 103.9816, 267.8163, 156.8076, 91.6696, 128.6509, 288.3616, 239.7412, 308.1170, 104.0982, 345.5049, 288.5251, 230.9334, 381.4433, 230.3387, 294.2365, 128.5398, 156.1513, 85.1892, 310.4577, 221.8096, 174.8197, 139.7397, 0.0000, 376.5456, 129.9419, 177.9701, 116.7083, 108.5278, 179.0364, 107.3091, 177.9279, 340.3677, 83.5717, 167.2668, 378.0406, 251.9701, 353.2921, 250.0738, 197.1748, 145.8659, 374.2080, 276.0655, 247.7487, 371.3150, 291.4252, 402.7461, 169.1745, 184.4066, 220.4300, 32.6742, 140.3330, 287.2583, 196.0894, 199.4352, 128.4094, 72.7246, 285.0410}
{237.3288, 316.4691, 160.7514, 139.0639, 134.9443, 296.6706, 95.4404, 53.2509, 358.4561, 64.9122, 306.7214, 85.4776, 150.2540, 460.7111, 337.8846, 216.7900, 272.7098, 292.4552, 503.7400, 101.5743, 136.8434, 68.7364, 424.8406, 75.6620, 204.5608, 373.6736, 147.9672, 222.6900, 221.0810, 446.4832, 317.3533, 453.2499, 66.4045, 371.0980, 262.9732, 389.6461, 376.5456, 0.0000, 446.1590, 517.9627, 270.5468, 467.6288, 279.1045, 448.8524, 385.1390, 385.0669, 459.2480, 240.8366, 198.5384, 279.3525, 23.4851, 291.1362, 179.4072, 309.3102, 70.2742, 213.4300, 186.1474, 307.3386, 340.3724, 86.9419, 310.6985, 201.9630, 158.3900, 343.9360, 306.8052, 233.3807, 385.3350, 207.9371, 253.8516, 445.8062, 322.5891}
{209.7316, 339.8441, 330.9180, 310.3958, 385.3716, 313.0930, 353.3405, 490.1892, 148.7098, 444.4787, 254.2670, 382.0578, 325.7366, 161.5123, 108.2804, 276.6813, 176.9372, 205.1822, 158.5276, 346.6873, 317.3160, 378.7755, 26.8310, 396.3117, 403.6735, 162.1962, 406.9686, 246.6172, 296.9448, 2.1264, 141.0036, 80.5906, 384.6466, 154.6174, 190.9057, 69.4211, 129.9419, 446.1590, 0.0000, 72.6666, 180.1213, 62.1430, 181.1766, 33.8110, 305.7653, 274.6624, 108.9808, 281.1516, 386.3962, 232.9047, 424.6707, 225.1950, 278.4373, 143.1479, 461.3581, 284.8759, 356.9840, 339.5306, 240.9662, 491.4133, 152.9650, 244.7084, 290.1306, 144.8661, 143.4237, 285.4325, 120.5244, 307.8212, 232.5664, 143.2674, 413.8124}
{280.9251, 401.2411, 403.1089, 381.2674, 451.6963, 363.1711, 425.6403, 561.1816, 211.7603, 514.1182, 318.1848, 451.9277, 398.2578, 193.1507, 180.4107, 347.9470, 249.6005, 264.1543, 148.0974, 418.9636, 387.5243, 450.2334, 93.3599, 468.9491, 463.9062, 220.2336, 478.7442, 318.7888, 367.2371, 72.0321, 212.8689, 99.2734, 455.7466, 214.0212, 263.5043, 139.1623, 177.9701, 517.9627, 72.6666, 0.0000, 249.8056, 71.9568, 253.3115, 73.5344, 340.1371, 326.5858, 120.5798, 341.2248, 456.4356, 301.1445, 496.2419, 292.5573, 347.6471, 215.6600, 530.8741, 356.0364, 419.7064, 401.8700, 300.6774, 560.7558, 224.3324, 316.1437, 361.0990, 201.1490, 216.0673, 355.2840, 180.4755, 370.4714, 295.5502, 160.4765, 460.8540}
{36.0852, 278.6590, 188.3481, 132.1073, 207.5828, 185.4821, 182.6144, 311.7742, 155.9867, 264.4751, 200.3959, 202.1654, 175.8665, 251.8373, 76.2366, 156.8333, 58.4908, 77.0038, 244.2890, 175.8426, 137.7379, 202.0205, 156.5377, 231.3198, 237.8398, 181.1018, 264.8171, 119.0446, 184.1650, 180.0849, 91.2054, 184.0473, 206.6872, 173.2675, 72.8265, 137.5074, 116.7083, 270.5468, 180.1213, 249.8056, 0.0000, 197.1315, 86.4628, 178.8498, 228.9678, 268.9871, 193.7105, 124.7690, 263.7829, 157.4501, 248.1278, 159.8279, 98.3292, 76.4922, 281.3106, 164.6481, 186.8794, 273.5632, 213.6510, 311.3241, 97.1901, 70.1272, 112.2644, 86.0553, 69.7205, 179.4771, 164.4909, 140.3855, 73.9502, 189.4206, 282.7781}
{231.4128, 395.5768, 368.6965, 328.8505, 390.1381, 292.2610, 378.8480, 507.6267, 205.7342, 457.4459, 308.7861, 396.2018, 360.8825, 222.7717, 139.7469, 319.2356, 211.1764, 198.0956, 96.6915, 372.0754, 333.2406, 399.0149, 58.7449, 425.6421, 396.7928, 221.6628, 446.1634, 285.7721, 341.9466, 60.0374, 184.8562, 27.5295, 403.2469, 213.6092, 227.5784, 123.3932, 108.5278, 467.6288, 62.1430, 71.9568, 197.1315, 0.0000, 222.1666, 30.4849, 268.5750, 335.1898, 52.4706, 274.8489, 431.0850, 282.7683, 445.0842, 276.4412, 291.7039, 182.8009, 473.8465, 327.6517, 354.6865, 394.5626, 298.6049, 503.2210, 198.1854, 266.6639, 309.2541, 135.0121, 180.9642, 331.5858, 179.9898, 305.7910, 232.1338, 91.4790, 389.1929}
{78.4579, 197.1403, 149.7981, 158.6340, 257.2447, 270.0207, 183.6708, 328.2395, 85.7006, 292.8167, 115.0113, 232.2328, 145.6515, 190.1821, 84.0845, 97.0728, 27.9845, 163.2826, 294.1145, 177.5613, 170.6008, 216.8404, 166.8505, 220.1213, 303.9095, 107.4624, 225.9100, 65.4774, 120.3849, 182.1311, 40.6697, 219.4772, 225.4531, 101.6818, 19.7408, 115.5724, 179.0364, 279.1045, 181.1766, 253.3115, 86.4628, 222.1666, 0.0000, 195.4155, 314.9400, 182.9115, 238.1623, 204.0415, 209.0398, 73.9246, 260.1119, 74.3582, 146.1328, 39.3657, 309.7533, 105.4852, 251.3450, 193.0720, 127.2693, 339.7266, 31.6799, 97.4969, 139.9235, 155.9418, 41.8666, 111.1129, 107.6193, 211.1389, 156.8656, 246.7641, 364.3381}
{211.5851, 365.4554, 343.5134, 310.9208, 378.4420, 292.9247, 358.2320, 490.6103, 175.3374, 442.2550, 278.8249, 380.3413, 336.5984, 195.2917, 115.0773, 292.3725, 186.5231, 190.8827, 125.3241, 351.4867, 316.3943, 380.5849, 29.1647, 403.6557, 390.6634, 191.1872, 420.6362, 259.8908, 314.3901, 31.6979, 157.0381, 46.8351, 385.5105, 183.1245, 202.2292, 93.1174, 107.3091, 448.8524, 33.8110, 73.5344, 178.8498, 30.4849, 195.4155, 0.0000, 278.4931, 304.7805, 75.2136, 267.9078, 403.7565, 253.7755, 426.6966, 247.1115, 275.7955, 156.1653, 458.9007, 300.7402, 346.1852, 364.5621, 268.1996, 488.6323, 170.0888, 246.9831, 290.9592, 128.1279, 154.9573, 303.6744, 149.5263, 296.9444, 222.0202, 110.3861, 392.2483}
{249.9778, 506.0480, 387.4942, 277.1329, 255.3110, 89.2973, 338.4747, 399.2039, 370.5136, 339.6632, 429.3620, 300.0352, 369.8781, 445.4407, 265.9606, 376.1134, 287.1596, 152.0163, 221.0351, 333.4340, 268.7661, 328.7903, 281.0226, 389.1130, 210.8157, 395.7011, 452.4195, 340.3908, 403.3031, 304.1526, 309.1767, 241.0578, 324.4767, 386.8141, 301.7105, 314.6302, 177.9279, 385.1390, 305.7653, 340.1371, 228.9678, 268.5750, 314.9400, 278.4931, 0.0000, 495.4065, 220.8756, 150.8860, 468.9732, 386.2917, 363.0409, 388.7730, 237.6426, 295.3517, 350.4322, 382.7533, 202.3414, 500.3765, 441.2314, 371.2309, 319.2421, 262.3408, 269.7317, 176.7387, 288.4253, 401.6583, 366.3835, 178.9431, 170.2499, 181.9089, 139.4166}
{258.6425, 98.9410, 224.3811, 309.9666, 414.3589, 452.7376, 301.9559, 438.2998, 134.3752, 423.0921, 82.4596, 372.7150, 236.7469, 147.2820, 236.7760, 174.1256, 210.7970, 345.0953, 427.7171, 298.5879, 324.5093, 343.0713, 278.4398, 310.1739, 473.2677, 114.1644, 262.9115, 188.0559, 164.2337, 276.6301, 187.4085, 346.1866, 354.5482, 122.7767, 199.4422, 214.5564, 340.3677, 385.0669, 274.6624, 326.5858, 268.9871, 335.1898, 182.9115, 304.7805, 495.4065, 0.0000, 372.3228, 385.0118, 214.5055, 123.2121, 374.1988, 115.4207, 314.7634, 200.5424, 438.2022, 174.9877, 421.5611, 104.9802, 56.3591, 464.9951, 176.4131, 266.7781, 296.8346, 325.9407, 207.3360, 152.7260, 155.4112, 387.4556, 339.5087, 394.8622, 545.2433}
{229.7074, 423.9596, 377.0649, 320.5204, 369.0805, 254.2139, 375.5176, 495.2725, 239.1277, 441.9651, 336.6332, 382.6808, 366.8533, 270.2307, 154.3128, 333.4437, 221.6376, 174.3814, 56.7444, 368.7787, 322.6286, 390.6415, 95.5558, 424.9507, 366.7315, 258.1884, 454.7096, 297.5314, 358.2002, 106.8790, 205.5874, 28.3904, 393.3791, 249.5497, 239.3238, 157.7833, 83.5717, 459.2480, 108.9808, 120.5798, 193.7105, 52.4706, 238.1623, 75.2136, 220.8756, 372.3228, 0.0000, 247.9943, 445.5904, 305.5989, 436.0990, 300.9821, 280.1189, 199.9237, 457.7532, 341.8908, 328.8056, 421.9658, 330.9490, 486.2179, 219.3899, 263.4853, 302.0756, 115.6803, 196.3779, 349.2747, 217.5057, 281.3040, 211.7997, 39.8991, 347.2777}
{126.4219, 375.3152, 240.8600, 126.4664, 124.7989, 73.7993, 187.5890, 263.7002, 280.4265, 205.5041, 308.9991, 155.6162, 222.4740, 376.0513, 193.9706, 239.5797, 177.4157, 77.0787, 280.5174, 182.5680, 117.8919, 179.9600, 254.5846, 238.3960, 122.8005, 305.3150, 302.3404, 207.8936, 265.4116, 280.4300, 215.8320, 252.4473, 176.9865, 297.7003, 186.0728, 255.4269, 167.2668, 240.8366, 281.1516, 341.2248, 124.7690, 274.8489, 204.0415, 267.9078, 150.8860, 385.0118, 247.9943, 0.0000, 322.2406, 264.8932, 217.8196, 270.5741, 89.0763, 201.1767, 219.3793, 244.9954, 80.8117, 368.5016, 328.6770, 245.3488, 220.8038, 124.2945, 120.7406, 140.2429, 194.4652, 266.4913, 288.9081, 35.2731, 51.8981, 223.4004, 160.3813}
{230.7618, 126.3229, 81.5428, 200.0763, 283.2612, 395.4021, 151.9318, 248.2301, 250.9566, 253.9989, 156.1457, 226.0694, 99.7800, 331.9519, 292.7613, 112.2704, 224.0306, 328.2018, 500.5663, 153.4359, 212.6765, 186.8759, 374.8437, 126.8430, 356.7450, 253.4629, 53.1299, 148.3217, 89.4926, 387.6196, 246.7515, 428.2022, 198.3893, 255.6208, 206.2689, 317.5136, 378.0406, 198.5384, 386.3962, 456.4356, 263.7829, 431.0850, 209.0398, 403.7565, 468.9732, 214.5055, 445.5904, 322.2406, 0.0000, 156.8280, 197.0434, 166.9443, 233.1651, 248.3654, 264.9704, 103.8116, 315.1997, 117.5117, 188.1791, 285.3668, 233.9472, 208.6842, 201.7113, 349.2612, 250.6825, 101.1545, 283.5373, 304.7451, 300.2592, 449.6152, 460.7865}
{139.9139, 123.2445, 124.0290, 187.9897, 292.3901, 334.9897, 188.5772, 331.9916, 94.4264, 308.5857, 44.1484, 254.1743, 129.8398, 185.4394, 152.2685, 63.2659, 100.2200, 234.2800, 362.2131, 184.1150, 202.3200, 228.3238, 224.6154, 208.9315, 350.0738, 100.4867, 187.9631, 65.5344, 70.8520, 234.3091, 100.0130, 284.3620, 239.1321, 100.9405, 84.6243, 163.4851, 251.9701, 279.3525, 232.9047, 301.1445, 157.4501, 282.7683, 73.9246, 253.7755, 386.2917, 123.2121, 305.5989, 264.8932, 156.8280, 0.0000, 264.8023, 11.9707, 191.6312, 107.0599, 324.5738, 68.3737, 298.3527, 119.3926, 68.1425, 352.9268, 86.2091, 144.0620, 173.9886, 229.7870, 111.9426, 57.2787, 126.8706, 265.0476, 222.4453, 317.7724, 424.3323}
{215.3732, 310.2553, 150.2481, 116.2770, 115.6986, 274.9136, 77.4226, 68.2992, 340.9262, 57.3974, 294.4415, 63.0100, 137.6492, 444.0047, 316.4600, 203.1726, 252.4105, 268.9788, 480.3586, 82.9967, 113.5522, 46.1161, 403.0091, 70.4051, 187.6291, 357.0491, 149.1733, 205.9067, 209.9907, 424.9494, 297.6799, 430.3934, 42.9603, 354.0820, 243.4175, 369.2237, 353.2921, 23.4851, 424.6707, 496.2419, 248.1278, 445.0842, 260.1119, 426.6966, 363.0409, 374.1988, 436.0990, 217.8196, 197.0434, 264.8023, 0.0000, 276.4209, 156.1213, 289.1364, 68.0598, 200.5487, 165.5744, 301.1694, 327.6209, 91.4426, 291.5570, 180.0988, 135.8678, 320.7038, 286.3723, 221.6392, 367.0074, 185.2531, 230.3689, 422.4043, 304.8475}
