100 8 [20, 20, 20, 20, 20, 20, 20, 20]
capacities = [100000, 30, 30, 28, 26, 39, 35, 36, 34, 41, 31, 39, 27, 28, 47, 29, 24, 24, 24, 30, 41, 44, 25, 28, 37, 47, 26, 33, 39, 36, 46, 39, 29, 24, 42, 42, 33, 29, 29, 41, 32, 49, 40, 43, 33, 36, 33, 37, 27, 44, 37, 24, 40, 31, 24, 45, 37, 50, 27, 41, 43, 47, 42, 48, 30, 43, 43, 26, 32, 48, 32, 25, 42, 27, 33, 39, 48, 38, 35, 50, 26, 24, 49, 34, 39, 26, 28, 42, 38, 48, 43, 35, 46, 49, 29, 38, 25, 43, 26, 30, 32]
initial     = [50000, 2, 1, 1, 8, 1, 2, 4, 9, 6, 6, 10, 19, 27, 38, 25, 21, 18, 21, 1, 31, 35, 1, 5, 17, 36, 1, 5, 8, 3, 19, 1, 8, 15, 38, 41, 24, 20, 16, 24, 27, 1, 12, 19, 3, 24, 1, 28, 19, 43, 9, 4, 24, 16, 22, 1, 8, 1, 1, 24, 12, 5, 1, 37, 28, 4, 2, 1, 28, 40, 16, 1, 5, 26, 2, 4, 6, 1, 1, 11, 1, 12, 7, 18, 27, 18, 24, 1, 1, 13, 29, 10, 33, 39, 3, 26, 19, 16, 15, 1, 1]
target      = [0, 13, 7, 13, 13, 9, 8, 12, 21, 20, 12, 16, 8, 17, 23, 13, 13, 11, 13, 8, 23, 18, 11, 11, 9, 23, 7, 14, 24, 17, 32, 10, 18, 8, 29, 30, 14, 14, 9, 15, 19, 8, 17, 10, 11, 12, 12, 21, 12, 33, 14, 9, 17, 7, 11, 16, 21, 8, 9, 8, 18, 26, 12, 17, 15, 11, 21, 11, 16, 32, 9, 12, 16, 15, 11, 9, 16, 19, 11, 20, 8, 7, 23, 11, 21, 8, 17, 12, 7, 7, 18, 17, 15, 26, 8, 17, 12, 8, 8, 8, 7]
weights    = [0.000000, 0.869231, 0.878571, 0.934615, 0.476923, 0.905556, 0.787500, 0.716667, 0.635714, 0.745000, 0.575000, 0.468750, 1.000000, 0.650000, 0.704348, 0.934615, 0.673077, 0.690909, 0.673077, 0.893750, 0.445652, 0.952778, 0.922727, 0.613636, 0.905556, 0.630435, 0.878571, 0.696429, 0.716667, 0.850000, 0.495313, 0.915000, 0.622222, 0.893750, 0.413793, 0.461667, 0.757143, 0.514286, 0.811111, 0.660000, 0.507895, 0.893750, 0.400000, 0.915000, 0.768182, 1.000000, 0.929167, 0.433333, 0.645833, 0.407576, 0.453571, 0.622222, 0.500000, 1.000000, 1.000000, 0.946875, 0.676190, 0.893750, 0.905556, 1.000000, 0.433333, 0.836538, 0.929167, 1.000000, 0.886667, 0.690909, 0.919048, 0.922727, 0.787500, 0.362500, 0.811111, 0.929167, 0.734375, 0.773333, 0.845455, 0.622222, 0.681250, 0.955263, 0.922727, 0.532500, 0.893750, 0.757143, 0.741304, 0.690909, 0.392857, 1.000000, 0.500000, 0.929167, 0.878571, 0.878571, 0.669444, 0.500000, 1.000000, 0.575000, 0.681250, 0.600000, 0.645833, 1.000000, 0.893750, 0.893750, 0.878571]
min_ratio  = [0.0000, 0.2652, 0.4201, 0.3878, 0.4409, 0.4500, 0.4577, 0.1317, 0.1314, 0.4528, 0.3989, 0.3951, 0.0600, 0.2046, 0.2062, 0.1256, 0.3133, 0.1838, 0.0724, 0.0580, 0.0392, 0.2923, 0.3878, 0.0517, 0.1935, 0.0891, 0.2882, 0.4330, 0.1626, 0.4785, 0.3035, 0.0998, 0.2532, 0.2225, 0.2511, 0.4426, 0.1646, 0.4994, 0.3416, 0.1558, 0.1429, 0.4460, 0.4133, 0.1600, 0.1326, 0.4178, 0.2976, 0.1994, 0.1990, 0.4778, 0.4662, 0.3936, 0.2732, 0.1758, 0.0930, 0.2538, 0.1713, 0.2827, 0.3851, 0.0664, 0.4777, 0.0850, 0.1511, 0.2841, 0.1178, 0.2554, 0.3911, 0.2295, 0.4294, 0.4365, 0.4361, 0.1358, 0.2097, 0.1128, 0.1262, 0.1578, 0.0992, 0.3585, 0.3756, 0.3584, 0.2731, 0.1585, 0.1859, 0.4265, 0.3866, 0.1416, 0.1094, 0.0898, 0.3864, 0.1844, 0.0889, 0.2367, 0.0745, 0.3344, 0.1730, 0.4258, 0.2763, 0.3769, 0.1686, 0.4055, 0.0913]
points = [(586500.000, 4512500.000), (586412.973, 4512349.963), (586192.875, 4512280.643), (586306.710, 4512679.012), (586354.179, 4512447.438), (586789.018, 4512731.162), (586708.339, 4512525.918), (586658.817, 4512602.580), (586169.122, 4512477.259), (586618.844, 4512630.911), (586605.010, 4512752.100), (586264.165, 4512663.288), (586656.422, 4512691.575), (586542.445, 4512861.974), (586175.283, 4512763.324), (586517.319, 4512579.903), (586540.648, 4512346.785), (586308.638, 4512688.997), (586428.961, 4512888.877), (586613.938, 4512852.098), (586279.387, 4512144.124), (586836.666, 4512363.899), (586276.754, 4512740.044), (586735.868, 4512462.254), (586345.994, 4512537.754), (586297.172, 4512772.402), (586647.384, 4512520.569), (586587.961, 4512725.893), (586580.103, 4512161.166), (586220.852, 4512530.178), (586503.803, 4512791.178), (586436.415, 4512688.359), (586260.106, 4512300.511), (586531.055, 4512483.066), (586094.773, 4512685.000), (586802.078, 4512691.011), (586200.526, 4512316.915), (586597.837, 4512167.919), (586587.143, 4512666.201), (586522.856, 4512924.640), (586432.874, 4512414.099), (586500.477, 4512738.231), (586205.032, 4512376.559), (586738.279, 4512480.813), (586731.071, 4512635.040), (586536.520, 4512402.861), (586662.543, 4512626.176), (586574.172, 4512691.735), (586334.643, 4512277.775), (586923.194, 4512482.556), (586785.318, 4512802.706), (586658.602, 4512575.380), (586421.084, 4512678.725), (586523.657, 4512166.164), (586551.078, 4512630.629), (586576.699, 4512093.694), (586705.224, 4512573.763), (586839.547, 4512609.873), (586853.081, 4512692.077), (586317.302, 4512819.547), (586437.020, 4512875.769), (586405.636, 4512524.310), (586202.408, 4512475.205), (586207.713, 4512416.213), (586560.790, 4512794.727), (586636.271, 4512796.729), (586641.803, 4512273.588), (586418.480, 4512592.236), (586409.924, 4512631.836), (586228.228, 4512627.179), (586135.768, 4512474.936), (586771.418, 4512520.323), (586388.345, 4512608.977), (586891.711, 4512707.474), (586802.810, 4512374.888), (586188.735, 4512280.250), (586231.067, 4512325.102), (586688.658, 4512355.776), (586548.794, 4512069.286), (586653.021, 4512279.544), (586604.053, 4512492.857), (586250.742, 4512574.509), (586335.014, 4512487.551), (586156.470, 4512331.954), (586486.765, 4512707.363), (586651.709, 4512254.685), (586342.211, 4512532.682), (586366.935, 4512265.870), (586258.835, 4512698.658), (586356.610, 4512644.591), (586378.217, 4512437.879), (586448.005, 4512719.724), (586171.944, 4512349.201), (586476.718, 4512376.452), (586287.555, 4512522.101), (586341.050, 4512916.524), (586301.174, 4512820.427), (586846.628, 4512547.714), (586264.700, 4512585.441), (586657.672, 4512113.290), (586610.181, 4512509.236)]
distances = [
{0.0000, 115.6334, 251.6109, 175.6338, 103.3364, 246.7270, 139.9630, 126.0434, 221.1054, 117.8732, 182.0644, 191.2314, 164.8825, 242.9693, 278.7116, 54.5055, 105.6771, 179.3066, 263.5419, 246.7159, 279.1399, 242.0906, 218.5402, 159.2463, 105.7105, 226.4138, 99.2083, 161.6098, 232.1156, 187.1829, 194.1353, 132.5342, 208.0011, 23.5813, 296.9730, 238.2678, 234.0038, 230.7957, 125.1075, 283.5034, 72.6787, 158.8211, 213.1702, 159.3669, 178.4250, 69.1848, 137.1791, 137.0544, 184.6644, 282.3690, 277.3183, 117.0690, 130.2482, 223.1153, 93.5065, 275.6549, 145.3850, 237.9208, 267.9635, 245.3922, 254.0066, 64.9634, 199.0822, 202.7060, 200.6209, 217.6828, 178.1020, 82.0649, 106.4467, 200.0382, 243.3956, 181.4519, 104.0145, 295.5092, 218.4254, 254.0131, 213.8686, 158.3138, 288.9792, 178.9053, 69.5320, 173.4374, 110.3034, 254.9528, 138.5233, 192.2907, 107.4253, 179.5340, 208.3007, 135.7571, 91.1415, 150.5282, 240.7035, 83.8150, 142.3947, 297.2149, 251.4008, 233.2642, 166.8880, 278.4119, 73.7116}
{115.6334, 0.0000, 153.8371, 230.5215, 75.8892, 356.9765, 229.2028, 234.9989, 183.3847, 232.2021, 297.0919, 231.2447, 279.6560, 352.0849, 317.8845, 168.3391, 85.1434, 236.4838, 359.4346, 360.5715, 163.5914, 282.6151, 275.4541, 227.9090, 132.9189, 292.0161, 193.2819, 276.4414, 168.0960, 175.6108, 300.3118, 226.1380, 107.1112, 118.6214, 308.0414, 344.9420, 143.3349, 172.9672, 240.6861, 390.0592, 44.7684, 265.3379, 139.7564, 233.7575, 284.7656, 89.5967, 248.1749, 251.9202, 71.0140, 351.4456, 390.7926, 222.2575, 219.2415, 143.0350, 208.5361, 202.7370, 245.3995, 333.0123, 371.6257, 319.4875, 350.9038, 116.3344, 163.3312, 143.7910, 312.4567, 332.9747, 160.8263, 161.5574, 187.9267, 222.0905, 202.7161, 264.5799, 173.4550, 398.3322, 260.4218, 156.5497, 122.3982, 183.8309, 207.8745, 166.7755, 159.0671, 184.6800, 105.4267, 171.4228, 243.2926, 171.3644, 130.6284, 63.9132, 254.1626, 199.9810, 63.0246, 247.6115, 160.6865, 46.0198, 141.9883, 380.7390, 322.3770, 317.7435, 185.5141, 226.9520, 168.9959}
{251.6109, 153.8371, 0.0000, 276.2096, 154.6891, 498.1534, 380.5623, 377.5626, 132.0304, 367.6577, 417.4671, 259.4863, 412.9790, 452.2264, 322.0007, 294.2562, 236.0046, 282.9639, 434.9638, 473.2179, 107.7481, 432.7681, 311.3301, 381.7060, 199.5011, 335.1318, 342.6322, 396.8434, 270.1606, 167.3992, 398.5094, 316.6096, 46.7364, 262.7550, 277.3916, 489.6843, 24.7134, 280.2386, 367.6364, 482.4105, 183.0723, 367.5780, 64.4559, 387.3173, 429.6005, 243.1540, 388.7193, 373.7997, 94.5308, 505.1443, 526.4295, 367.4361, 305.9037, 233.3539, 333.8656, 284.6213, 393.5142, 483.7705, 518.6092, 368.7212, 428.8389, 215.6547, 129.8639, 90.9197, 421.4494, 453.6002, 299.3223, 256.4613, 275.2346, 232.2230, 135.0082, 417.4836, 254.7431, 545.9164, 411.4484, 2.7727, 39.0735, 334.2956, 275.9628, 306.7644, 308.4742, 199.6731, 167.3511, 41.9428, 345.4217, 306.3784, 195.3057, 116.4566, 282.1245, 266.0554, 162.0349, 338.5481, 47.7879, 199.7175, 172.9050, 435.2780, 367.0272, 470.8003, 208.7643, 329.3378, 317.2093}
{175.6338, 230.5215, 276.2096, 0.0000, 157.5928, 323.4124, 286.5449, 240.2045, 162.8015, 210.5458, 204.7490, 30.2387, 233.2918, 198.9371, 104.0972, 155.1754, 270.8851, 6.7797, 161.9171, 235.0862, 357.0572, 411.0419, 45.3245, 320.5280, 97.7460, 62.5839, 250.4775, 190.0878, 390.3890, 114.5486, 151.1830, 86.6942, 254.2394, 198.5789, 141.3481, 330.3417, 251.5636, 392.1288, 187.1503, 218.1255, 195.6147, 135.0759, 212.7242, 316.6033, 284.4221, 239.5106, 239.8228, 178.5098, 268.1390, 431.3532, 329.5558, 244.5559, 76.2494, 371.2315, 166.0743, 429.7244, 274.7852, 358.2025, 364.3514, 93.9556, 157.3302, 122.4184, 152.6306, 187.2180, 186.1262, 233.3023, 350.6543, 94.3342, 75.6560, 62.7026, 177.4739, 327.3702, 71.7067, 390.4618, 387.9325, 277.2319, 241.2693, 333.5770, 437.3507, 352.4552, 233.8724, 79.0311, 129.0278, 252.1210, 121.5156, 364.5870, 100.3835, 278.3387, 34.4997, 40.4130, 167.6750, 98.0287, 237.5218, 231.3681, 105.3838, 159.9878, 94.3487, 370.4353, 68.3793, 443.8293, 231.8221}
{103.3364, 75.8892, 154.6891, 157.5928, 0.0000, 346.1428, 241.8336, 227.9115, 124.9628, 214.6935, 263.0887, 155.9115, 259.0185, 303.5229, 242.0170, 140.0975, 141.2670, 163.8765, 298.4858, 320.5716, 208.2663, 326.4438, 201.7838, 254.6509, 60.4573, 219.9511, 201.4582, 242.3874, 243.1215, 104.6095, 249.9283, 169.7128, 116.3086, 120.2854, 234.4994, 339.8957, 134.4053, 247.2067, 213.0512, 337.4241, 56.9771, 217.0136, 110.0881, 257.0313, 280.6675, 125.1402, 237.6137, 219.1680, 113.8563, 380.0649, 372.4369, 220.1434, 160.5128, 218.9242, 179.2922, 278.6079, 248.7213, 341.2179, 370.4360, 249.2879, 290.8453, 61.6696, 102.8605, 99.8384, 269.4009, 299.3177, 224.0551, 105.6221, 128.4265, 146.3184, 146.7571, 282.3712, 110.0749, 398.0836, 302.9724, 156.8066, 115.7063, 231.2073, 283.5283, 228.5164, 169.3119, 109.2325, 29.6377, 152.6440, 194.5251, 236.3406, 57.3865, 121.3434, 179.1361, 131.4455, 17.2456, 191.9987, 138.0180, 94.4097, 66.7116, 312.8466, 251.1575, 335.0361, 109.6486, 300.9336, 175.5700}
{246.7270, 356.9765, 498.1534, 323.4124, 346.1428, 0.0000, 147.0207, 121.9934, 446.5854, 131.6715, 123.4632, 352.8155, 92.2523, 186.0822, 409.7179, 207.3102, 305.0923, 321.4844, 262.0563, 141.8581, 518.2608, 246.8937, 341.5603, 182.7402, 322.2671, 329.0478, 169.1932, 134.0835, 404.7165, 401.7773, 194.3073, 236.7939, 454.7076, 238.6037, 463.8520, 28.1477, 479.7792, 396.5364, 141.3792, 219.3690, 317.8870, 192.4183, 455.4761, 170.2927, 74.8247, 276.1133, 109.5805, 145.6219, 427.9234, 188.3358, 47.7597, 135.4438, 247.7676, 416.1404, 172.2043, 447.9309, 118.8760, 87.5957, 50.0300, 319.9500, 253.6957, 290.4167, 426.6796, 440.7608, 157.9428, 110.8166, 320.4484, 263.8167, 261.2600, 380.2323, 467.8018, 141.0477, 279.2591, 70.2600, 237.6938, 500.5157, 460.0454, 259.0465, 469.4141, 314.4332, 201.1095, 373.7383, 343.4890, 498.6573, 202.1252, 330.5781, 325.9383, 418.8079, 354.1190, 293.9926, 336.4999, 227.4697, 483.8152, 315.0662, 362.1979, 323.2023, 330.6291, 128.1875, 362.7936, 421.1185, 190.0099}
{139.9630, 229.2028, 380.5623, 286.5449, 241.8336, 147.0207, 0.0000, 60.8439, 360.9381, 91.9726, 165.7776, 309.9539, 115.7344, 249.8479, 389.0212, 132.3343, 163.5832, 287.7926, 305.3533, 226.3767, 382.8353, 137.7893, 321.1885, 46.2414, 241.6916, 319.5916, 40.7925, 155.6070, 257.7580, 325.0033, 223.3061, 211.1651, 334.4787, 121.5928, 422.5688, 126.5658, 366.0943, 249.7770, 123.5899, 293.1690, 198.1967, 198.0833, 350.0001, 36.0922, 74.3096, 140.8937, 73.4812, 142.1980, 299.0533, 146.1251, 191.5285, 46.7629, 216.9127, 269.5927, 125.9544, 301.2176, 31.9637, 103.8460, 146.9077, 326.0045, 295.1526, 201.8046, 338.9774, 341.6698, 204.4274, 186.8242, 173.9703, 198.2320, 211.1029, 327.1151, 383.2239, 42.2180, 220.3982, 172.0307, 118.7621, 383.1686, 345.1993, 114.1844, 322.4678, 168.3386, 72.9339, 306.7795, 250.1940, 389.9748, 190.9239, 184.7216, 244.1266, 286.1092, 321.0349, 247.4731, 227.7733, 216.3682, 376.5031, 183.7732, 280.5342, 357.4440, 335.0082, 93.3308, 298.4090, 277.1513, 66.3767}
{126.0434, 234.9989, 377.5626, 240.2045, 227.9115, 121.9934, 60.8439, 0.0000, 336.9841, 32.6628, 105.9378, 266.1960, 59.3514, 189.5343, 339.7015, 95.5358, 187.8478, 240.4562, 244.7674, 169.0141, 396.7365, 198.4374, 270.6930, 106.7261, 212.9793, 266.3553, 55.2027, 94.8132, 298.9182, 295.9393, 162.7520, 158.9135, 333.4776, 116.6322, 380.0227, 112.2369, 360.0220, 292.6122, 63.8912, 233.0551, 196.1583, 139.0007, 337.9717, 96.9344, 52.8071, 156.1261, 15.9254, 81.9571, 305.9323, 193.5645, 157.8363, 18.1342, 166.4197, 304.5781, 74.2201, 343.6465, 36.4177, 120.5847, 142.5923, 269.7383, 234.5924, 176.6691, 315.9000, 325.3903, 143.8049, 130.3024, 219.6217, 160.3728, 167.0711, 287.5272, 358.9326, 92.9640, 180.3650, 170.2837, 179.6017, 379.9849, 339.9116, 165.7345, 363.0168, 215.3921, 81.7542, 272.6929, 229.0853, 380.4038, 134.2985, 231.9790, 216.1534, 297.0739, 274.2397, 203.4090, 216.9109, 160.7819, 365.9060, 193.5564, 253.2567, 297.7968, 279.1780, 130.4407, 262.9928, 326.1942, 70.1700}
{221.1054, 183.3847, 132.0304, 162.8015, 124.9628, 446.5854, 360.9381, 336.9841, 0.0000, 316.8307, 343.5346, 139.2678, 354.8976, 357.3827, 190.7539, 242.0069, 262.5136, 169.0466, 324.5137, 387.7942, 233.9395, 451.4005, 189.3149, 377.9630, 124.6209, 214.4825, 320.1457, 324.7187, 345.6523, 49.3352, 305.9093, 227.0668, 132.5269, 241.3194, 147.0966, 445.3822, 108.9268, 352.4439, 305.8253, 380.2206, 180.8058, 281.1897, 71.2739, 379.4451, 389.1195, 249.9030, 343.6021, 305.5526, 172.8080, 502.7269, 464.5729, 332.8113, 215.0691, 314.4480, 274.3981, 373.1198, 363.1453, 455.6097, 477.9337, 248.6570, 320.1244, 160.7654, 22.2324, 48.1473, 336.1150, 377.2938, 343.1289, 183.0593, 190.7638, 107.4336, 22.2902, 402.5554, 170.5001, 505.5835, 427.9352, 131.9885, 109.5219, 355.6998, 371.5387, 348.4879, 290.1401, 84.6414, 110.8069, 97.2363, 261.4871, 354.2939, 121.1635, 193.0052, 159.2561, 167.5331, 141.8468, 246.3644, 85.3929, 215.7951, 84.4249, 314.4752, 245.1318, 454.1059, 96.2370, 406.1491, 294.8108}
{117.8732, 232.2021, 367.6577, 210.5458, 214.6935, 131.6715, 91.9726, 32.6628, 316.8307, 0.0000, 81.3175, 237.4362, 47.5734, 162.2438, 308.6024, 75.7459, 196.4602, 210.3986, 213.5443, 147.4940, 395.6391, 229.7261, 239.3840, 136.8534, 192.2098, 234.2771, 75.9818, 66.5844, 314.2263, 273.6948, 131.5212, 127.5071, 325.1375, 114.6303, 351.2370, 128.5584, 348.7018, 308.9790, 31.6252, 206.0106, 190.4295, 106.5176, 323.8210, 127.8787, 74.8686, 161.6364, 29.3030, 50.3107, 302.1963, 225.7216, 159.4810, 45.5306, 135.6390, 316.2632, 45.1781, 359.2453, 69.0486, 147.8020, 161.3942, 237.1231, 203.3227, 158.9153, 296.3959, 309.2099, 115.8659, 111.1543, 238.7068, 136.0417, 139.2818, 260.4227, 338.4218, 125.6243, 154.3604, 188.9362, 210.1756, 369.9594, 329.2354, 189.2360, 377.3177, 235.3499, 92.5631, 248.2656, 211.9872, 367.0696, 101.7400, 251.7728, 195.7039, 295.6824, 244.2191, 175.0610, 205.6569, 128.3639, 352.1871, 194.3071, 232.4674, 265.6186, 246.6045, 161.6677, 238.0341, 346.0499, 81.3219}
{182.0644, 297.0919, 417.4671, 204.7490, 263.0887, 123.4632, 165.7776, 105.9378, 343.5346, 81.3175, 0.0000, 234.8174, 52.9422, 84.2921, 286.5826, 128.8267, 273.5959, 202.0105, 148.6257, 66.9301, 459.7903, 301.3780, 218.9850, 212.0115, 224.1365, 205.6715, 156.9176, 20.8432, 394.3056, 295.7678, 72.3266, 120.1616, 378.8238, 186.0095, 343.0872, 137.5458, 396.0887, 389.4836, 58.4919, 127.4005, 252.8733, 70.2997, 365.7645, 201.5027, 114.6870, 237.2614, 92.2964, 45.1908, 363.9801, 278.0050, 124.8499, 123.1116, 132.0149, 394.3713, 88.6042, 439.3433, 136.3770, 182.8614, 170.1527, 197.0058, 139.0676, 201.8125, 325.7536, 346.8367, 40.9470, 36.3255, 319.9501, 163.7750, 152.7849, 264.6341, 363.3231, 190.2185, 173.1129, 193.4354, 283.9512, 419.4854, 378.3952, 270.0368, 456.7495, 316.6590, 172.8303, 264.1924, 252.0003, 409.7213, 84.2834, 333.0687, 228.2377, 360.9244, 233.5178, 180.4453, 258.3457, 106.8726, 394.3344, 264.6344, 261.3450, 207.3220, 207.6164, 210.9795, 252.6185, 427.3178, 161.9461}
{191.2314, 231.2447, 259.4863, 30.2387, 155.9115, 352.8155, 309.9539, 266.1960, 139.2678, 237.4362, 234.8174, 0.0000, 262.1841, 227.9531, 89.2115, 177.6890, 280.1727, 34.2463, 186.2472, 264.9866, 346.2583, 430.7058, 51.8539, 341.8376, 99.8998, 75.9981, 272.6215, 219.8622, 395.4988, 93.3196, 181.0858, 116.0435, 241.8663, 214.6940, 113.8519, 359.0844, 234.7806, 398.1781, 215.3277, 245.1539, 200.6193, 165.2739, 195.1752, 338.6782, 311.8402, 251.2189, 266.7355, 207.5400, 261.2684, 455.5748, 359.6530, 269.4094, 105.1177, 373.8498, 192.5106, 433.1362, 300.0354, 385.2375, 393.0797, 110.0310, 182.6069, 132.2103, 131.9749, 168.9615, 216.2949, 263.5394, 361.7718, 113.2581, 99.4091, 33.9630, 151.9681, 351.3432, 90.3584, 419.3998, 407.3289, 260.2631, 226.5348, 349.4492, 439.1163, 364.2149, 253.4832, 59.8586, 126.3207, 232.2645, 151.2813, 375.4391, 101.4326, 273.6604, 23.8459, 62.8776, 168.4139, 128.2050, 218.2308, 238.0044, 95.4074, 176.4335, 107.6252, 395.8790, 51.8993, 450.8487, 252.5067}
{164.8825, 279.6560, 412.9790, 233.2918, 259.0185, 92.2523, 115.7344, 59.3514, 354.8976, 47.5734, 52.9422, 262.1841, 0.0000, 136.6691, 324.3064, 118.9220, 242.4726, 231.8626, 200.7398, 110.6995, 443.1497, 249.3186, 255.1663, 161.7957, 230.9656, 245.4872, 114.1630, 51.0538, 357.2476, 309.6739, 121.4971, 146.6871, 371.1831, 162.1977, 374.4588, 97.1042, 393.3967, 351.2823, 49.1865, 179.0833, 237.5497, 108.5168, 366.9623, 150.7337, 62.4276, 208.4149, 43.7900, 54.8334, 349.4587, 225.9365, 113.4590, 77.4772, 157.1260, 361.2839, 81.1362, 402.1156, 85.0134, 133.6828, 131.1063, 241.6422, 190.9793, 200.9661, 335.2910, 350.9760, 93.7748, 71.3784, 278.8288, 171.8975, 169.0895, 288.6730, 375.9512, 137.5196, 187.0092, 157.2167, 232.5894, 415.2215, 374.3025, 224.8952, 421.0186, 274.6967, 137.0023, 281.4889, 253.7972, 410.5712, 113.5934, 291.2775, 234.7347, 343.2057, 265.1005, 202.3146, 251.0072, 140.2065, 395.4965, 241.8414, 270.6247, 258.2521, 251.9298, 158.9888, 270.5637, 385.5241, 125.4075}
{242.9693, 352.0849, 452.2264, 198.9371, 303.5229, 186.0822, 249.8479, 189.5343, 357.3827, 162.2438, 84.2921, 227.9531, 136.6691, 0.0000, 253.4560, 188.7919, 343.4615, 193.8919, 77.7534, 48.1145, 509.6876, 385.6564, 194.8888, 296.0397, 252.7286, 174.0779, 238.1122, 95.6608, 467.8790, 308.0478, 53.7702, 135.6213, 418.9700, 252.7195, 320.9225, 207.2437, 428.9512, 464.1746, 133.8738, 43.7713, 307.3891, 87.1106, 394.1091, 285.6842, 196.7275, 306.1009, 176.4138, 115.4469, 413.3712, 358.3468, 166.6668, 206.1589, 146.5283, 464.0422, 154.3375, 512.6956, 220.6683, 259.7645, 236.0411, 152.7374, 70.8824, 242.8842, 343.3270, 371.6320, 46.4693, 76.1872, 397.8109, 197.9065, 177.0439, 261.5008, 374.2752, 274.1885, 197.4890, 254.6082, 368.2043, 453.8789, 413.7568, 351.2608, 528.4754, 395.2221, 249.4823, 273.0296, 285.3614, 437.1104, 109.5541, 411.3603, 256.9280, 414.2695, 218.1814, 190.6597, 303.1888, 113.8302, 421.7461, 326.6337, 283.2215, 139.1016, 163.2151, 291.5754, 261.2896, 504.9990, 239.4550}
{278.7116, 317.8845, 322.0007, 104.0972, 242.0170, 409.7179, 389.0212, 339.7015, 190.7539, 308.6024, 286.5826, 89.2115, 324.3064, 253.4560, 0.0000, 258.7420, 369.3817, 101.7795, 188.6985, 298.3652, 418.5933, 515.0913, 69.4050, 424.2112, 188.5901, 81.4844, 353.9045, 276.2483, 483.7229, 158.3712, 219.7990, 181.1197, 313.6805, 301.9331, 74.8820, 420.6347, 298.0811, 486.7391, 282.1045, 255.4560, 289.2989, 217.4403, 258.6043, 419.9349, 380.2674, 340.2126, 337.4624, 270.1751, 340.6875, 532.5835, 407.5368, 345.7164, 173.3014, 460.8993, 265.6897, 520.4866, 375.2159, 454.5053, 454.3550, 101.8286, 189.9126, 221.2991, 192.9280, 232.4148, 257.8562, 308.1310, 450.9163, 198.2320, 179.3138, 97.3848, 194.0544, 429.1728, 175.3958, 479.0678, 492.0126, 322.1738, 294.5052, 436.9840, 525.4408, 453.2723, 337.9653, 135.5562, 212.4610, 287.8528, 210.9795, 464.6124, 189.8076, 355.3964, 70.4353, 144.4940, 255.6876, 184.1234, 276.0908, 326.9607, 177.3797, 150.4794, 92.1574, 470.0787, 132.7280, 539.6467, 335.7887}
{54.5055, 168.3391, 294.2562, 155.1754, 140.0975, 207.3102, 132.3343, 95.5358, 242.0069, 75.7459, 128.8267, 177.6890, 118.9220, 188.7919, 258.7420, 0.0000, 156.1884, 156.9846, 214.2403, 192.5562, 331.0019, 257.0261, 192.6614, 165.4693, 117.6220, 194.9595, 95.3062, 108.1223, 282.2781, 200.4052, 141.1381, 90.2048, 253.1739, 65.2043, 290.2801, 203.7781, 274.4859, 279.8524, 74.0054, 229.8547, 124.0466, 106.1477, 248.4364, 161.4411, 147.1661, 118.7202, 101.6121, 83.6360, 235.3740, 278.2574, 232.3453, 94.2367, 91.9588, 275.8582, 40.6217, 326.5479, 125.3368, 215.7458, 236.0032, 208.0985, 204.3792, 83.1696, 221.2396, 233.4763, 146.1191, 164.8747, 220.4293, 66.4034, 79.5286, 195.2872, 263.8174, 173.9936, 88.1402, 263.6864, 234.3180, 296.4676, 255.4855, 188.0779, 341.0572, 219.7273, 81.9211, 177.7543, 136.2416, 291.8831, 87.3807, 234.5944, 120.9088, 232.1224, 189.6392, 115.4934, 132.5315, 104.0393, 276.8932, 138.3084, 157.9489, 253.3199, 215.5825, 220.5855, 168.4529, 324.8426, 77.7950}
{105.6771, 85.1434, 236.0046, 270.8851, 141.2670, 305.0923, 163.5832, 187.8478, 262.5136, 196.4602, 273.5959, 280.1727, 242.4726, 343.4615, 369.3817, 156.1884, 0.0000, 275.6313, 368.9858, 340.4001, 220.4329, 197.6749, 315.7303, 151.2082, 181.7929, 326.8918, 135.9634, 254.6995, 126.5101, 245.7667, 297.2788, 238.0824, 189.5557, 91.0789, 373.0920, 288.1641, 227.6213, 125.1906, 215.1883, 385.4197, 84.7126, 262.3349, 224.6228, 159.1943, 230.3157, 37.4852, 203.2163, 231.0502, 144.8383, 270.6165, 344.9491, 171.4886, 235.2114, 120.9454, 189.3570, 170.4305, 186.9094, 265.4602, 310.4413, 348.5768, 359.3592, 148.6885, 241.1995, 226.7316, 298.9302, 306.6622, 83.2403, 182.7828, 209.0649, 279.8629, 283.1184, 192.4927, 202.1453, 335.5535, 175.7754, 238.7654, 206.8935, 98.8549, 185.0787, 87.3022, 106.1595, 245.7680, 166.1336, 256.3097, 243.0548, 96.1872, 181.2734, 127.7561, 300.5429, 233.3896, 124.1544, 256.1827, 245.8080, 46.9859, 205.2559, 402.4606, 353.8267, 244.0363, 243.2230, 174.1188, 117.8045}
{179.3066, 236.4838, 282.9639, 6.7797, 163.8765, 321.4844, 287.7926, 240.4562, 169.0466, 210.3986, 202.0105, 34.2463, 231.8626, 193.8919, 101.7795, 156.9846, 275.6313, 0.0000, 155.5343, 230.7570, 363.7721, 413.3886, 40.1236, 322.4479, 103.8590, 56.1262, 252.2052, 187.8331, 395.6985, 120.9772, 146.8638, 85.1859, 261.0038, 202.0750, 142.6017, 328.9625, 258.3138, 397.3015, 186.2911, 212.3068, 201.1124, 132.0372, 219.4454, 318.2818, 283.9103, 243.8618, 239.6251, 177.0324, 274.6960, 432.2024, 326.7032, 245.2966, 75.2762, 376.8805, 166.2449, 435.2488, 275.3256, 357.8486, 362.9680, 87.2245, 151.0931, 127.4198, 159.1531, 193.9039, 182.2814, 229.9269, 355.0051, 97.5889, 77.5349, 67.6175, 183.4317, 328.3739, 75.2964, 388.9105, 390.3676, 283.9806, 248.0477, 336.9482, 443.0785, 356.6830, 236.4002, 85.5296, 135.4437, 258.7447, 119.3811, 368.9779, 106.5869, 284.7493, 33.8210, 43.5797, 173.7198, 95.1426, 244.1738, 236.5826, 112.1483, 153.2159, 87.7608, 370.8214, 74.9946, 448.8321, 234.0392}
{263.5419, 359.4346, 434.9638, 161.9171, 298.4858, 262.0563, 305.3533, 244.7674, 324.5137, 213.5443, 148.6257, 186.2472, 200.7398, 77.7534, 188.6985, 214.2403, 368.9858, 155.5343, 0.0000, 125.7324, 506.4167, 443.1334, 141.9206, 350.3651, 240.5282, 117.2551, 285.4701, 151.7970, 495.4941, 276.4651, 82.0475, 133.7716, 408.0776, 278.9715, 260.9789, 281.5573, 410.5950, 493.6488, 182.0947, 66.9836, 316.5300, 111.1733, 372.7457, 341.3665, 263.0627, 331.8508, 234.3529, 163.2337, 412.2256, 426.5439, 244.4191, 259.0716, 140.2001, 485.9272, 190.4441, 539.1945, 279.3793, 330.9414, 311.7041, 87.6214, 10.2589, 243.5419, 314.4312, 347.9221, 107.9987, 151.2450, 434.0423, 197.8843, 171.8302, 219.8784, 338.1709, 335.3997, 188.5546, 331.3578, 423.7129, 436.2138, 398.3326, 395.3282, 552.2036, 432.8150, 288.6674, 240.9141, 274.7837, 413.3410, 126.9976, 448.1159, 244.4048, 417.3913, 170.1324, 169.8501, 302.5630, 113.4814, 398.5018, 343.0974, 262.0604, 61.4369, 96.6436, 359.5297, 230.0290, 539.0708, 280.4507}
{246.7159, 360.5715, 473.2179, 235.0862, 320.5716, 141.8581, 226.3767, 169.0141, 387.7942, 147.4940, 66.9301, 264.9866, 110.6995, 48.1145, 298.3652, 192.5562, 340.4001, 230.7570, 125.7324, 0.0000, 522.0265, 357.7371, 236.8769, 272.3115, 275.3629, 217.7584, 222.1407, 85.9002, 461.1727, 338.7221, 83.9073, 161.0035, 436.8802, 252.1500, 363.5957, 165.1201, 450.8413, 456.2455, 125.2119, 77.6271, 315.9658, 107.1634, 418.1124, 261.0349, 164.4307, 303.9059, 154.0606, 110.1464, 425.7556, 321.2480, 118.9039, 186.8659, 172.8850, 461.2329, 153.4781, 506.2118, 195.2815, 220.6782, 191.8287, 198.9446, 118.9962, 258.9161, 372.0244, 397.2203, 52.1367, 39.8017, 386.1205, 216.7761, 200.1520, 297.6654, 406.0089, 244.8347, 221.1082, 208.7784, 342.1511, 475.0707, 434.2631, 334.6096, 523.6782, 382.5905, 239.5847, 304.7524, 306.0085, 461.7964, 128.4454, 399.0706, 279.5727, 424.0928, 257.8907, 220.3803, 317.7294, 141.5102, 446.3500, 330.0290, 309.4250, 186.9269, 209.5759, 255.4248, 292.9336, 493.4003, 228.5880}
{279.1399, 163.5914, 107.7481, 357.0572, 208.2663, 518.2608, 382.8353, 396.7365, 233.9395, 395.6391, 459.7903, 346.2583, 443.1497, 509.6876, 418.5933, 331.0019, 220.4329, 363.7721, 506.4167, 522.0265, 0.0000, 399.3671, 397.2837, 370.9338, 266.1505, 419.0201, 350.9562, 439.0260, 200.7993, 260.3113, 456.5774, 377.6238, 105.0478, 281.4395, 381.0100, 504.3327, 126.6244, 212.8920, 404.0234, 545.0722, 207.0369, 422.6079, 162.6925, 379.4389, 444.7309, 243.1845, 410.5190, 414.6089, 96.4152, 484.8935, 553.6532, 382.8464, 368.7072, 163.5079, 371.4853, 201.0394, 403.2791, 485.6616, 528.8890, 450.9910, 498.9555, 267.0666, 226.6086, 187.5807, 472.5688, 495.8763, 256.5640, 312.8021, 336.5863, 323.8376, 240.4287, 412.9141, 318.3012, 554.6986, 381.3563, 109.0324, 124.8785, 307.1731, 186.4056, 264.9451, 317.6459, 287.5585, 231.9356, 149.6498, 400.1357, 258.9273, 262.4027, 99.9707, 369.9431, 337.5935, 206.6228, 399.8598, 154.3452, 203.2140, 252.0439, 516.5719, 451.1025, 464.1106, 294.3744, 253.0262, 328.4521}
{242.0906, 282.6151, 432.7681, 411.0419, 326.4438, 246.8937, 137.7893, 198.4374, 451.4005, 229.7261, 301.3780, 430.7058, 249.3186, 385.6564, 515.0913, 257.0261, 197.6749, 413.3886, 443.1334, 357.7371, 399.3671, 0.0000, 449.6844, 93.8884, 347.0411, 451.1363, 163.8066, 292.7977, 217.9961, 425.2455, 361.0881, 343.4950, 386.6899, 218.6819, 538.9339, 219.2901, 425.2490, 205.9641, 261.3199, 428.3860, 271.2672, 335.4253, 421.1739, 101.8688, 193.9847, 201.7766, 209.8762, 279.9835, 339.5719, 97.9033, 294.5337, 184.3079, 347.5782, 246.8237, 260.5169, 249.9724, 165.0856, 163.9934, 219.0588, 460.6057, 432.9369, 306.6079, 429.3008, 420.7501, 341.0575, 317.9799, 143.1826, 317.6423, 335.9229, 441.9720, 473.0929, 112.9914, 340.6237, 231.9705, 23.7303, 435.5393, 404.5609, 98.8208, 274.6047, 134.7286, 177.3120, 415.0845, 344.4449, 453.9641, 326.8694, 143.1969, 348.3125, 319.9012, 445.1980, 370.7306, 309.5870, 351.2954, 443.2564, 240.1116, 380.9647, 494.8760, 469.1221, 122.7228, 408.9151, 205.3116, 179.4045}
{218.5402, 275.4541, 311.3301, 45.3245, 201.7838, 341.5603, 321.1885, 270.6930, 189.3149, 239.3840, 218.9850, 51.8539, 255.1663, 194.8888, 69.4050, 192.6614, 315.7303, 40.1236, 141.9206, 236.8769, 397.2837, 449.6844, 0.0000, 357.7417, 142.5408, 25.5079, 287.1587, 207.6859, 435.6958, 144.7886, 155.1569, 111.8789, 293.2315, 241.0223, 126.7492, 351.7378, 286.6268, 437.3765, 212.7012, 205.0929, 240.9366, 149.1533, 246.9950, 352.8965, 310.8625, 283.7607, 268.1616, 200.8774, 310.5861, 463.8892, 341.6067, 277.2255, 104.5436, 416.4924, 196.8927, 475.0369, 306.4024, 385.1004, 385.5464, 59.4976, 140.0103, 167.5330, 183.3838, 220.7390, 192.8348, 242.6387, 394.8794, 136.5175, 114.3930, 81.9030, 200.1765, 360.8441, 114.7576, 410.5458, 426.9129, 312.0950, 278.2995, 375.5447, 482.5492, 396.4486, 273.4357, 111.7103, 172.7510, 283.6312, 141.6924, 408.8817, 144.9652, 321.7815, 30.0658, 82.9672, 212.4965, 114.9680, 269.7679, 276.6339, 145.4730, 125.2187, 56.0071, 400.9692, 103.3811, 488.9524, 270.3458}
{159.2463, 227.9090, 381.7060, 320.5280, 254.6509, 182.7402, 46.2414, 106.7261, 377.9630, 136.8534, 212.0115, 341.8376, 161.7957, 296.0397, 424.2112, 165.4693, 151.2082, 322.4479, 350.3651, 272.3115, 370.9338, 93.8884, 357.7417, 0.0000, 264.7447, 358.1724, 70.6485, 201.5299, 225.9952, 346.3173, 268.3661, 250.1516, 335.0029, 137.2454, 452.4597, 158.7640, 369.8138, 216.7287, 168.2772, 339.3955, 204.5314, 241.8198, 358.4722, 12.4767, 115.2354, 138.6720, 119.7167, 187.1508, 294.4030, 125.6152, 229.3498, 91.3303, 254.6885, 242.8559, 166.6635, 267.6408, 77.0955, 120.2602, 171.9920, 366.8828, 340.1339, 224.0083, 355.7452, 353.4387, 250.5027, 232.6597, 140.5435, 228.6488, 244.9472, 355.8394, 400.1563, 45.3916, 251.4846, 193.7006, 73.3754, 384.4073, 348.7344, 77.6495, 290.1494, 133.7434, 90.2141, 331.9631, 267.7679, 395.9125, 232.9816, 149.3209, 266.6051, 278.6303, 354.9322, 280.5426, 238.9875, 257.4718, 383.4296, 181.9900, 301.5272, 401.2444, 375.4983, 93.2646, 324.6704, 238.4113, 89.4543}
{105.7105, 132.9189, 199.5011, 97.7460, 60.4573, 322.2671, 241.6916, 212.9793, 124.6209, 192.2098, 224.1365, 99.8998, 230.9656, 252.7286, 188.5901, 117.6220, 181.7929, 103.8590, 240.5282, 275.3629, 266.1505, 347.0411, 142.5408, 264.7447, 0.0000, 159.7824, 201.2527, 204.3356, 295.6162, 83.5809, 199.0279, 117.1090, 168.2074, 128.6480, 194.1291, 320.7626, 176.2965, 298.2935, 182.1494, 283.5968, 100.7499, 168.7285, 142.7570, 264.2638, 264.7840, 155.6293, 219.1110, 183.5154, 173.4846, 386.5554, 342.0233, 209.9089, 106.4816, 274.5848, 150.0888, 333.6094, 240.6864, 332.5292, 353.3664, 188.8334, 233.3711, 40.7586, 104.4125, 122.7353, 223.2812, 259.3398, 264.3960, 60.4520, 75.8315, 98.5803, 146.2741, 283.8537, 55.2420, 380.9994, 323.3199, 201.1510, 161.1477, 258.6583, 340.3199, 267.4466, 174.6235, 68.0653, 34.2597, 186.5154, 146.9447, 277.7608, 4.2186, 181.7925, 121.9961, 71.5756, 69.9630, 139.0751, 171.0695, 138.4147, 40.3332, 252.5350, 190.8028, 333.8216, 62.8324, 351.0695, 177.1475}
{226.4138, 292.0161, 335.1318, 62.5839, 219.9511, 329.0478, 319.5916, 266.3553, 214.4825, 234.2771, 205.6715, 75.9981, 245.4872, 174.0779, 81.4844, 194.9595, 326.8918, 56.1262, 117.2551, 217.7584, 419.0201, 451.1363, 25.5079, 358.1724, 159.7824, 0.0000, 287.5709, 196.3236, 449.0283, 169.3086, 138.3214, 108.4272, 315.5629, 248.0295, 146.9763, 340.9492, 310.4185, 450.0863, 205.8717, 181.4872, 255.4269, 137.4377, 270.9500, 352.5148, 303.4154, 293.5214, 262.3638, 192.3383, 330.6965, 459.9106, 326.0574, 274.4280, 103.5582, 431.4420, 193.8705, 489.3447, 302.5551, 377.4691, 374.4550, 34.1750, 115.9351, 180.5107, 207.9596, 244.8343, 176.3747, 226.6469, 404.1929, 144.7996, 120.1329, 107.1719, 225.6223, 358.0521, 124.7582, 398.7160, 428.7901, 335.9712, 301.4392, 381.1320, 497.8558, 405.2638, 276.7444, 135.5111, 191.5691, 308.2505, 133.6259, 418.3185, 162.6099, 340.8755, 55.4096, 93.9703, 229.4673, 106.5115, 294.2270, 289.8377, 166.9904, 100.4355, 32.1273, 395.7477, 126.5067, 500.8386, 272.6260}
{99.2083, 193.2819, 342.6322, 250.4775, 201.4582, 169.1932, 40.7925, 55.2027, 320.1457, 75.9818, 156.9176, 272.6215, 114.1630, 238.1122, 353.9045, 95.3062, 135.9634, 252.2052, 285.4701, 222.1407, 350.9562, 163.8066, 287.1587, 70.6485, 201.2527, 287.5709, 0.0000, 142.4996, 243.7642, 284.4267, 204.2271, 179.7047, 296.9550, 81.4834, 384.3705, 153.4497, 327.3853, 237.4095, 105.0661, 281.8831, 159.6532, 175.0661, 310.1353, 66.1397, 94.5330, 107.7986, 71.1261, 124.1102, 263.9499, 185.6117, 209.3660, 37.2978, 184.0589, 250.2546, 97.4973, 288.4589, 52.3873, 141.2668, 178.5450, 296.9040, 275.2126, 161.1847, 298.1884, 301.2571, 191.6722, 184.2556, 164.6966, 159.9069, 174.8239, 288.3340, 342.4314, 82.6895, 182.4732, 205.0787, 142.0176, 345.1972, 306.6143, 113.2556, 307.9513, 160.7274, 34.2901, 266.8619, 209.4069, 350.6008, 164.2359, 177.2801, 203.6088, 252.5633, 284.9452, 210.7460, 187.7218, 187.8706, 336.9207, 148.9172, 239.8885, 333.7469, 305.3421, 134.0562, 258.7621, 271.6059, 25.9273}
{161.6098, 276.4414, 396.8434, 190.0878, 242.3874, 134.0835, 155.6070, 94.8132, 324.7187, 66.5844, 20.8432, 219.8622, 51.0538, 95.6608, 276.2483, 108.1223, 254.6995, 187.8331, 151.7970, 85.9002, 439.0260, 292.7977, 207.6859, 201.5299, 204.3356, 196.3236, 142.4996, 0.0000, 376.5208, 277.3473, 71.0081, 104.0835, 358.0434, 166.2707, 329.9208, 144.6259, 375.5704, 372.0410, 39.7984, 139.4263, 232.1569, 58.9003, 345.5550, 191.6707, 113.0088, 218.0683, 83.0151, 24.5576, 343.1750, 276.1594, 141.1853, 110.8436, 115.6103, 375.6071, 68.1035, 421.5331, 128.0522, 184.6992, 178.1784, 190.9367, 141.8073, 181.2038, 306.5912, 326.9322, 49.3353, 57.1609, 303.6658, 143.8951, 134.2371, 248.6877, 344.7757, 183.6846, 154.2236, 202.8717, 274.3593, 398.8759, 357.7755, 255.7136, 438.5159, 300.7101, 155.7276, 246.4269, 231.6983, 389.5139, 68.5858, 317.0007, 208.4054, 340.2441, 220.1678, 163.4811, 237.5291, 93.3949, 374.1463, 244.4805, 242.0058, 207.9590, 201.3112, 209.3971, 234.9700, 411.0374, 145.1955}
{232.1156, 168.0960, 270.1606, 390.3890, 243.1215, 404.7165, 257.7580, 298.9182, 345.6523, 314.2263, 394.3056, 395.4988, 357.2476, 467.8790, 483.7229, 282.2781, 126.5101, 395.6985, 495.4941, 461.1727, 200.7993, 217.9961, 435.6958, 225.9952, 295.6162, 449.0283, 243.7642, 376.5208, 0.0000, 343.3373, 423.0768, 364.2818, 232.6806, 217.0764, 476.0707, 382.9752, 273.5259, 12.6505, 336.7224, 510.4115, 195.1081, 388.3550, 288.3458, 237.7610, 331.5603, 163.7283, 314.8406, 353.7343, 181.1673, 313.4058, 449.0413, 281.0574, 360.9579, 37.7784, 313.5724, 45.0391, 287.4337, 345.5419, 397.9855, 472.5956, 485.8574, 268.5865, 327.4646, 300.9047, 422.5701, 425.3599, 85.4931, 306.9152, 333.6606, 389.2921, 362.6358, 271.2891, 324.7601, 419.2855, 205.7776, 272.7231, 257.0789, 148.5591, 64.7122, 92.6888, 221.7024, 352.3453, 272.1078, 304.5096, 369.4096, 78.5225, 294.1023, 158.3300, 417.4582, 355.0581, 228.3544, 382.6438, 299.5929, 159.2154, 309.7374, 528.1885, 477.2263, 313.0169, 352.4442, 60.7690, 232.9112}
{187.1829, 175.6108, 167.3992, 114.5486, 104.6095, 401.7773, 325.0033, 295.9393, 49.3352, 273.6948, 295.7678, 93.3196, 309.6739, 308.0478, 158.3712, 200.4052, 245.7667, 120.9772, 276.4651, 338.7221, 260.3113, 425.2455, 144.7886, 346.3173, 83.5809, 169.3086, 284.4267, 277.3473, 343.3373, 0.0000, 256.6293, 178.2488, 155.3315, 209.1733, 133.1094, 402.0448, 142.8199, 348.5523, 260.4878, 331.1975, 161.1456, 232.3560, 102.9542, 346.5176, 347.2556, 226.9173, 301.3352, 259.0030, 184.5785, 469.3031, 417.8746, 293.3846, 166.2112, 315.6628, 230.1104, 375.4381, 324.2190, 415.8709, 435.0861, 203.3462, 271.7526, 123.2512, 38.6564, 76.4802, 287.1655, 329.0538, 328.6597, 138.0950, 143.1120, 64.8537, 67.6297, 367.1026, 123.4019, 462.5942, 401.5468, 167.9890, 136.8871, 332.8386, 377.1044, 333.0578, 256.6760, 35.6441, 81.2402, 138.9449, 213.0250, 340.9364, 80.9231, 201.3275, 115.1385, 118.3599, 121.6238, 197.2319, 124.9797, 198.9964, 44.7931, 269.7411, 200.7715, 417.3475, 47.0301, 402.5512, 259.9278}
{194.1353, 300.3118, 398.5094, 151.1830, 249.9283, 194.3073, 223.3061, 162.7520, 305.9093, 131.5212, 72.3266, 181.0858, 121.4971, 53.7702, 219.7990, 141.1381, 297.2788, 146.8638, 82.0475, 83.9073, 456.5774, 361.0881, 155.1569, 268.3661, 199.0279, 138.3214, 204.2271, 71.0081, 423.0768, 256.6293, 0.0000, 81.9564, 365.2348, 206.2101, 281.7243, 209.7632, 375.2939, 420.2087, 100.1441, 89.8770, 255.7949, 35.3675, 340.7002, 259.3204, 183.8237, 259.7954, 152.6422, 81.2154, 360.3690, 347.1388, 187.8343, 177.0518, 93.0666, 416.8861, 111.5767, 467.5223, 197.5853, 254.3802, 242.0436, 125.7642, 71.8500, 189.5672, 291.1110, 318.5159, 38.0653, 88.3895, 357.1144, 144.3111, 123.2939, 213.7882, 323.4937, 253.8417, 143.8019, 264.5577, 341.6968, 400.1751, 360.0074, 315.3455, 482.1950, 355.2996, 209.8104, 222.0962, 231.5925, 383.8555, 57.0194, 371.0056, 203.2319, 361.8969, 174.5717, 138.4895, 249.9710, 60.4394, 368.4647, 277.0730, 230.1357, 136.9512, 136.4862, 280.3203, 210.2884, 463.4208, 200.8953}
{132.5342, 226.1380, 316.6096, 86.6942, 169.7128, 236.7939, 211.1651, 158.9135, 227.0668, 127.5071, 120.1616, 116.0435, 146.6871, 135.6213, 181.1197, 90.2048, 238.0824, 85.1859, 133.7716, 161.0035, 377.6238, 343.4950, 111.8789, 250.1516, 117.1090, 108.4272, 179.7047, 104.0835, 364.2818, 178.2488, 81.9564, 0.0000, 284.0270, 150.7048, 227.7727, 243.7813, 293.3442, 363.2658, 101.5653, 167.7313, 182.8552, 54.1240, 258.8494, 244.2195, 199.6275, 201.6927, 156.3479, 91.8657, 282.0061, 352.3310, 244.7753, 166.1738, 12.0712, 352.9546, 85.5837, 407.3252, 194.8108, 273.8006, 277.7883, 118.1307, 124.9407, 111.2741, 211.0227, 236.9884, 109.1043, 151.5643, 308.5588, 65.1876, 41.6151, 144.6603, 245.7984, 249.8556, 61.8680, 303.7979, 321.4610, 318.2579, 278.1874, 278.2784, 419.4597, 308.4348, 171.6890, 145.1991, 149.9716, 302.1356, 35.8782, 322.7828, 121.3072, 285.4422, 118.5860, 60.6796, 171.4349, 22.2921, 286.7232, 209.6664, 148.7742, 164.8624, 126.0200, 289.1023, 133.4633, 410.7759, 166.3722}
{208.0011, 107.1112, 46.7364, 254.2394, 116.3086, 454.7076, 334.4787, 333.4776, 132.5269, 325.1375, 378.8238, 241.8663, 371.1831, 418.9700, 313.6805, 253.1739, 189.5557, 261.0038, 408.0776, 436.8802, 105.0478, 386.6899, 293.2315, 335.0029, 168.2074, 315.5629, 296.9550, 358.0434, 232.6806, 155.3315, 365.2348, 284.0270, 0.0000, 217.8069, 279.0192, 445.3330, 41.1979, 241.8847, 327.0627, 451.4543, 137.8421, 332.9177, 62.5969, 340.6911, 385.1223, 196.5030, 345.1335, 334.4606, 51.9517, 458.4159, 484.4458, 322.7326, 274.0312, 197.2120, 293.3654, 252.1069, 348.1995, 437.9024, 473.7293, 348.1183, 401.2312, 177.9698, 122.6504, 84.6741, 385.6657, 415.1211, 255.0974, 221.2950, 242.4152, 218.8127, 142.8036, 371.0392, 222.7069, 500.9074, 365.1846, 49.4607, 25.3680, 288.0674, 246.5821, 262.3160, 262.7178, 182.7719, 134.3216, 72.2003, 310.4855, 262.8506, 164.1738, 74.8700, 265.4322, 238.2380, 120.7752, 306.2645, 67.1418, 153.0256, 148.8557, 414.2054, 347.6899, 424.3255, 189.9778, 292.9623, 271.7178}
{23.5813, 118.6214, 262.7550, 198.5789, 120.2854, 238.6037, 121.5928, 116.6322, 241.3194, 114.6303, 186.0095, 214.6940, 162.1977, 252.7195, 301.9331, 65.2043, 91.0789, 202.0750, 278.9715, 252.1500, 281.4395, 218.6819, 241.0223, 137.2454, 128.6480, 248.0295, 81.4834, 166.2707, 217.0764, 209.1733, 206.2101, 150.7048, 217.8069, 0.0000, 320.4993, 227.7371, 246.6268, 214.7634, 127.6878, 294.4339, 79.9888, 171.3274, 228.6524, 138.1576, 167.4684, 53.5939, 129.5630, 142.0515, 189.4110, 261.4263, 272.2903, 104.9657, 149.6308, 211.3253, 99.2768, 261.3589, 130.9126, 222.3584, 255.9398, 265.7569, 269.2030, 88.0177, 219.1608, 220.1204, 208.7179, 220.5601, 157.9681, 104.5439, 127.8982, 223.5796, 263.5804, 162.1557, 126.8766, 283.1816, 194.9963, 265.2607, 226.0242, 135.0578, 276.1064, 158.1794, 49.1012, 196.5675, 130.7283, 269.2776, 152.4188, 172.1955, 130.1687, 181.4868, 231.5012, 158.4953, 106.2522, 167.2051, 255.4997, 79.7747, 164.4063, 315.5159, 272.1584, 214.7511, 190.2344, 260.5683, 55.5611}
