8 2 [20, 20]
capacities = [100000, 30, 42, 25, 33, 28, 27, 46, 47]
initial     = [50000, 21, 11, 24, 16, 3, 21, 31, 7]
target      = [0, 11, 30, 16, 23, 15, 15, 24, 15]
weights    = [0.000000, 0.922727, 0.688333, 0.575000, 0.408696, 0.830000, 0.490000, 0.397917, 0.603333]
min_ratio  = [0.0000, 0.4592, 0.1351, 0.4602, 0.2564, 0.2695, 0.1334, 0.1883, 0.1540]
points = [(586500.000, 4512500.000), (586284.600, 4512499.943), (586589.003, 4512108.758), (586618.998, 4512353.050), (586270.105, 4512804.982), (586196.585, 4512582.159), (586524.405, 4512906.988), (586483.198, 4512417.716), (586222.440, 4512684.062)]
distances = [
{0.0000, 143.6001, 267.4920, 126.0595, 254.6156, 209.5611, 271.8130, 55.9880, 222.0291}
{143.6001, 0.0000, 330.4456, 243.4928, 203.5886, 80.2941, 314.9548, 143.2985, 129.5522}
{267.4920, 330.4456, 0.0000, 164.0847, 510.5219, 409.9325, 533.8934, 217.7151, 454.7735}
{126.0595, 243.4928, 164.0847, 0.0000, 380.6242, 320.3634, 374.6378, 100.2737, 344.3685}
{254.6156, 203.5886, 510.5219, 380.6242, 0.0000, 156.4256, 182.6636, 294.6813, 86.6504}
{209.5611, 80.2941, 409.9325, 320.3634, 156.4256, 0.0000, 307.6648, 220.2912, 70.0876}
{271.8130, 314.9548, 533.8934, 374.6378, 182.6636, 307.6648, 0.0000, 327.3365, 250.2255}
{55.9880, 143.2985, 217.7151, 100.2737, 294.6813, 220.2912, 327.3365, 0.0000, 248.4929}
{222.0291, 129.5522, 454.7735, 344.3685, 86.6504, 70.0876, 250.2255, 248.4929, 0.0000}
]
